3 0.391552 0.352333 0.050917 0.089074
4 0.490638 0.268880 0.061807 0.086574
3 0.476794 0.343880 0.049297 0.086870
4 0.410750 0.274648 0.057802 0.101815
0 0.181016 0.362102 0.046375 0.090667
0 0.239424 0.391981 0.053161 0.090926
0 0.261794 0.338574 0.058161 0.071981
0 0.450185 0.551736 0.052693 0.074880
1 0.237685 0.651444 0.053495 0.088315
1 0.203937 0.425324 0.041792 0.086130
0 0.226206 0.261662 0.049286 0.058361
0 0.272143 0.267218 0.042526 0.068731
1 0.210703 0.328838 0.043490 0.082472
3 0.303977 0.230139 0.050286 0.065833
3 0.352745 0.217181 0.057990 0.071769
1 0.311940 0.545019 0.052099 0.093463
4 0.249763 0.197866 0.056411 0.079009
4 0.477992 0.627745 0.049245 0.085861
2 0.463844 0.411139 0.044510 0.090833
1 0.359151 0.326528 0.038854 0.087574
3 0.459302 0.471005 0.053979 0.085861
3 0.475378 0.902028 0.059661 0.104352
4 0.316135 0.682861 0.063458 0.087574
1 0.415177 0.619194 0.048271 0.094278
1 0.295951 0.938769 0.077630 0.116222
3 0.462326 0.984843 0.065453 0.030315
3 0.560104 0.717412 0.065198 0.107269
3 0.458427 0.685958 0.049760 0.093250
3 0.795299 0.960458 0.084318 0.079083
1 0.227669 0.939120 0.076099 0.121759
4 0.340956 0.520380 0.062828 0.101389
0 0.323367 0.433431 0.050599 0.094213
3 0.601727 0.471671 0.058828 0.110269
1 0.518555 0.639218 0.048141 0.083898
1 0.501198 0.715495 0.055250 0.094769
1 0.513115 0.423060 0.049469 0.094491
2 0.429797 0.366667 0.050979 0.086778
2 0.227716 0.494583 0.049984 0.079352
2 0.295372 0.336736 0.050161 0.078806
2 0.327682 0.284634 0.045458 0.075731
2 0.443753 0.488667 0.059745 0.095704
3 0.368997 0.573005 0.059016 0.099491
3 0.507448 0.519819 0.063312 0.103065
3 0.400234 0.429574 0.056219 0.088833
