0 0.517406 0.220910 0.062875 0.123723
0 0.428945 0.177133 0.068109 0.098832
0 0.459492 0.249851 0.064516 0.122092
0 0.491156 0.328397 0.069625 0.124402
0 0.609133 0.555000 0.059609 0.116141
0 0.612937 0.666535 0.063281 0.127364
0 0.395703 0.667188 0.081188 0.093560
0 0.388492 0.476495 0.071766 0.121196
0 0.308414 0.236291 0.064141 0.130408
2 0.471180 0.640611 0.072016 0.133397
2 0.560813 0.714837 0.068750 0.128696
2 0.504156 0.727717 0.069875 0.132283
2 0.434141 0.748125 0.071094 0.120489
2 0.348875 0.589565 0.071438 0.134837
2 0.522586 0.420082 0.059391 0.128696
2 0.375766 0.375204 0.060125 0.114103
4 0.264367 0.320598 0.060672 0.127446
4 0.223508 0.495516 0.075016 0.128804
4 0.345547 0.851630 0.064281 0.131141
4 0.412195 0.582921 0.067453 0.104701
4 0.338375 0.458370 0.053594 0.125272
4 0.432023 0.386793 0.064922 0.122935
1 0.361703 0.203356 0.063594 0.104103
1 0.544516 0.316889 0.063156 0.132147
1 0.584969 0.416644 0.070969 0.128288
1 0.561133 0.505190 0.059578 0.115435
1 0.559602 0.608682 0.065516 0.108016
1 0.281500 0.802799 0.080469 0.134239
1 0.298109 0.668329 0.074187 0.132473
1 0.292031 0.543723 0.066031 0.120543
3 0.320078 0.349035 0.066969 0.119755
3 0.281125 0.436304 0.067219 0.125815
3 0.242508 0.607622 0.073859 0.127310
3 0.237109 0.713071 0.077656 0.128696
3 0.347953 0.738315 0.079219 0.121033
3 0.403961 0.839769 0.078172 0.133723
3 0.484602 0.832092 0.084141 0.118750
3 0.516656 0.561087 0.051875 0.127337
3 0.466680 0.536685 0.068203 0.102174
3 0.468094 0.449457 0.072344 0.100978
3 0.403344 0.290380 0.074031 0.083370
