0 0.542555 0.241005 0.062859 0.123696
0 0.454773 0.197228 0.068109 0.098859
0 0.485992 0.269946 0.064516 0.122120
0 0.519297 0.349755 0.069625 0.124402
0 0.634953 0.576277 0.058219 0.116141
0 0.641820 0.687813 0.065297 0.127364
0 0.423227 0.687296 0.081203 0.093560
0 0.419758 0.491875 0.071766 0.121196
0 0.335602 0.251060 0.064141 0.130380
2 0.492930 0.652432 0.072016 0.133397
2 0.585281 0.737894 0.068750 0.118071
2 0.531516 0.742500 0.069875 0.132283
2 0.468508 0.765217 0.064203 0.120598
2 0.382859 0.601386 0.071438 0.134837
2 0.552820 0.441359 0.059391 0.128696
2 0.401820 0.388587 0.060141 0.114130
4 0.286117 0.333601 0.060672 0.127473
4 0.250688 0.506141 0.075000 0.128804
4 0.379250 0.869837 0.064281 0.131141
4 0.436664 0.591590 0.067453 0.104701
4 0.366016 0.476875 0.053594 0.125272
4 0.458531 0.392717 0.064906 0.122935
1 0.392969 0.222269 0.063594 0.104103
1 0.571703 0.336970 0.063156 0.132147
1 0.612156 0.432011 0.070969 0.128315
1 0.587500 0.526223 0.059594 0.115435
1 0.589961 0.626413 0.065516 0.107989
1 0.302031 0.825027 0.080469 0.134239
1 0.325297 0.687840 0.074188 0.132473
1 0.326016 0.569728 0.066031 0.120543
3 0.349937 0.369932 0.066969 0.119755
3 0.303281 0.450027 0.067219 0.125815
3 0.269688 0.615883 0.073875 0.127310
3 0.265961 0.728424 0.075672 0.128696
3 0.376078 0.753207 0.079219 0.121033
3 0.433867 0.860639 0.078172 0.133723
3 0.511469 0.850951 0.078750 0.110380
3 0.543844 0.587092 0.051875 0.127337
3 0.495562 0.556793 0.068219 0.102174
3 0.493922 0.467188 0.072344 0.100951
3 0.426789 0.306046 0.074016 0.083397
