3 0.342562 0.192685 0.050917 0.089074
4 0.442927 0.097269 0.061812 0.086574
3 0.423591 0.189204 0.049297 0.086870
4 0.368021 0.117074 0.057802 0.101815
0 0.113687 0.170185 0.046375 0.090667
0 0.187896 0.245556 0.053156 0.090926
0 0.217706 0.080593 0.058620 0.071981
0 0.391581 0.394736 0.052693 0.074880
1 0.169492 0.485806 0.055745 0.100481
1 0.133307 0.231074 0.041792 0.086130
0 0.159159 0.077218 0.049286 0.058361
0 0.196805 0.135301 0.042526 0.068731
1 0.149224 0.133486 0.043490 0.082472
3 0.243409 0.035394 0.050286 0.065843
3 0.298427 0.037042 0.057990 0.065176
1 0.254742 0.361954 0.052099 0.093463
4 0.193370 0.038431 0.056417 0.071843
4 0.421021 0.458250 0.049240 0.085852
2 0.397940 0.215051 0.044495 0.084787
1 0.300359 0.146556 0.038854 0.087574
3 0.397193 0.311306 0.053979 0.085852
3 0.475378 0.902028 0.059661 0.104352
4 0.257794 0.483954 0.065714 0.095667
1 0.356229 0.461111 0.048271 0.094278
1 0.237870 0.779162 0.077625 0.114398
3 0.389820 0.856352 0.065453 0.097389
3 0.501721 0.566704 0.065203 0.107259
3 0.393940 0.516097 0.049755 0.093250
3 0.716086 0.859495 0.091130 0.103231
1 0.227669 0.939120 0.076099 0.121759
4 0.340956 0.520380 0.062828 0.101389
0 0.256893 0.261218 0.052828 0.092176
3 0.544456 0.324870 0.058828 0.110259
1 0.467997 0.499139 0.048141 0.083907
1 0.441198 0.557106 0.055250 0.094769
1 0.449943 0.262528 0.046448 0.094481
2 0.687812 0.209569 0.050979 0.086787
2 0.169266 0.292458 0.049990 0.079361
2 0.243091 0.164005 0.050172 0.078806
2 0.274370 0.118931 0.045458 0.075731
2 0.443753 0.488667 0.059745 0.095704
3 0.303721 0.394329 0.059016 0.099491
3 0.451927 0.373495 0.063313 0.103065
3 0.353526 0.284407 0.056219 0.088833
