0 0.563773 0.093587 0.063609 0.109511
0 0.459086 0.053315 0.068109 0.100435
0 0.498266 0.125299 0.061719 0.124565
0 0.538633 0.223125 0.070859 0.127826
0 0.689789 0.480910 0.059609 0.116114
0 0.699703 0.618859 0.063281 0.127337
0 0.420844 0.619253 0.080625 0.101712
0 0.417484 0.388261 0.071750 0.121196
0 0.316203 0.111005 0.061375 0.120924
2 0.516109 0.587024 0.070781 0.132255
2 0.633047 0.685625 0.068750 0.128696
2 0.558453 0.692242 0.068469 0.118125
2 0.481039 0.713845 0.071078 0.120462
2 0.362484 0.528682 0.071438 0.134864
2 0.576609 0.334239 0.058719 0.128696
2 0.393547 0.274076 0.056719 0.112935
4 0.258219 0.207514 0.064812 0.127473
4 0.210367 0.406834 0.075016 0.131114
4 0.361750 0.848533 0.062250 0.145870
4 0.437656 0.508410 0.069437 0.095136
4 0.350609 0.363424 0.053594 0.125272
4 0.463375 0.273152 0.073062 0.108696
1 0.387031 0.093247 0.063594 0.104103
1 0.608742 0.226427 0.063141 0.133234
1 0.654633 0.341005 0.070953 0.128315
1 0.624680 0.432880 0.059578 0.115435
1 0.626969 0.565421 0.068969 0.118886
1 0.275547 0.792867 0.080469 0.134266
1 0.299641 0.623546 0.074187 0.132473
1 0.301211 0.476495 0.066047 0.120543
3 0.329992 0.240883 0.066953 0.119755
3 0.280398 0.340109 0.067203 0.125815
3 0.228227 0.538655 0.073859 0.127310
3 0.217609 0.674457 0.077656 0.128696
3 0.357672 0.703234 0.079219 0.121033
3 0.437633 0.840000 0.076078 0.136522
3 0.535336 0.822255 0.082734 0.118750
3 0.577141 0.491345 0.051875 0.127310
3 0.509828 0.461644 0.072969 0.096277
3 0.508875 0.356073 0.072344 0.100951
3 0.425438 0.169226 0.074031 0.083397
