0 0.530500 0.096834 0.066000 0.110897
0 0.437906 0.058465 0.068125 0.096223
0 0.469648 0.130679 0.062797 0.128152
0 0.505703 0.215353 0.070844 0.127826
0 0.640648 0.446848 0.060703 0.119239
0 0.647609 0.571467 0.063281 0.130978
0 0.407266 0.572663 0.080625 0.095815
0 0.402625 0.367038 0.067750 0.121196
0 0.308266 0.123981 0.061375 0.130679
2 0.485789 0.544348 0.071734 0.115652
2 0.586906 0.618370 0.068750 0.110761
2 0.522719 0.628696 0.054688 0.106576
2 0.455609 0.652446 0.063906 0.112500
2 0.355859 0.491766 0.059844 0.130978
2 0.542680 0.307106 0.055922 0.119810
2 0.382266 0.269769 0.051750 0.107418
4 0.257617 0.209144 0.066484 0.127473
4 0.220734 0.390258 0.074219 0.128016
4 0.355219 0.767269 0.057656 0.127038
4 0.421625 0.477446 0.069437 0.101087
4 0.341766 0.349620 0.053594 0.125815
4 0.442102 0.266236 0.067234 0.120408
1 0.369969 0.095068 0.063594 0.104103
1 0.569086 0.198071 0.055672 0.105978
1 0.615062 0.297106 0.065313 0.106440
1 0.585219 0.400571 0.048438 0.101467
1 0.588359 0.507989 0.065625 0.104837
1 0.275500 0.720326 0.061687 0.099022
1 0.303344 0.575625 0.072812 0.111141
1 0.299937 0.452323 0.056406 0.118288
3 0.324805 0.241250 0.066953 0.125163
3 0.281320 0.328560 0.065141 0.128804
3 0.239328 0.507269 0.072531 0.114103
3 0.234500 0.625435 0.077656 0.122609
3 0.352187 0.647853 0.079219 0.119022
3 0.422594 0.758152 0.074063 0.130978
3 0.503500 0.743723 0.076719 0.104891
3 0.536875 0.458601 0.051875 0.132310
3 0.480813 0.434620 0.072969 0.098641
3 0.480844 0.338940 0.072344 0.091576
3 0.408281 0.174008 0.074594 0.091603
