0 0.531680 0.229185 0.062859 0.123696
0 0.442539 0.185408 0.068109 0.098859
0 0.475125 0.255761 0.064500 0.122120
0 0.505703 0.339511 0.069625 0.124402
0 0.624773 0.564457 0.059609 0.116141
0 0.628578 0.673628 0.063281 0.127364
0 0.410656 0.674280 0.081188 0.093560
0 0.407523 0.483587 0.071766 0.121196
0 0.322008 0.242201 0.064141 0.130380
2 0.483758 0.648302 0.072016 0.133397
2 0.577125 0.724158 0.068750 0.120707
2 0.521156 0.735992 0.069875 0.132255
2 0.456922 0.747486 0.066281 0.121766
2 0.367234 0.596644 0.071438 0.134864
2 0.536180 0.423641 0.059391 0.128696
2 0.387094 0.387405 0.060125 0.114103
4 0.275922 0.325326 0.060656 0.127446
4 0.238461 0.501427 0.075016 0.128777
4 0.362531 0.853995 0.064281 0.131141
4 0.425789 0.587052 0.067453 0.104701
4 0.355367 0.467826 0.053609 0.125272
4 0.445164 0.387582 0.064922 0.122935
1 0.378703 0.205720 0.063594 0.104103
1 0.559469 0.320421 0.063156 0.132147
1 0.601281 0.420190 0.070969 0.128315
1 0.573367 0.511114 0.059578 0.115435
1 0.577953 0.615190 0.065531 0.107989
1 0.284219 0.803981 0.080469 0.134266
1 0.312383 0.671889 0.074172 0.132473
1 0.302227 0.550815 0.066047 0.120543
3 0.340195 0.360856 0.066953 0.119755
3 0.297844 0.440571 0.067219 0.125815
3 0.256781 0.613533 0.073875 0.127337
3 0.254094 0.724891 0.077656 0.128696
3 0.360859 0.750136 0.079219 0.121033
3 0.420273 0.849226 0.078172 0.133723
3 0.498906 0.845625 0.078750 0.110380
3 0.532969 0.578818 0.051875 0.127310
3 0.481633 0.540217 0.068203 0.102174
3 0.484422 0.460095 0.072344 0.100951
3 0.418984 0.298655 0.074031 0.083397
