0 0.541680 0.088492 0.062859 0.137962
0 0.444500 0.046128 0.068125 0.091712
0 0.476906 0.111508 0.061719 0.124538
0 0.513320 0.208193 0.066828 0.117201
0 0.645609 0.458709 0.059625 0.116114
0 0.651312 0.585285 0.063281 0.127364
0 0.407523 0.582092 0.080641 0.101739
0 0.405477 0.367935 0.071766 0.121196
0 0.311102 0.093451 0.061359 0.130380
2 0.495078 0.550611 0.070031 0.132255
2 0.594109 0.643818 0.068750 0.128668
2 0.529609 0.652867 0.069875 0.132255
2 0.459969 0.673655 0.071094 0.120462
2 0.360891 0.490652 0.071438 0.134837
2 0.550211 0.314891 0.059391 0.128696
2 0.389562 0.252065 0.056719 0.112935
4 0.261031 0.186359 0.064813 0.127446
4 0.220016 0.378478 0.075000 0.128804
4 0.357344 0.779674 0.062250 0.131141
4 0.422203 0.481943 0.067438 0.104701
4 0.344617 0.347283 0.053609 0.125272
4 0.447133 0.263043 0.073047 0.108696
1 0.381469 0.081780 0.063594 0.104103
1 0.580625 0.202242 0.063156 0.132147
1 0.623664 0.313424 0.070953 0.128315
1 0.596164 0.413533 0.059578 0.115435
1 0.597047 0.530693 0.068969 0.118886
1 0.276750 0.734416 0.080469 0.134266
1 0.305586 0.595041 0.074172 0.132473
1 0.303695 0.456250 0.066047 0.120543
3 0.324562 0.222228 0.066969 0.119783
3 0.280625 0.313315 0.067219 0.125815
3 0.241039 0.502242 0.073859 0.127310
3 0.234281 0.623750 0.077656 0.128696
3 0.352891 0.651168 0.079219 0.121033
3 0.419734 0.766481 0.076094 0.133723
3 0.504977 0.755245 0.082734 0.118750
3 0.544812 0.462976 0.051875 0.127310
3 0.486719 0.434457 0.072969 0.096304
3 0.487141 0.339198 0.072344 0.100951
3 0.411734 0.157595 0.074031 0.083397
