0 0.511422 0.157228 0.063625 0.109511
0 0.406977 0.116535 0.068109 0.095462
0 0.442453 0.189375 0.061719 0.124565
0 0.482250 0.287690 0.070844 0.127826
0 0.630750 0.536060 0.059625 0.116141
0 0.640109 0.673030 0.063281 0.127364
0 0.365125 0.667133 0.078594 0.095788
0 0.364187 0.443886 0.067750 0.121196
0 0.267094 0.180163 0.061375 0.120924
2 0.461562 0.633193 0.070781 0.132255
2 0.573375 0.731386 0.068750 0.128696
2 0.503500 0.730652 0.059625 0.118098
2 0.425180 0.764416 0.071078 0.120462
2 0.312859 0.582459 0.071438 0.134864
2 0.520547 0.383451 0.058719 0.128696
2 0.344750 0.322038 0.056719 0.112935
4 0.211125 0.271128 0.064813 0.127473
4 0.160391 0.465761 0.075000 0.131141
4 0.305563 0.899755 0.062250 0.145870
4 0.383422 0.562541 0.069438 0.095136
4 0.297422 0.428261 0.053594 0.125272
4 0.408672 0.332446 0.068281 0.108696
1 0.339141 0.157568 0.063594 0.104103
1 0.547578 0.259701 0.055656 0.105978
1 0.601562 0.380380 0.067094 0.111359
1 0.570945 0.475734 0.054203 0.100000
1 0.568578 0.602310 0.068969 0.118859
1 0.219813 0.853641 0.080469 0.134239
1 0.248836 0.681277 0.074172 0.121739
1 0.245789 0.530734 0.059172 0.120543
3 0.277930 0.305557 0.066953 0.119755
3 0.229867 0.399212 0.065141 0.125815
3 0.177594 0.596372 0.073875 0.127310
3 0.166750 0.724891 0.077656 0.128696
3 0.303422 0.756630 0.079219 0.121033
3 0.380906 0.889647 0.074094 0.136522
3 0.475070 0.866957 0.082734 0.118750
3 0.519875 0.545435 0.051875 0.127337
3 0.453766 0.510652 0.072969 0.088098
3 0.453156 0.412215 0.072344 0.100951
3 0.373437 0.231753 0.074031 0.083397
