0 0.531891 0.226168 0.063625 0.109511
0 0.442883 0.187106 0.068109 0.094103
0 0.478141 0.260000 0.061719 0.124565
0 0.509609 0.340992 0.062062 0.106603
0 0.631570 0.562079 0.059609 0.116114
0 0.639437 0.682486 0.063281 0.127364
0 0.413375 0.687378 0.080625 0.101712
0 0.409664 0.486957 0.071766 0.121196
0 0.323172 0.248424 0.061375 0.120924
2 0.492313 0.652242 0.070781 0.132255
2 0.585187 0.737731 0.068750 0.128668
2 0.526578 0.735109 0.069875 0.132283
2 0.457703 0.761128 0.071094 0.120462
2 0.365766 0.605707 0.071438 0.134837
2 0.542203 0.431318 0.058719 0.128668
2 0.387766 0.380326 0.056719 0.112935
4 0.274922 0.332188 0.064812 0.127473
4 0.240078 0.502976 0.075000 0.131114
4 0.362320 0.867853 0.062234 0.145870
4 0.427383 0.590543 0.069422 0.095109
4 0.354008 0.472582 0.053609 0.125272
4 0.446945 0.385054 0.073047 0.108696
1 0.379109 0.222704 0.063594 0.104103
1 0.568312 0.332609 0.063156 0.132120
1 0.605523 0.414579 0.070953 0.128288
1 0.581180 0.508342 0.059578 0.115435
1 0.584258 0.617582 0.068953 0.118859
1 0.287562 0.819090 0.080469 0.134266
1 0.313063 0.677785 0.074187 0.132473
1 0.309367 0.553777 0.066047 0.120543
3 0.335437 0.357323 0.066969 0.119755
3 0.293766 0.443533 0.067219 0.125815
3 0.255977 0.613329 0.073859 0.127310
3 0.247063 0.732582 0.077656 0.128696
3 0.360344 0.754117 0.079219 0.121005
3 0.424039 0.864823 0.076078 0.136549
3 0.503961 0.848043 0.082734 0.118750
3 0.540094 0.575272 0.051875 0.127337
3 0.485703 0.541427 0.072969 0.096277
3 0.486109 0.455367 0.072344 0.100951
3 0.415578 0.298071 0.074031 0.083370
