0 0.474586 0.213193 0.062859 0.137962
0 0.385789 0.171223 0.068109 0.098859
0 0.418711 0.243356 0.064516 0.122092
0 0.452359 0.327106 0.069625 0.124375
0 0.573117 0.553804 0.059609 0.116141
0 0.582016 0.665353 0.063281 0.127337
0 0.354586 0.677242 0.081203 0.093560
0 0.350773 0.481223 0.071766 0.121196
0 0.262867 0.229212 0.064141 0.130380
2 0.435867 0.644334 0.070016 0.132255
2 0.527172 0.723111 0.068750 0.128668
2 0.469500 0.734823 0.069875 0.132255
2 0.402875 0.755217 0.071094 0.120489
2 0.310414 0.596182 0.071422 0.134864
2 0.490289 0.418315 0.059391 0.128696
2 0.334750 0.376168 0.056719 0.112935
4 0.214711 0.321780 0.064828 0.127473
4 0.177625 0.502011 0.075000 0.128804
4 0.308156 0.864620 0.064281 0.131141
4 0.369719 0.582323 0.067437 0.104701
4 0.292844 0.463098 0.053594 0.125272
4 0.390563 0.378533 0.064906 0.122935
1 0.324656 0.201590 0.063594 0.104103
1 0.519203 0.315095 0.063156 0.132147
1 0.558797 0.418424 0.070969 0.128315
1 0.544141 0.506386 0.059594 0.115435
1 0.527609 0.609198 0.067656 0.105788
1 0.241406 0.822310 0.080469 0.134239
1 0.260555 0.684878 0.074172 0.132473
1 0.260086 0.561467 0.066047 0.120543
3 0.276648 0.349633 0.066953 0.119755
3 0.236680 0.436440 0.067203 0.125815
3 0.197984 0.614117 0.073875 0.127310
3 0.192578 0.729620 0.077656 0.128696
3 0.304109 0.751019 0.079219 0.121005
3 0.368281 0.854538 0.078156 0.133696
3 0.445180 0.838587 0.084141 0.118750
3 0.481656 0.568179 0.051875 0.127337
3 0.428953 0.539062 0.072969 0.096277
3 0.428000 0.448872 0.072344 0.100951
3 0.358828 0.282690 0.074031 0.083370
