0 0.483422 0.214973 0.062875 0.137989
0 0.393945 0.172405 0.068109 0.098832
0 0.428227 0.245720 0.064516 0.122092
0 0.461187 0.328872 0.069625 0.124375
0 0.582289 0.556766 0.059609 0.116141
0 0.589828 0.667133 0.063281 0.127364
0 0.362063 0.677840 0.081187 0.093560
0 0.358586 0.481821 0.071766 0.121196
0 0.271367 0.228016 0.064141 0.130380
2 0.441984 0.643546 0.070031 0.132255
2 0.540078 0.725476 0.068750 0.128668
2 0.482070 0.738954 0.069859 0.132255
2 0.412391 0.755802 0.071094 0.120462
2 0.317109 0.598125 0.071438 0.134837
2 0.499477 0.421264 0.059391 0.128668
2 0.344609 0.374402 0.056719 0.112935
4 0.222531 0.321196 0.064812 0.127446
4 0.185109 0.503505 0.075000 0.128804
4 0.314953 0.865217 0.064281 0.131141
4 0.378719 0.583818 0.067437 0.104701
4 0.302359 0.465462 0.053594 0.125272
4 0.400422 0.379117 0.064906 0.122908
1 0.333500 0.202758 0.063594 0.104103
1 0.531094 0.316291 0.063156 0.132147
1 0.565367 0.419606 0.070953 0.128288
1 0.545500 0.506386 0.059594 0.115435
1 0.536445 0.615109 0.067641 0.105815
1 0.251250 0.822310 0.080469 0.134239
1 0.270930 0.686644 0.074172 0.132473
1 0.268586 0.563234 0.066047 0.120543
3 0.284461 0.351997 0.066953 0.119755
3 0.245172 0.438804 0.067219 0.125815
3 0.205125 0.614715 0.073875 0.127310
3 0.198703 0.730204 0.077656 0.128723
3 0.311578 0.750421 0.079219 0.121005
3 0.377117 0.855136 0.078172 0.133696
3 0.455039 0.840951 0.084141 0.118750
3 0.491172 0.570543 0.051875 0.127337
3 0.439156 0.541427 0.072969 0.096277
3 0.437516 0.450639 0.072344 0.100951
3 0.367328 0.283288 0.074031 0.083370
