0 0.455633 0.214579 0.062859 0.137962
0 0.367625 0.167418 0.068125 0.098859
0 0.399453 0.240136 0.064500 0.122120
0 0.434281 0.322867 0.069625 0.124375
0 0.551898 0.554592 0.059609 0.116141
0 0.562344 0.661413 0.063281 0.127337
0 0.334055 0.674117 0.081203 0.093560
0 0.333563 0.473940 0.071750 0.121196
0 0.243648 0.234946 0.064141 0.130380
2 0.417750 0.644715 0.070031 0.132255
2 0.510172 0.716603 0.068750 0.128696
2 0.453617 0.731046 0.069859 0.132255
2 0.385383 0.750489 0.071078 0.120489
2 0.293375 0.595870 0.071438 0.134837
2 0.470930 0.415245 0.059391 0.128696
2 0.321672 0.370109 0.056719 0.112935
4 0.197922 0.318736 0.064812 0.127473
4 0.162156 0.494348 0.075000 0.128804
4 0.286328 0.855163 0.064281 0.131141
4 0.356984 0.577731 0.067438 0.104701
4 0.276031 0.458913 0.053594 0.125272
4 0.371078 0.373533 0.064906 0.122935
1 0.306953 0.202962 0.063594 0.104076
1 0.501141 0.312677 0.063156 0.132147
1 0.539859 0.414062 0.070969 0.128288
1 0.524398 0.506386 0.059578 0.115435
1 0.513773 0.614592 0.065516 0.107989
1 0.228484 0.812785 0.080469 0.134266
1 0.237922 0.679497 0.074187 0.132473
1 0.231086 0.549647 0.066047 0.120543
3 0.260836 0.347758 0.066953 0.119755
3 0.222797 0.432636 0.067219 0.125815
3 0.178539 0.610380 0.073859 0.127337
3 0.172828 0.724103 0.077656 0.128696
3 0.282406 0.746250 0.079219 0.121033
3 0.345742 0.845285 0.078172 0.133723
3 0.426305 0.833913 0.084141 0.118750
3 0.465453 0.563845 0.051875 0.127310
3 0.409547 0.533207 0.072969 0.096304
3 0.408062 0.443152 0.072344 0.100978
3 0.336234 0.281807 0.074031 0.083397
