3 0.430034 0.240324 0.053047 0.089074
4 0.542891 0.145481 0.061813 0.086574
3 0.524352 0.219463 0.049297 0.086870
4 0.464549 0.148500 0.057797 0.101815
0 0.210344 0.230736 0.046375 0.090657
0 0.268813 0.265569 0.053156 0.085917
0 0.296128 0.188861 0.055286 0.083796
0 0.474781 0.405181 0.061646 0.081009
1 0.260854 0.491505 0.048010 0.086880
1 0.219404 0.294769 0.041797 0.086130
0 0.258331 0.134829 0.049286 0.058361
0 0.303648 0.118134 0.042526 0.068731
1 0.248789 0.195690 0.043495 0.082472
3 0.337018 0.087546 0.051224 0.069185
3 0.393505 0.060727 0.057990 0.071769
1 0.345099 0.390912 0.045448 0.095139
4 0.285216 0.054884 0.056411 0.075676
4 0.501419 0.460097 0.049245 0.085861
2 0.515698 0.316907 0.044510 0.093667
1 0.391570 0.198032 0.045453 0.099324
3 0.487120 0.338551 0.053979 0.085861
3 0.448604 0.775764 0.059656 0.101602
4 0.347620 0.519917 0.071969 0.112796
1 0.444271 0.459259 0.047198 0.094278
1 0.290344 0.711514 0.073865 0.121213
3 0.595352 0.582699 0.065203 0.107269
3 0.489182 0.537977 0.055979 0.099491
3 0.847357 0.909153 0.084318 0.127824
1 0.227669 0.939120 0.076099 0.121759
4 0.340956 0.520380 0.062828 0.101389
0 0.354380 0.264278 0.047094 0.089463
3 0.643057 0.346106 0.058833 0.110269
1 0.570138 0.512273 0.048141 0.083898
1 0.525805 0.580069 0.055245 0.094769
1 0.559026 0.330856 0.052208 0.098231
2 0.469945 0.250708 0.054307 0.086787
2 0.262771 0.340491 0.059969 0.096259
2 0.335820 0.205551 0.051964 0.082028
2 0.379414 0.169019 0.047297 0.078926
2 0.443753 0.488667 0.059745 0.095704
3 0.401721 0.406208 0.059016 0.099491
3 0.539281 0.410468 0.063313 0.103065
3 0.437612 0.289833 0.056224 0.088833
