0 0.520969 0.219103 0.063625 0.109511
0 0.436422 0.184620 0.068125 0.094076
0 0.463578 0.251630 0.061719 0.124565
0 0.495258 0.322364 0.066078 0.103152
0 0.614883 0.518832 0.059609 0.116141
0 0.623812 0.629198 0.063281 0.127364
0 0.406047 0.629470 0.080625 0.101712
0 0.400523 0.450408 0.071766 0.121196
0 0.322445 0.235448 0.061359 0.120951
2 0.483641 0.601780 0.070781 0.132255
2 0.572953 0.677853 0.068750 0.128696
2 0.517023 0.681535 0.069859 0.132255
2 0.452125 0.699538 0.071094 0.120489
2 0.358312 0.556943 0.071438 0.134864
2 0.528891 0.401957 0.058719 0.128696
2 0.385406 0.352147 0.056719 0.112935
4 0.273844 0.313845 0.064812 0.127473
4 0.237641 0.464946 0.075000 0.131141
4 0.357680 0.815897 0.062234 0.145870
4 0.418984 0.548383 0.069437 0.095136
4 0.349812 0.429728 0.053594 0.125272
4 0.440633 0.361821 0.073047 0.108696
1 0.381406 0.200937 0.063594 0.104103
1 0.553250 0.299361 0.063156 0.133234
1 0.592555 0.391386 0.070953 0.128315
1 0.574336 0.465571 0.059578 0.115435
1 0.568688 0.574198 0.068969 0.118886
1 0.289062 0.766277 0.080469 0.134239
1 0.312305 0.629524 0.074172 0.132473
1 0.315680 0.523641 0.066047 0.120543
3 0.335070 0.335557 0.066953 0.119755
3 0.293703 0.412500 0.067219 0.125815
3 0.257406 0.567812 0.073875 0.127310
3 0.249750 0.678451 0.077656 0.128696
3 0.356656 0.690761 0.079219 0.121033
3 0.417492 0.801603 0.076078 0.136522
3 0.498664 0.784918 0.082734 0.118750
3 0.527531 0.527595 0.051875 0.127310
3 0.477063 0.504783 0.072969 0.096304
3 0.473484 0.419552 0.072344 0.100951
3 0.410797 0.284823 0.074031 0.083397
