3 0.356177 0.340060 0.044781 0.079787
4 0.547813 0.252056 0.061813 0.086574
3 0.420500 0.301778 0.049302 0.086870
4 0.464029 0.272708 0.048318 0.101824
0 0.195880 0.336185 0.046375 0.072185
0 0.250839 0.369944 0.053156 0.085907
0 0.273417 0.288292 0.040594 0.083787
0 0.352323 0.264931 0.058958 0.066602
1 0.291836 0.408486 0.042526 0.073454
1 0.201760 0.392486 0.041792 0.072639
0 0.247318 0.228051 0.058958 0.058361
0 0.300435 0.240046 0.042526 0.068722
1 0.232437 0.292338 0.043490 0.082472
3 0.336456 0.191639 0.051224 0.069185
3 0.388312 0.186917 0.057990 0.071759
1 0.306656 0.350644 0.034792 0.068731
4 0.286276 0.160787 0.047354 0.068333
3 0.435500 0.967704 0.069740 0.064593
3 0.534625 0.659505 0.071521 0.115120
3 0.813318 0.932426 0.084073 0.085870
1 0.284576 0.953667 0.076099 0.092667
4 0.332651 0.676454 0.062823 0.101389
0 0.240036 0.445657 0.044865 0.087500
3 0.265242 0.568653 0.053151 0.103787
1 0.374146 0.527269 0.048135 0.083907
1 0.421440 0.559093 0.052859 0.073241
1 0.463341 0.487764 0.051755 0.100565
2 0.448625 0.378532 0.056396 0.088083
2 0.240552 0.648310 0.053354 0.096250
2 0.212643 0.499912 0.047755 0.077269
2 0.308810 0.458208 0.042339 0.089083
2 0.340823 0.490463 0.048885 0.080704
3 0.305867 0.530454 0.050516 0.094593
3 0.359831 0.609833 0.047932 0.091741
3 0.393719 0.399491 0.056219 0.088833
