0 0.558563 0.118003 0.063625 0.109538
0 0.451383 0.071236 0.068109 0.095462
0 0.490797 0.154062 0.061719 0.124538
0 0.530250 0.245584 0.070844 0.127799
0 0.682539 0.514796 0.059609 0.116114
0 0.693813 0.654715 0.063281 0.127364
0 0.414391 0.651182 0.080625 0.101712
0 0.412273 0.418587 0.071766 0.121196
0 0.307703 0.137011 0.061375 0.120924
2 0.509984 0.613981 0.070781 0.132255
2 0.630133 0.716019 0.068734 0.128668
2 0.553797 0.713519 0.068469 0.118125
2 0.471523 0.746943 0.071078 0.120462
2 0.357047 0.558818 0.071438 0.134864
2 0.569141 0.351522 0.058719 0.128696
2 0.388109 0.295217 0.056719 0.112935
4 0.250063 0.229579 0.064812 0.127473
4 0.197680 0.439932 0.075016 0.131114
4 0.351102 0.886766 0.062234 0.145870
4 0.432219 0.542677 0.069437 0.095136
4 0.343812 0.392201 0.053594 0.125272
4 0.457148 0.299348 0.073047 0.108696
1 0.375969 0.113519 0.063594 0.104103
1 0.601164 0.246209 0.063141 0.133234
1 0.649758 0.362283 0.070953 0.128315
1 0.620945 0.459076 0.059578 0.115435
1 0.625805 0.586698 0.068953 0.118886
1 0.258391 0.835910 0.080469 0.134266
1 0.287914 0.658872 0.074172 0.132473
1 0.293102 0.501060 0.066047 0.120543
3 0.320477 0.267486 0.066953 0.119755
3 0.272016 0.370245 0.067219 0.125815
3 0.221797 0.568139 0.073875 0.127310
3 0.209922 0.705978 0.077656 0.128696
3 0.347938 0.733573 0.079219 0.121005
3 0.429477 0.873098 0.076078 0.136522
3 0.524687 0.852201 0.082750 0.118750
3 0.568312 0.523261 0.051875 0.127337
3 0.501000 0.490014 0.072969 0.096277
3 0.500047 0.380897 0.072344 0.100978
3 0.419656 0.195231 0.074031 0.083397
