0 0.526281 0.122133 0.066406 0.123723
0 0.428094 0.080557 0.069094 0.103125
0 0.462828 0.154701 0.064781 0.128152
0 0.499258 0.245095 0.071109 0.127799
0 0.634555 0.487500 0.060703 0.119239
0 0.642609 0.615380 0.063281 0.130978
0 0.395953 0.619620 0.080625 0.094837
0 0.392805 0.407337 0.068703 0.121196
0 0.296758 0.147255 0.061359 0.130652
2 0.480930 0.583125 0.069891 0.112011
2 0.585422 0.663777 0.066500 0.107609
2 0.520031 0.673342 0.054969 0.101576
2 0.445937 0.694579 0.064469 0.112255
2 0.344438 0.533315 0.059844 0.130978
2 0.534922 0.340231 0.056500 0.121766
2 0.371422 0.300516 0.052156 0.114402
4 0.245977 0.240883 0.066484 0.127473
4 0.207344 0.428872 0.074219 0.128016
4 0.344187 0.820489 0.057656 0.128804
4 0.410820 0.520625 0.069422 0.101087
4 0.331547 0.384185 0.053594 0.125815
4 0.433367 0.298465 0.067234 0.120408
1 0.359594 0.118302 0.063594 0.104103
1 0.562563 0.225136 0.055656 0.105978
1 0.608695 0.336834 0.067984 0.106440
1 0.580438 0.432364 0.048438 0.101467
1 0.583703 0.548111 0.065625 0.104864
1 0.264094 0.762962 0.059688 0.088587
1 0.288500 0.621875 0.072812 0.111141
1 0.291375 0.481861 0.056406 0.116114
3 0.313000 0.272500 0.067375 0.125435
3 0.268727 0.365924 0.065141 0.128804
3 0.227922 0.550788 0.074531 0.124891
3 0.223219 0.675353 0.077656 0.126087
3 0.339656 0.696005 0.079219 0.119022
3 0.412078 0.809864 0.074063 0.130978
3 0.494812 0.794457 0.076719 0.104891
3 0.532672 0.500910 0.051875 0.132310
3 0.473047 0.470788 0.072969 0.098641
3 0.472594 0.374158 0.072344 0.091576
3 0.399266 0.201753 0.074594 0.091603
