3 0.428047 0.228542 0.054375 0.089083
4 0.541409 0.131806 0.061807 0.086574
3 0.525534 0.204731 0.049297 0.086870
4 0.463068 0.137454 0.057802 0.101815
0 0.209667 0.225204 0.046375 0.090667
0 0.266781 0.260278 0.053156 0.085907
0 0.295013 0.184898 0.055286 0.083796
0 0.412669 0.337606 0.065005 0.083306
1 0.277164 0.426417 0.043745 0.079944
1 0.219404 0.287093 0.041797 0.086130
0 0.257659 0.128333 0.049286 0.058352
0 0.303648 0.116653 0.042526 0.068731
1 0.247674 0.187773 0.043495 0.082472
3 0.337461 0.082806 0.051224 0.069185
3 0.393677 0.058324 0.057990 0.071759
1 0.355359 0.369588 0.045448 0.095139
4 0.285216 0.051731 0.056411 0.075685
4 0.482482 0.426431 0.049245 0.085861
2 0.513081 0.308931 0.044505 0.095454
1 0.391570 0.192421 0.045453 0.099324
3 0.476229 0.337708 0.053979 0.085861
3 0.386622 0.556903 0.059661 0.097028
4 0.344279 0.526352 0.071974 0.112796
1 0.432766 0.400333 0.044510 0.094278
1 0.274646 0.631329 0.073865 0.121213
3 0.598195 0.574278 0.065203 0.107259
3 0.489526 0.508514 0.071521 0.115120
3 0.847721 0.892319 0.084318 0.127824
1 0.227669 0.939120 0.076099 0.121759
4 0.340956 0.520380 0.062828 0.101389
0 0.327862 0.305667 0.045828 0.087500
3 0.645424 0.344421 0.058828 0.110269
1 0.568682 0.499972 0.048135 0.083907
1 0.525057 0.579630 0.055250 0.094759
1 0.557383 0.323139 0.053922 0.100574
2 0.467133 0.239662 0.056380 0.086787
2 0.267112 0.321556 0.059964 0.096259
2 0.333734 0.198477 0.053094 0.084046
2 0.376570 0.163634 0.048453 0.080917
2 0.443753 0.488667 0.059745 0.095704
3 0.389622 0.408708 0.059016 0.099491
3 0.538396 0.402579 0.063312 0.103065
3 0.437247 0.284657 0.056224 0.088833
