0 0.490312 0.239239 0.057500 0.108207
0 0.404453 0.204022 0.057656 0.089022
0 0.434953 0.270571 0.055312 0.110380
0 0.466313 0.347174 0.060250 0.110435
0 0.582602 0.562677 0.051391 0.103288
0 0.589750 0.672921 0.054562 0.117038
0 0.374609 0.678560 0.067656 0.090163
0 0.371867 0.495978 0.063078 0.108696
0 0.291828 0.263832 0.051219 0.114185
2 0.450031 0.641875 0.062219 0.106033
2 0.540078 0.716019 0.059500 0.090082
2 0.483055 0.730014 0.051578 0.102092
2 0.419063 0.748071 0.060000 0.104837
2 0.330703 0.600503 0.051219 0.100516
2 0.498359 0.433614 0.051719 0.100598
2 0.354305 0.394511 0.048266 0.096141
4 0.245000 0.344837 0.060312 0.112935
4 0.210445 0.511644 0.064266 0.115897
4 0.328977 0.857514 0.051047 0.117962
4 0.388430 0.589674 0.063891 0.093587
4 0.319008 0.474130 0.048109 0.113804
4 0.409344 0.395326 0.061125 0.100707
1 0.345641 0.239375 0.052844 0.094783
1 0.524000 0.331984 0.053094 0.104348
1 0.563234 0.429918 0.061062 0.085598
1 0.538922 0.518587 0.044813 0.085815
1 0.537766 0.619416 0.058906 0.098397
1 0.260500 0.804592 0.059031 0.090815
1 0.282844 0.684293 0.061625 0.092174
1 0.281445 0.556753 0.047547 0.103016
3 0.304336 0.370503 0.056484 0.105842
3 0.264516 0.453777 0.057906 0.105815
3 0.229563 0.616454 0.063500 0.110516
3 0.224625 0.725802 0.063844 0.111386
3 0.326094 0.743614 0.066875 0.103587
3 0.388977 0.845082 0.061578 0.116033
3 0.460484 0.831467 0.068438 0.093207
3 0.494836 0.572595 0.044578 0.113560
3 0.443672 0.546970 0.062031 0.083342
3 0.444609 0.464375 0.062344 0.081413
3 0.379750 0.312717 0.065562 0.082065
