0 0.503195 0.219878 0.063609 0.112364
0 0.412836 0.180353 0.062422 0.094728
0 0.444805 0.250054 0.059016 0.112935
0 0.477734 0.335000 0.063594 0.113859
0 0.600586 0.561236 0.054641 0.107418
0 0.609102 0.677731 0.060547 0.120897
0 0.382328 0.680489 0.071281 0.087337
0 0.379063 0.487731 0.064063 0.114429
0 0.292344 0.245978 0.054375 0.117826
2 0.460234 0.644647 0.059438 0.108315
2 0.555156 0.720435 0.063125 0.091957
2 0.492398 0.738274 0.052547 0.108397
2 0.426516 0.751522 0.056844 0.094239
2 0.335000 0.602527 0.052813 0.122880
2 0.510586 0.423995 0.053391 0.103261
2 0.358859 0.382242 0.049594 0.099647
4 0.245469 0.330258 0.059063 0.117418
4 0.208477 0.505747 0.068484 0.120571
4 0.334438 0.868043 0.049844 0.116576
4 0.396453 0.589076 0.064781 0.090870
4 0.322922 0.467296 0.049281 0.118125
4 0.417031 0.385000 0.062812 0.106250
1 0.349266 0.220054 0.058219 0.101359
1 0.537016 0.318288 0.052500 0.105978
1 0.579594 0.420068 0.060500 0.090516
1 0.551703 0.510625 0.044656 0.092880
1 0.553156 0.619837 0.053625 0.092935
1 0.261055 0.818315 0.048766 0.080870
1 0.286203 0.688166 0.061969 0.099755
1 0.277719 0.561155 0.056125 0.110734
3 0.305312 0.360557 0.060937 0.112799
3 0.265789 0.446916 0.062797 0.117582
3 0.228437 0.618111 0.067313 0.115951
3 0.223125 0.731413 0.070125 0.106304
3 0.331633 0.754321 0.070484 0.104348
3 0.396422 0.858424 0.063062 0.118750
3 0.473602 0.845747 0.071516 0.093179
3 0.508820 0.570883 0.047297 0.118288
3 0.454211 0.543777 0.065922 0.086359
3 0.454023 0.456386 0.066609 0.083533
3 0.385625 0.294606 0.067813 0.081984
