3 0.344836 0.309685 0.050922 0.089074
4 0.447552 0.227954 0.061812 0.086574
3 0.434273 0.307991 0.049297 0.086870
4 0.375977 0.250815 0.057797 0.101815
0 0.134143 0.349981 0.046370 0.090667
0 0.172786 0.355398 0.053156 0.090926
0 0.206341 0.319986 0.058620 0.071991
0 0.394138 0.536653 0.052693 0.074880
1 0.180299 0.647398 0.053495 0.088315
1 0.142573 0.411181 0.041792 0.086120
0 0.165753 0.257218 0.049286 0.058361
0 0.214190 0.251866 0.042526 0.068731
1 0.166385 0.311667 0.043490 0.082481
3 0.261706 0.175394 0.050286 0.065843
3 0.305245 0.155769 0.057990 0.071759
1 0.260802 0.538556 0.052094 0.093463
4 0.192602 0.137032 0.056411 0.079009
4 0.436174 0.597306 0.049245 0.085852
2 0.414414 0.377662 0.044505 0.090824
1 0.305284 0.306324 0.038849 0.087574
3 0.399682 0.443657 0.053979 0.085852
3 0.475378 0.902028 0.059661 0.104352
4 0.272448 0.663556 0.063458 0.087574
1 0.367214 0.607912 0.048271 0.094269
1 0.241279 0.914852 0.077630 0.114407
3 0.400807 0.979625 0.065458 0.040750
3 0.509867 0.681384 0.065203 0.107269
3 0.398482 0.676366 0.049755 0.093250
3 0.741091 0.965468 0.084318 0.069065
1 0.227669 0.939120 0.076099 0.121759
4 0.340956 0.520380 0.062828 0.101389
0 0.262573 0.419792 0.050604 0.094213
3 0.551440 0.464264 0.058828 0.110269
1 0.480591 0.615042 0.048141 0.083898
1 0.451198 0.707412 0.055250 0.094769
1 0.462440 0.396199 0.049474 0.094491
2 0.392979 0.324444 0.050979 0.086778
2 0.181505 0.475056 0.049990 0.079352
2 0.256727 0.281181 0.050172 0.078806
2 0.289047 0.228366 0.045458 0.075731
2 0.443753 0.488667 0.059745 0.095704
3 0.323419 0.547190 0.059016 0.099491
3 0.450708 0.496949 0.063312 0.103065
3 0.354076 0.411681 0.056224 0.088824
