0 0.530320 0.242188 0.062859 0.123723
0 0.445258 0.200774 0.068109 0.098832
0 0.476477 0.275856 0.064516 0.122092
0 0.507844 0.351168 0.069625 0.124402
0 0.626812 0.582174 0.059625 0.116141
0 0.634687 0.691359 0.063281 0.127337
0 0.409523 0.693601 0.081203 0.093560
0 0.409273 0.497446 0.071766 0.121196
0 0.323367 0.255190 0.064141 0.130380
2 0.491570 0.661889 0.072016 0.133397
2 0.583922 0.741440 0.068750 0.118043
2 0.523383 0.746467 0.069859 0.132283
2 0.462359 0.762853 0.066281 0.121739
2 0.371984 0.603750 0.071438 0.134837
2 0.543648 0.435462 0.059391 0.128696
2 0.395242 0.395693 0.060141 0.114103
4 0.277961 0.341875 0.060672 0.127446
4 0.235937 0.512745 0.075000 0.128804
4 0.365250 0.878804 0.064281 0.131141
4 0.429187 0.601834 0.067437 0.104701
4 0.356047 0.477283 0.053594 0.125272
4 0.448203 0.400992 0.064906 0.122908
1 0.386172 0.221087 0.063594 0.104076
1 0.571031 0.332242 0.063156 0.132147
1 0.609437 0.436739 0.070969 0.128315
1 0.582430 0.522935 0.059578 0.115435
1 0.575461 0.629959 0.065516 0.108016
1 0.291703 0.832351 0.080469 0.134266
1 0.317820 0.698274 0.074172 0.132473
1 0.316164 0.568750 0.066047 0.120543
3 0.334953 0.372514 0.066969 0.119755
3 0.296492 0.458288 0.067203 0.125815
3 0.258141 0.632432 0.073875 0.127310
3 0.253180 0.734810 0.075672 0.128696
3 0.362484 0.761726 0.079219 0.121005
3 0.423680 0.869307 0.078172 0.133723
3 0.500258 0.857446 0.078766 0.110380
3 0.536469 0.588954 0.051875 0.127310
3 0.482992 0.560326 0.068203 0.102174
3 0.482375 0.473084 0.072344 0.100951
3 0.418984 0.315204 0.074031 0.083397
