0 0.521047 0.217541 0.063625 0.109538
0 0.436914 0.182962 0.068109 0.094076
0 0.464578 0.248465 0.061719 0.124538
0 0.496805 0.319783 0.066078 0.103152
0 0.615273 0.516440 0.059609 0.116141
0 0.623812 0.626807 0.063281 0.127364
0 0.406828 0.627024 0.080625 0.101712
0 0.400852 0.448234 0.071766 0.121196
0 0.323242 0.233261 0.061359 0.120924
2 0.484016 0.599742 0.070781 0.132255
2 0.573625 0.676332 0.068750 0.128696
2 0.517547 0.678913 0.069875 0.132283
2 0.452523 0.697364 0.071078 0.120489
2 0.359281 0.554592 0.071438 0.134837
2 0.530000 0.399592 0.058719 0.128696
2 0.385672 0.349620 0.056719 0.112935
4 0.274813 0.312486 0.064813 0.127473
4 0.238063 0.464062 0.075000 0.131114
4 0.358102 0.814511 0.062234 0.145870
4 0.418852 0.547133 0.069422 0.095136
4 0.350438 0.427948 0.053594 0.125299
4 0.440961 0.360543 0.073047 0.108696
1 0.381922 0.197840 0.063594 0.104103
1 0.555016 0.295747 0.063156 0.133234
1 0.593516 0.390639 0.070969 0.128288
1 0.574539 0.463315 0.059578 0.115435
1 0.570844 0.573709 0.068969 0.118886
1 0.289312 0.764837 0.080469 0.134239
1 0.312328 0.628682 0.074187 0.132473
1 0.315578 0.521929 0.066031 0.120543
3 0.335633 0.333845 0.066953 0.119755
3 0.294148 0.409837 0.067203 0.125815
3 0.257445 0.566644 0.073859 0.127310
3 0.249953 0.676929 0.077656 0.128696
3 0.355609 0.690516 0.079219 0.121033
3 0.417648 0.800041 0.076078 0.136549
3 0.499117 0.783478 0.082734 0.118750
3 0.528297 0.524783 0.051875 0.127337
3 0.476828 0.502840 0.072969 0.096277
3 0.474516 0.418383 0.072344 0.100951
3 0.411219 0.281440 0.074031 0.083370
