0 0.527602 0.178329 0.062859 0.137962
0 0.433703 0.132758 0.068125 0.099973
0 0.467687 0.209620 0.061719 0.124565
0 0.503703 0.304103 0.066844 0.117174
0 0.630883 0.550245 0.059609 0.116141
0 0.638078 0.677174 0.063281 0.127337
0 0.397031 0.678967 0.078531 0.098207
0 0.394602 0.461141 0.071766 0.121196
0 0.300258 0.194918 0.064141 0.130380
2 0.481063 0.634090 0.070031 0.132255
2 0.581875 0.727840 0.068750 0.128668
2 0.519109 0.730082 0.069875 0.132283
2 0.449773 0.755204 0.071078 0.120462
2 0.348891 0.587187 0.071438 0.134864
2 0.539227 0.394674 0.059391 0.128696
2 0.376547 0.345435 0.056719 0.112935
4 0.249375 0.291046 0.064812 0.127473
4 0.206516 0.481332 0.075000 0.128804
4 0.346906 0.882364 0.064281 0.131141
4 0.412195 0.577024 0.067453 0.104701
4 0.331578 0.441834 0.053594 0.125299
4 0.434039 0.356060 0.073047 0.122935
1 0.366469 0.160802 0.063594 0.104103
1 0.569328 0.282609 0.063156 0.132120
1 0.612156 0.394185 0.070969 0.128315
1 0.580836 0.499293 0.059578 0.115435
1 0.581641 0.612147 0.067656 0.105815
1 0.269937 0.796889 0.080469 0.134266
1 0.290633 0.674239 0.074172 0.132500
1 0.289320 0.533098 0.066047 0.120543
3 0.315727 0.319497 0.066953 0.119755
3 0.268625 0.420462 0.067219 0.125815
3 0.228906 0.604076 0.073875 0.127337
3 0.224875 0.730788 0.077656 0.128696
3 0.341141 0.756046 0.079219 0.121005
3 0.410445 0.868125 0.076078 0.133696
3 0.492742 0.859266 0.082734 0.118750
3 0.532281 0.563451 0.051875 0.127337
3 0.475172 0.536101 0.072969 0.096277
3 0.475578 0.437636 0.072344 0.100978
3 0.400859 0.257269 0.074031 0.083397
