3 0.384547 0.347241 0.053208 0.094852
4 0.565503 0.284991 0.063786 0.104444
3 0.440823 0.306060 0.058948 0.097583
4 0.483352 0.279866 0.048318 0.101824
0 0.216130 0.322157 0.046375 0.072185
0 0.277008 0.346861 0.053161 0.085907
0 0.308542 0.295088 0.040594 0.083787
0 0.382112 0.276537 0.058953 0.064444
1 0.324544 0.366889 0.042526 0.067019
1 0.231956 0.372458 0.041797 0.064009
0 0.276102 0.229829 0.058953 0.049787
0 0.332336 0.242907 0.042526 0.068722
1 0.265951 0.284468 0.043495 0.082472
3 0.360612 0.203806 0.051224 0.069185
3 0.416427 0.207676 0.057990 0.071759
1 0.348073 0.306542 0.034792 0.068731
4 0.315664 0.175458 0.047359 0.068324
3 0.439883 0.945986 0.078505 0.108028
3 0.538729 0.640245 0.071521 0.115120
3 0.795305 0.870616 0.083599 0.114250
1 0.297367 0.886000 0.082182 0.127833
4 0.345331 0.639597 0.062828 0.101380
0 0.267411 0.423648 0.044865 0.087500
3 0.282352 0.537449 0.053151 0.103787
1 0.398604 0.519787 0.067271 0.092778
1 0.436932 0.556236 0.058885 0.086120
1 0.479115 0.477565 0.051698 0.109148
2 0.477508 0.385509 0.056401 0.088093
2 0.258266 0.608949 0.053354 0.096250
2 0.237602 0.465838 0.047755 0.077269
2 0.301768 0.430116 0.042339 0.089083
2 0.354307 0.443347 0.048885 0.080694
3 0.326299 0.508500 0.063786 0.101037
3 0.388815 0.592495 0.056391 0.100361
3 0.418984 0.396981 0.067094 0.088833
