0 0.334750 0.225679 0.080875 0.128804
0 0.315023 0.340639 0.071516 0.131766
0 0.361219 0.435774 0.077844 0.140897
0 0.419141 0.621508 0.072719 0.126060
0 0.689953 0.396549 0.065406 0.136793
0 0.621937 0.597812 0.071844 0.140190
0 0.560922 0.549633 0.066688 0.124592
0 0.514578 0.850842 0.080219 0.155598
0 0.432156 0.881739 0.080969 0.147500
3 0.452297 0.072636 0.077094 0.108859
3 0.392250 0.149932 0.077125 0.120353
3 0.449188 0.291359 0.062781 0.129130
3 0.434578 0.402106 0.068812 0.122527
3 0.567172 0.134606 0.074875 0.133234
3 0.610883 0.204511 0.075797 0.128533
3 0.674063 0.274117 0.071062 0.121821
3 0.497781 0.495503 0.076438 0.118342
3 0.489570 0.615707 0.070234 0.126793
3 0.356906 0.680693 0.071937 0.124212
3 0.363570 0.803791 0.080578 0.129538
4 0.567305 0.440598 0.069922 0.122065
4 0.635695 0.472174 0.072922 0.127989
4 0.674250 0.706332 0.078906 0.139348
4 0.349211 0.560951 0.077016 0.125272
4 0.510461 0.281902 0.075391 0.127228
4 0.527070 0.225095 0.076047 0.107527
2 0.532523 0.023003 0.077016 0.046005
2 0.524742 0.105774 0.072266 0.134212
2 0.384219 0.311359 0.076375 0.133043
2 0.460445 0.742242 0.077953 0.134375
2 0.593242 0.794457 0.077828 0.145652
2 0.264758 0.567391 0.078453 0.135652
1 0.247477 0.454361 0.079172 0.118940
1 0.280227 0.703736 0.080422 0.148342
1 0.550375 0.677092 0.068594 0.134946
1 0.466633 0.172894 0.072859 0.118071
1 0.591539 0.064715 0.072203 0.110190
1 0.628180 0.349416 0.060984 0.134321
1 0.570141 0.324810 0.064813 0.128967
1 0.505055 0.383478 0.076859 0.103641
2 0.420312 0.497269 0.076156 0.116712
