3 0.377060 0.364667 0.044776 0.079778
4 0.554336 0.276667 0.063286 0.099981
3 0.433180 0.322889 0.049297 0.086870
4 0.473591 0.288361 0.048318 0.101815
0 0.219026 0.350500 0.046375 0.072185
0 0.263422 0.388282 0.053156 0.085917
0 0.288612 0.311194 0.040589 0.083796
0 0.368021 0.289977 0.058958 0.066602
1 0.322534 0.395292 0.042526 0.073454
1 0.218646 0.407514 0.041792 0.072639
0 0.272982 0.254884 0.058953 0.055509
0 0.331445 0.252944 0.042526 0.068722
1 0.253570 0.307546 0.043495 0.082481
3 0.352560 0.216690 0.051224 0.069194
3 0.399214 0.211968 0.057990 0.071769
1 0.326904 0.321597 0.034797 0.068731
4 0.297146 0.189056 0.047354 0.068333
3 0.436104 0.964708 0.070948 0.070583
3 0.540661 0.661292 0.071521 0.115120
3 0.810831 0.923903 0.084005 0.089787
1 0.309536 0.948116 0.076333 0.099917
4 0.348151 0.688440 0.062823 0.101380
0 0.254375 0.463778 0.044865 0.087500
3 0.274299 0.569704 0.053151 0.103796
1 0.391885 0.546315 0.067271 0.092778
1 0.438195 0.574662 0.053359 0.074306
1 0.471896 0.511917 0.051750 0.100574
2 0.461961 0.396426 0.056401 0.088093
2 0.252229 0.655468 0.053354 0.096250
2 0.224268 0.506810 0.047755 0.077269
2 0.302018 0.455074 0.042339 0.089074
2 0.349250 0.493894 0.048885 0.080694
3 0.319622 0.546028 0.050516 0.094593
3 0.377945 0.624593 0.047932 0.091741
3 0.413547 0.417380 0.056219 0.088833
