3 0.355555 0.169250 0.053214 0.084074
4 0.534823 0.151861 0.063781 0.104444
3 0.415458 0.150171 0.058948 0.097583
4 0.449292 0.137060 0.043490 0.082472
0 0.183031 0.157667 0.046375 0.072185
0 0.239563 0.192037 0.053156 0.085907
0 0.268073 0.132963 0.040594 0.083796
0 0.349742 0.123505 0.058953 0.075213
1 0.285956 0.204921 0.042526 0.067009
1 0.191237 0.204926 0.040589 0.096222
0 0.240529 0.082949 0.058953 0.049787
0 0.294492 0.081505 0.042526 0.068731
1 0.228448 0.121593 0.043490 0.082481
3 0.331378 0.065949 0.051224 0.056306
3 0.385984 0.070245 0.057990 0.071769
1 0.307701 0.145218 0.034797 0.068731
4 0.281122 0.034162 0.047359 0.068324
3 0.431065 0.897213 0.082130 0.128889
3 0.500802 0.507968 0.071521 0.115120
3 0.784745 0.834384 0.083313 0.130880
1 0.248789 0.748931 0.083120 0.132306
4 0.301120 0.497009 0.067656 0.109963
0 0.224286 0.261954 0.044865 0.087500
3 0.235969 0.381986 0.053146 0.103787
1 0.357297 0.347144 0.067271 0.092787
1 0.392633 0.398458 0.066109 0.098972
1 0.442466 0.338648 0.063786 0.111333
2 0.431971 0.238843 0.062443 0.085926
2 0.211880 0.448333 0.053354 0.096259
2 0.198357 0.298556 0.056193 0.105204
2 0.262992 0.285282 0.042339 0.089083
2 0.316865 0.287449 0.048885 0.080694
3 0.286924 0.352176 0.063786 0.101037
3 0.340146 0.434009 0.060031 0.104630
3 0.377432 0.243662 0.067094 0.088824
