3 0.421224 0.329329 0.050917 0.089083
4 0.539099 0.233028 0.061813 0.086574
3 0.506042 0.325088 0.049302 0.086861
4 0.447346 0.260171 0.057797 0.101824
0 0.205766 0.343417 0.046375 0.090667
0 0.263448 0.387435 0.053156 0.090926
0 0.288221 0.304384 0.057484 0.071991
0 0.478404 0.544681 0.052693 0.074880
1 0.269240 0.636009 0.045615 0.088315
1 0.226190 0.407083 0.041797 0.086130
0 0.261331 0.238199 0.049286 0.058361
0 0.302857 0.238903 0.042526 0.068731
1 0.249245 0.308356 0.043490 0.082472
3 0.334370 0.219713 0.050292 0.065833
3 0.382583 0.196731 0.057990 0.071759
1 0.347273 0.524356 0.047339 0.093454
4 0.291057 0.179514 0.056417 0.079009
4 0.517281 0.600250 0.049240 0.085852
2 0.504312 0.384903 0.044510 0.090824
1 0.394268 0.313898 0.038849 0.087574
3 0.479482 0.457856 0.053974 0.085861
3 0.475378 0.902028 0.059661 0.104352
4 0.350271 0.651995 0.063458 0.087583
1 0.444771 0.609093 0.048271 0.094278
1 0.328779 0.917444 0.077630 0.116222
3 0.487049 0.980681 0.065453 0.038639
3 0.591906 0.704787 0.065198 0.107259
3 0.481076 0.671819 0.049755 0.093250
3 0.822753 0.955102 0.084318 0.089796
1 0.227669 0.939120 0.076099 0.121759
4 0.340956 0.520380 0.062828 0.101389
0 0.349898 0.423495 0.050599 0.094213
3 0.626221 0.463144 0.058828 0.110269
1 0.557794 0.640542 0.048141 0.083898
1 0.528104 0.700528 0.055250 0.094759
1 0.538893 0.417912 0.049474 0.094491
2 0.461979 0.335162 0.050979 0.086787
2 0.255969 0.476403 0.049990 0.079361
2 0.334737 0.301884 0.050151 0.078806
2 0.369128 0.271347 0.045453 0.075731
2 0.443753 0.488667 0.059745 0.095704
3 0.398117 0.562616 0.059016 0.099491
3 0.532706 0.509144 0.063307 0.103065
3 0.437661 0.424083 0.056219 0.088833
