0 0.516727 0.221508 0.062859 0.123723
0 0.428008 0.176386 0.068109 0.098859
0 0.459148 0.243791 0.064516 0.122092
0 0.490500 0.324891 0.069625 0.124402
0 0.605125 0.559864 0.058219 0.116141
0 0.614297 0.669728 0.063281 0.127337
0 0.393328 0.666617 0.081187 0.093560
0 0.393133 0.475516 0.071766 0.121196
0 0.307055 0.239837 0.064141 0.130380
2 0.473898 0.642378 0.072016 0.133397
2 0.562344 0.720462 0.068750 0.118043
2 0.504328 0.727867 0.069875 0.132255
2 0.443359 0.749253 0.064188 0.120571
2 0.349734 0.590149 0.071438 0.134864
2 0.521727 0.424212 0.059391 0.128696
2 0.373156 0.375000 0.060125 0.114130
4 0.259273 0.320014 0.060672 0.127473
4 0.221687 0.488424 0.075000 0.128804
4 0.347578 0.849266 0.064281 0.131141
4 0.406414 0.579389 0.067453 0.104701
4 0.336672 0.457772 0.053594 0.125272
4 0.430656 0.376168 0.064906 0.122935
1 0.363484 0.218981 0.063594 0.104103
1 0.550531 0.330326 0.063156 0.132120
1 0.592445 0.426399 0.070953 0.128288
1 0.569195 0.512283 0.059578 0.115435
1 0.565961 0.617459 0.065516 0.108016
1 0.270125 0.803696 0.080469 0.134239
1 0.298445 0.669810 0.074172 0.132500
1 0.295773 0.548451 0.066047 0.120543
3 0.319125 0.350611 0.066969 0.119755
3 0.280062 0.436033 0.067219 0.125815
3 0.240125 0.599334 0.073875 0.127310
3 0.235539 0.711291 0.075672 0.128723
3 0.347266 0.737133 0.079219 0.121005
3 0.404820 0.840054 0.078172 0.133696
3 0.482250 0.829375 0.078750 0.110380
3 0.515406 0.564633 0.051875 0.127310
3 0.465313 0.539443 0.068219 0.102201
3 0.466062 0.448465 0.072344 0.100951
3 0.400281 0.286834 0.074031 0.083397
