0 0.524203 0.223274 0.062875 0.123723
0 0.439141 0.181861 0.068125 0.098832
0 0.466969 0.255761 0.064500 0.122120
0 0.498906 0.327704 0.069625 0.124375
0 0.615234 0.556168 0.058219 0.116141
0 0.622789 0.670082 0.065297 0.127337
0 0.407266 0.670747 0.081188 0.093560
0 0.404117 0.476495 0.071766 0.121196
0 0.319961 0.236291 0.064141 0.130408
2 0.481375 0.640611 0.072000 0.133397
2 0.567609 0.718981 0.068750 0.118071
2 0.511641 0.726535 0.069875 0.132255
2 0.448461 0.749253 0.064203 0.120571
2 0.363828 0.591929 0.071438 0.134837
2 0.531414 0.423641 0.059391 0.128696
2 0.385055 0.375584 0.060141 0.114103
4 0.271164 0.319416 0.060672 0.127473
4 0.234375 0.493152 0.075000 0.128804
4 0.357781 0.848071 0.064281 0.131141
4 0.418992 0.580557 0.067453 0.104701
4 0.351969 0.460734 0.053594 0.125272
4 0.441531 0.377351 0.064906 0.122908
1 0.375297 0.212812 0.063594 0.104103
1 0.560828 0.326345 0.063156 0.132147
1 0.599242 0.417826 0.070953 0.128315
1 0.571320 0.512283 0.059578 0.115435
1 0.569117 0.615774 0.065516 0.108016
1 0.281500 0.800448 0.080469 0.134266
1 0.311023 0.668342 0.074172 0.132500
1 0.303586 0.548451 0.066047 0.120543
3 0.331359 0.350231 0.066969 0.119755
3 0.292406 0.435842 0.067219 0.125815
3 0.254055 0.598166 0.073859 0.127310
3 0.249648 0.711875 0.075672 0.128696
3 0.355422 0.738315 0.079219 0.121033
3 0.415523 0.840938 0.078172 0.133723
3 0.492094 0.827908 0.078750 0.110380
3 0.529562 0.564633 0.051875 0.127310
3 0.477547 0.536685 0.068219 0.102174
3 0.475578 0.451821 0.072344 0.100978
3 0.411500 0.291563 0.074031 0.083397
