0 0.513664 0.239823 0.062859 0.123723
0 0.422828 0.199293 0.068125 0.098859
0 0.456086 0.271726 0.064516 0.122092
0 0.489734 0.352514 0.069625 0.124375
0 0.608109 0.579226 0.058219 0.116114
0 0.614297 0.684266 0.063281 0.127337
0 0.391289 0.692024 0.081203 0.093560
0 0.387133 0.496005 0.071766 0.121196
0 0.305352 0.252255 0.064141 0.130380
2 0.475195 0.661508 0.072016 0.133397
2 0.563016 0.743804 0.068750 0.118043
2 0.502461 0.744266 0.069859 0.132283
2 0.438578 0.764620 0.066281 0.121739
2 0.352789 0.611128 0.071422 0.134864
2 0.523711 0.436821 0.059391 0.128696
2 0.374516 0.388601 0.060125 0.114103
4 0.257063 0.339511 0.060656 0.127446
4 0.220109 0.510870 0.075000 0.128804
4 0.344187 0.878234 0.064281 0.131141
4 0.408117 0.596821 0.067453 0.104728
4 0.335320 0.475217 0.053609 0.125272
4 0.427266 0.399810 0.064906 0.122935
1 0.363922 0.224035 0.063594 0.104103
1 0.548031 0.340068 0.063156 0.132147
1 0.597539 0.432011 0.070953 0.128315
1 0.579898 0.521277 0.059578 0.115435
1 0.565383 0.627011 0.065516 0.107989
1 0.273188 0.834715 0.080469 0.134266
1 0.301164 0.693166 0.074172 0.132473
1 0.300195 0.574158 0.066047 0.120543
3 0.317766 0.370014 0.066969 0.119755
3 0.275758 0.455924 0.067203 0.125815
3 0.239445 0.630068 0.073859 0.127310
3 0.233164 0.730489 0.075672 0.128696
3 0.344891 0.759008 0.079219 0.121005
3 0.405555 0.866359 0.078172 0.133696
3 0.479703 0.855380 0.078750 0.110380
3 0.519031 0.583342 0.051875 0.127337
3 0.464125 0.558560 0.068219 0.102174
3 0.465375 0.468954 0.072344 0.100951
3 0.398422 0.306345 0.074031 0.083397
