0 0.490219 0.239076 0.057313 0.108533
0 0.404312 0.203804 0.057375 0.088587
0 0.434844 0.270177 0.055000 0.110190
0 0.466164 0.346603 0.060141 0.110054
0 0.582313 0.562011 0.051625 0.103370
0 0.589547 0.672337 0.054344 0.117283
0 0.374609 0.678125 0.067656 0.091033
0 0.371750 0.495924 0.063219 0.108696
0 0.292109 0.263587 0.050781 0.114130
2 0.450000 0.640883 0.062187 0.105679
2 0.540078 0.715353 0.059844 0.089402
2 0.482961 0.729511 0.051578 0.102935
2 0.419102 0.747418 0.060547 0.104620
2 0.330680 0.599538 0.051172 0.098696
2 0.498359 0.433329 0.051719 0.099647
2 0.354375 0.394035 0.048438 0.095462
4 0.245086 0.344674 0.060484 0.113261
4 0.210469 0.511345 0.064062 0.116495
4 0.328820 0.856807 0.051172 0.118125
4 0.388367 0.589022 0.064203 0.093859
4 0.319047 0.473668 0.048375 0.114185
4 0.409297 0.394837 0.061406 0.100326
1 0.345625 0.239402 0.052812 0.094565
1 0.523859 0.331427 0.053031 0.104158
1 0.562695 0.429620 0.061172 0.085761
1 0.538625 0.518614 0.044656 0.085761
1 0.537234 0.618940 0.058625 0.098696
1 0.260367 0.802717 0.058859 0.090217
1 0.282734 0.684212 0.062031 0.092337
1 0.281875 0.555734 0.046875 0.102228
3 0.304219 0.370041 0.056250 0.105299
3 0.264688 0.453505 0.057813 0.106033
3 0.229609 0.615679 0.063594 0.110489
3 0.224844 0.725258 0.063750 0.112473
3 0.326094 0.742785 0.066875 0.103505
3 0.389070 0.844307 0.061578 0.116332
3 0.460398 0.830842 0.068609 0.093207
3 0.494766 0.572106 0.044531 0.113777
3 0.443672 0.546277 0.062031 0.083315
3 0.444609 0.463750 0.062344 0.081304
3 0.379844 0.312500 0.065625 0.082065
