3 0.315917 0.304278 0.044781 0.079778
4 0.511578 0.212694 0.061812 0.086574
3 0.376216 0.255255 0.049297 0.086861
4 0.426789 0.219032 0.048318 0.101824
0 0.143547 0.280718 0.046375 0.072176
0 0.208568 0.322528 0.053156 0.085907
0 0.232154 0.247139 0.069786 0.083796
0 0.313070 0.216616 0.058953 0.066602
1 0.233461 0.415644 0.042526 0.073454
1 0.157880 0.352046 0.041792 0.072630
0 0.202531 0.176162 0.058958 0.058361
0 0.253633 0.204259 0.042526 0.068722
1 0.184630 0.240449 0.043490 0.082472
3 0.289154 0.136176 0.051224 0.069185
3 0.343359 0.136819 0.057990 0.071769
1 0.249609 0.333102 0.036729 0.071315
4 0.229914 0.112477 0.047359 0.068324
3 0.434591 0.972194 0.067922 0.055611
3 0.490344 0.620144 0.071521 0.115120
3 0.817044 0.945218 0.084172 0.080009
1 0.242987 0.941991 0.076099 0.116019
4 0.276693 0.637449 0.062823 0.101380
0 0.186693 0.407194 0.044865 0.087500
3 0.205862 0.532866 0.053151 0.103787
1 0.367529 0.531116 0.048141 0.083898
1 0.376148 0.519727 0.052859 0.073231
1 0.422581 0.438560 0.051755 0.100565
2 0.407865 0.334694 0.056396 0.088093
2 0.185802 0.621296 0.053354 0.096259
2 0.165539 0.458394 0.047755 0.077269
2 0.280643 0.426866 0.048401 0.072917
2 0.317674 0.488079 0.048891 0.080694
3 0.256216 0.497056 0.050516 0.094593
3 0.316552 0.583889 0.047937 0.091741
3 0.348932 0.347602 0.056219 0.088833
