0 0.525883 0.128220 0.066547 0.123886
0 0.427508 0.086481 0.069422 0.103125
0 0.462406 0.160951 0.064781 0.128152
0 0.498789 0.251508 0.071203 0.127799
0 0.634367 0.495204 0.060703 0.119266
0 0.642281 0.623016 0.063281 0.130978
0 0.395203 0.627092 0.080625 0.094565
0 0.392219 0.414647 0.069031 0.121196
0 0.295781 0.153261 0.061375 0.130652
2 0.480484 0.590802 0.069281 0.110788
2 0.585094 0.671617 0.065750 0.106549
2 0.519469 0.682106 0.055063 0.102908
2 0.445234 0.703370 0.064656 0.112174
2 0.343313 0.541005 0.059844 0.130978
2 0.534687 0.346889 0.056687 0.122418
2 0.370883 0.307500 0.052297 0.114402
4 0.244945 0.247378 0.066484 0.127473
4 0.206422 0.435598 0.074219 0.127989
4 0.343531 0.829158 0.057656 0.128804
4 0.410078 0.528016 0.069438 0.101087
4 0.330656 0.391304 0.053594 0.125815
4 0.432812 0.305122 0.067250 0.120408
1 0.358984 0.124878 0.063594 0.104103
1 0.562234 0.232120 0.055656 0.105978
1 0.609094 0.343641 0.068875 0.106467
1 0.580016 0.439755 0.048438 0.101467
1 0.583328 0.556223 0.065625 0.104837
1 0.262969 0.771332 0.059688 0.088587
1 0.287766 0.629973 0.072812 0.111141
1 0.290531 0.489375 0.056406 0.115380
3 0.312094 0.279117 0.067500 0.125516
3 0.267883 0.372799 0.065141 0.128804
3 0.226797 0.558410 0.074531 0.125897
3 0.222141 0.683207 0.077656 0.126087
3 0.339000 0.703859 0.079219 0.119022
3 0.411422 0.818614 0.074062 0.130978
3 0.494437 0.802908 0.076719 0.104891
3 0.532109 0.508302 0.051875 0.132310
3 0.472828 0.478179 0.072969 0.098641
3 0.472359 0.381196 0.072344 0.091576
3 0.398609 0.208084 0.074594 0.091603
