0 0.504695 0.209022 0.064391 0.114674
0 0.413562 0.169728 0.064000 0.098804
0 0.445766 0.240326 0.059031 0.116576
0 0.480188 0.327120 0.066875 0.117609
0 0.605500 0.557215 0.055875 0.110027
0 0.613773 0.675883 0.060953 0.123832
0 0.382937 0.680707 0.071875 0.089891
0 0.379148 0.482622 0.065328 0.116168
0 0.290391 0.235027 0.056531 0.122337
2 0.461492 0.643668 0.060078 0.114185
2 0.558906 0.722595 0.060688 0.098723
2 0.494984 0.740856 0.050656 0.106277
2 0.427969 0.750177 0.054000 0.093234
2 0.332531 0.599457 0.055500 0.126359
2 0.512492 0.416060 0.053141 0.106848
2 0.359250 0.376250 0.050125 0.103370
4 0.242602 0.321168 0.061109 0.120598
4 0.206000 0.502215 0.068875 0.121766
4 0.335156 0.867935 0.049844 0.116576
4 0.396297 0.585448 0.066594 0.096277
4 0.322203 0.463030 0.050281 0.120136
4 0.417344 0.378071 0.062812 0.110000
1 0.350227 0.211454 0.058516 0.103342
1 0.539813 0.310707 0.051719 0.107772
1 0.582711 0.413913 0.058453 0.093913
1 0.555945 0.508899 0.044078 0.096766
1 0.558023 0.619158 0.055609 0.100163
1 0.258406 0.822120 0.047500 0.081902
1 0.283789 0.686060 0.062078 0.101250
1 0.277781 0.559049 0.057250 0.111033
3 0.303266 0.352378 0.060937 0.115897
3 0.263203 0.441508 0.062844 0.121060
3 0.226227 0.618111 0.068109 0.116603
3 0.219398 0.733397 0.071391 0.110272
3 0.330258 0.752201 0.072297 0.104837
3 0.397617 0.860163 0.063828 0.120109
3 0.474258 0.847908 0.071516 0.093207
3 0.511305 0.568492 0.047984 0.122147
3 0.456016 0.540095 0.066906 0.088940
3 0.455484 0.449905 0.067156 0.085679
3 0.385906 0.284293 0.069375 0.085543
