0 0.538172 0.235027 0.063625 0.109511
0 0.445453 0.191087 0.068125 0.094076
0 0.480000 0.265041 0.061719 0.124538
0 0.513117 0.349905 0.062078 0.106603
0 0.637687 0.577609 0.059625 0.116141
0 0.644203 0.698465 0.063281 0.127364
0 0.413422 0.698628 0.080625 0.101712
0 0.410602 0.498533 0.071766 0.121196
0 0.324172 0.255679 0.061375 0.120924
2 0.496109 0.666508 0.070781 0.132255
2 0.590516 0.751304 0.068750 0.128696
2 0.527266 0.747812 0.069875 0.132255
2 0.460500 0.774647 0.071094 0.120489
2 0.367234 0.610489 0.071438 0.134837
2 0.542766 0.434511 0.058719 0.128696
2 0.389469 0.389688 0.056719 0.112962
4 0.273117 0.338791 0.064828 0.127473
4 0.235156 0.508818 0.075000 0.131114
4 0.363883 0.887011 0.062234 0.145870
4 0.429117 0.599062 0.069422 0.095136
4 0.354820 0.481087 0.053609 0.125272
4 0.447625 0.395109 0.073062 0.108696
1 0.379516 0.220285 0.063594 0.104103
1 0.574750 0.340177 0.063156 0.132147
1 0.613008 0.430217 0.070953 0.128315
1 0.587055 0.519212 0.059578 0.115435
1 0.587641 0.629090 0.068969 0.118886
1 0.289125 0.827269 0.080469 0.134266
1 0.313930 0.693995 0.074172 0.132500
1 0.316367 0.564293 0.066047 0.120543
3 0.336508 0.366943 0.066953 0.119755
3 0.295125 0.452011 0.067219 0.125815
3 0.253859 0.629062 0.073875 0.127310
3 0.248469 0.742799 0.077656 0.128696
3 0.360328 0.774226 0.079219 0.121005
3 0.424039 0.874280 0.076078 0.136549
3 0.507016 0.861630 0.082750 0.118750
3 0.542891 0.594660 0.051875 0.127310
3 0.489859 0.556427 0.072969 0.096277
3 0.488219 0.469552 0.072344 0.100951
3 0.419531 0.308764 0.074031 0.083397
