0 0.545242 0.118478 0.063609 0.109511
0 0.449344 0.083668 0.068125 0.094076
0 0.486719 0.154062 0.061719 0.124538
0 0.521414 0.240856 0.070859 0.127799
0 0.660117 0.476970 0.059609 0.116114
0 0.672063 0.602704 0.063281 0.127364
0 0.414266 0.598465 0.080625 0.101712
0 0.412727 0.387853 0.071766 0.121196
0 0.319258 0.139375 0.061359 0.120924
2 0.504547 0.569063 0.070781 0.132255
2 0.614875 0.653505 0.068750 0.128696
2 0.545922 0.662704 0.069875 0.132255
2 0.472883 0.683111 0.071078 0.120462
2 0.367984 0.507609 0.071438 0.134837
2 0.563836 0.330489 0.058703 0.128696
2 0.395594 0.273342 0.056719 0.112935
4 0.266469 0.222649 0.064812 0.127473
4 0.221242 0.412649 0.075016 0.131114
4 0.359938 0.810054 0.062250 0.145870
4 0.434742 0.499008 0.069422 0.095136
4 0.350609 0.365000 0.053594 0.125272
4 0.455102 0.286359 0.073047 0.108696
1 0.384125 0.094606 0.063594 0.104103
1 0.595500 0.226508 0.063156 0.133234
1 0.644102 0.324457 0.070953 0.128315
1 0.604469 0.413152 0.059594 0.115435
1 0.610094 0.536793 0.068969 0.118859
1 0.282578 0.761630 0.080469 0.134239
1 0.308305 0.597405 0.074172 0.132473
1 0.306992 0.463342 0.066047 0.120543
3 0.332719 0.253302 0.066969 0.119755
3 0.287742 0.342310 0.067203 0.125815
3 0.239781 0.525584 0.073875 0.127310
3 0.232344 0.648057 0.077656 0.128723
3 0.359547 0.676033 0.079219 0.121033
3 0.429398 0.800340 0.076078 0.136549
3 0.518570 0.781277 0.082734 0.118750
3 0.553359 0.486617 0.051875 0.127310
3 0.497734 0.451481 0.072969 0.096277
3 0.495422 0.356780 0.072344 0.100951
3 0.421703 0.184008 0.074031 0.083397
