3 0.346352 0.250426 0.050922 0.089074
4 0.451187 0.143917 0.061812 0.086574
3 0.439732 0.220718 0.049297 0.086861
4 0.372568 0.175657 0.057802 0.101815
0 0.113687 0.255037 0.046375 0.090667
0 0.183174 0.276324 0.053161 0.090926
0 0.207477 0.225037 0.058620 0.071981
0 0.397263 0.461403 0.052693 0.074880
1 0.193367 0.552454 0.053495 0.088315
1 0.133482 0.334417 0.041797 0.086130
0 0.169159 0.150153 0.049286 0.058361
0 0.213055 0.144792 0.042526 0.068731
1 0.156156 0.212676 0.043490 0.082481
3 0.250115 0.096000 0.050292 0.065833
3 0.297063 0.095565 0.057990 0.071759
1 0.265349 0.423403 0.052094 0.093454
4 0.196516 0.072606 0.056417 0.079009
4 0.438445 0.509764 0.049245 0.085861
2 0.430891 0.333218 0.044510 0.090824
1 0.309677 0.204102 0.038854 0.087574
3 0.408490 0.365375 0.053979 0.085861
3 0.475378 0.902028 0.059661 0.104352
4 0.265063 0.564565 0.063458 0.087574
1 0.375547 0.531819 0.048271 0.094269
1 0.240143 0.833708 0.077630 0.114398
3 0.405732 0.931102 0.065453 0.097389
3 0.515359 0.606296 0.065198 0.107259
3 0.403029 0.589495 0.049755 0.093250
3 0.747680 0.896264 0.091130 0.103231
1 0.227669 0.939120 0.076099 0.121759
4 0.340956 0.520380 0.062828 0.101389
0 0.271664 0.320801 0.050599 0.094213
3 0.559680 0.369315 0.058828 0.110259
1 0.475721 0.553282 0.048141 0.083898
1 0.454607 0.634681 0.055245 0.094769
1 0.476836 0.327171 0.049474 0.094491
2 0.471594 0.285968 0.050979 0.086787
2 0.179229 0.386167 0.049990 0.079352
2 0.249456 0.216532 0.050172 0.078806
2 0.282911 0.163310 0.045458 0.075731
2 0.443753 0.488667 0.059745 0.095704
3 0.324174 0.458968 0.059016 0.099491
3 0.459232 0.441894 0.063307 0.103065
3 0.353318 0.336935 0.056219 0.088833
