0 0.521125 0.215978 0.063625 0.109511
0 0.437641 0.181196 0.068125 0.094076
0 0.466031 0.244660 0.061719 0.124538
0 0.499141 0.316766 0.066062 0.103152
0 0.615672 0.514022 0.059625 0.116141
0 0.623812 0.624402 0.063281 0.127337
0 0.407703 0.624497 0.080625 0.101712
0 0.401180 0.446060 0.071766 0.121196
0 0.324117 0.230489 0.061359 0.120924
2 0.484391 0.597677 0.070781 0.132255
2 0.574500 0.675326 0.068750 0.128696
2 0.518078 0.676291 0.069875 0.132255
2 0.452914 0.695190 0.071078 0.120489
2 0.360586 0.551807 0.071422 0.134864
2 0.531445 0.397228 0.058703 0.128696
2 0.385953 0.347092 0.056719 0.112935
4 0.276281 0.310965 0.064812 0.127473
4 0.238484 0.463030 0.075000 0.131114
4 0.358516 0.813125 0.062250 0.145870
4 0.418719 0.545883 0.069437 0.095136
4 0.351203 0.426630 0.053594 0.125272
4 0.441289 0.359293 0.073047 0.108696
1 0.382687 0.194878 0.063594 0.104103
1 0.557492 0.291427 0.063141 0.133234
1 0.595117 0.390639 0.070953 0.128288
1 0.574758 0.461087 0.059578 0.115435
1 0.574047 0.573709 0.068969 0.118886
1 0.289563 0.763397 0.080469 0.134239
1 0.312250 0.627731 0.074188 0.132473
1 0.315211 0.519348 0.066047 0.120543
3 0.335922 0.332323 0.066969 0.119755
3 0.294734 0.406304 0.067219 0.125815
3 0.257445 0.565448 0.073859 0.127310
3 0.250141 0.675408 0.077656 0.128696
3 0.353859 0.691535 0.079219 0.121005
3 0.417812 0.798478 0.076094 0.136522
3 0.499555 0.782038 0.082734 0.118750
3 0.529469 0.521739 0.051875 0.127337
3 0.476234 0.500815 0.072969 0.096304
3 0.475969 0.417867 0.072344 0.100951
3 0.411797 0.276875 0.074031 0.083370
