0 0.507211 0.229864 0.062859 0.123696
0 0.420109 0.190136 0.068125 0.098859
0 0.449977 0.262853 0.064516 0.122120
0 0.484250 0.342052 0.069625 0.124375
0 0.600969 0.567989 0.058219 0.116141
0 0.608859 0.678356 0.063281 0.127364
0 0.385898 0.681549 0.081203 0.093587
0 0.381695 0.483587 0.071766 0.121196
0 0.298898 0.250476 0.064141 0.130408
2 0.473219 0.654198 0.072000 0.133397
2 0.558773 0.733166 0.068734 0.118071
2 0.498664 0.738057 0.069859 0.132255
2 0.434336 0.756046 0.065234 0.121168
2 0.339359 0.606101 0.071438 0.134864
2 0.518508 0.435462 0.059391 0.128696
2 0.366695 0.386236 0.060141 0.114103
4 0.252523 0.331916 0.060672 0.127473
4 0.216609 0.504130 0.075000 0.128804
4 0.340781 0.867582 0.064281 0.131141
4 0.403961 0.591345 0.067453 0.104701
4 0.330461 0.469171 0.053609 0.125299
4 0.423789 0.390353 0.064922 0.122935
1 0.359781 0.222649 0.063594 0.104103
1 0.548937 0.336535 0.063156 0.132147
1 0.592445 0.430530 0.070953 0.128288
1 0.577383 0.516929 0.059578 0.115435
1 0.561695 0.622962 0.065516 0.107989
1 0.264516 0.827636 0.080469 0.134239
1 0.294445 0.693628 0.074172 0.132473
1 0.286602 0.563832 0.066047 0.120543
3 0.309609 0.361386 0.066969 0.119783
3 0.271039 0.447120 0.067203 0.125815
3 0.235031 0.615883 0.073875 0.127310
3 0.225180 0.726060 0.075672 0.128696
3 0.336391 0.750136 0.079219 0.121033
3 0.396391 0.853940 0.078156 0.133696
3 0.477148 0.842690 0.078766 0.110380
3 0.510547 0.576454 0.051875 0.127310
3 0.460336 0.550598 0.068203 0.102174
3 0.461641 0.461861 0.072344 0.100951
3 0.392844 0.298274 0.074031 0.083397
