0 0.562867 0.098696 0.063609 0.109511
0 0.457273 0.057242 0.068109 0.102038
0 0.497594 0.130815 0.061719 0.124565
0 0.536820 0.227853 0.070859 0.127826
0 0.688883 0.486033 0.059609 0.116141
0 0.698797 0.624375 0.063281 0.127337
0 0.419156 0.623981 0.080625 0.101712
0 0.416352 0.390217 0.071766 0.121196
0 0.313141 0.118098 0.061375 0.120924
2 0.514750 0.588682 0.070781 0.132255
2 0.632562 0.690693 0.068750 0.128668
2 0.557680 0.695788 0.068453 0.118098
2 0.479680 0.719742 0.071078 0.120462
2 0.361125 0.530448 0.071438 0.134864
2 0.575937 0.337337 0.058719 0.128696
2 0.392875 0.275707 0.056719 0.112935
4 0.256859 0.212649 0.064812 0.127473
4 0.209461 0.412731 0.075016 0.131114
4 0.360164 0.854049 0.062234 0.145870
4 0.436297 0.511943 0.069437 0.095136
4 0.349250 0.368940 0.053594 0.125272
4 0.462586 0.274538 0.073047 0.108696
1 0.385187 0.096630 0.063594 0.104076
1 0.609094 0.226508 0.063156 0.133234
1 0.654289 0.344552 0.070953 0.128288
1 0.622977 0.436630 0.059578 0.115435
1 0.626781 0.568967 0.068969 0.118859
1 0.275375 0.794538 0.080469 0.134239
1 0.299469 0.624592 0.074188 0.132500
1 0.299508 0.478723 0.066047 0.120543
3 0.328633 0.243845 0.066953 0.119755
3 0.278586 0.344837 0.067203 0.125815
3 0.226867 0.544171 0.073859 0.127310
3 0.215125 0.678397 0.077656 0.128696
3 0.355859 0.708356 0.079219 0.121005
3 0.436273 0.847092 0.076078 0.136522
3 0.533750 0.828940 0.082750 0.118750
3 0.575781 0.497255 0.051875 0.127337
3 0.507797 0.464008 0.072969 0.096277
3 0.506844 0.361984 0.072344 0.100978
3 0.425094 0.172187 0.074031 0.083397
