3 0.380331 0.374056 0.044776 0.079778
4 0.555841 0.280694 0.063786 0.104444
3 0.432779 0.327898 0.049297 0.086870
4 0.476107 0.290602 0.048318 0.101815
0 0.219026 0.353935 0.046375 0.072185
0 0.264932 0.390519 0.053156 0.085907
0 0.292839 0.317634 0.040594 0.083787
0 0.370237 0.297134 0.058953 0.066602
1 0.322784 0.395847 0.042526 0.073454
1 0.221789 0.411088 0.041797 0.072639
0 0.274995 0.258463 0.058958 0.052648
0 0.331758 0.253319 0.042526 0.068731
1 0.255263 0.310125 0.043495 0.082472
3 0.353565 0.222056 0.051224 0.069185
3 0.399969 0.217338 0.057990 0.071769
1 0.328620 0.322648 0.034792 0.068722
4 0.297951 0.194065 0.047359 0.068333
3 0.436255 0.963958 0.071250 0.072083
3 0.540849 0.663440 0.071521 0.115120
3 0.810208 0.921773 0.083990 0.090769
1 0.309049 0.945634 0.076568 0.101028
4 0.350164 0.691125 0.062828 0.101380
0 0.256141 0.467130 0.044865 0.087500
3 0.275307 0.570653 0.053146 0.103787
1 0.392453 0.546875 0.067271 0.092787
1 0.438849 0.575912 0.053865 0.075380
1 0.471896 0.511917 0.051750 0.100574
2 0.464227 0.402685 0.056401 0.088093
2 0.253234 0.656421 0.053354 0.096250
2 0.225393 0.507440 0.047755 0.077269
2 0.302648 0.457088 0.042339 0.089083
2 0.349440 0.494116 0.048891 0.080694
3 0.320125 0.547259 0.050510 0.094593
3 0.380966 0.626833 0.047932 0.091741
3 0.414753 0.422750 0.056224 0.088833
