0 0.500422 0.144973 0.063625 0.109511
0 0.398750 0.102894 0.068125 0.095462
0 0.435984 0.179416 0.061719 0.124538
0 0.473898 0.267296 0.070859 0.127799
0 0.617852 0.503832 0.059609 0.116141
0 0.629125 0.626128 0.063281 0.127364
0 0.363531 0.634959 0.078594 0.095788
0 0.360656 0.423750 0.067750 0.121196
0 0.261711 0.168533 0.061359 0.120924
2 0.456922 0.607622 0.070781 0.132255
2 0.564969 0.697636 0.068750 0.128696
2 0.492289 0.708601 0.059641 0.118125
2 0.416703 0.725910 0.071094 0.120462
2 0.307047 0.555272 0.071438 0.134837
2 0.512953 0.360639 0.058719 0.112038
2 0.339187 0.305272 0.052656 0.103533
4 0.206789 0.263709 0.064828 0.127473
4 0.159500 0.455285 0.075000 0.131114
4 0.307437 0.863723 0.058906 0.133967
4 0.379391 0.533220 0.069437 0.095136
4 0.298086 0.400149 0.053609 0.125299
4 0.402547 0.316332 0.068281 0.108696
1 0.333453 0.155856 0.063594 0.104103
1 0.541664 0.251603 0.055672 0.105978
1 0.589266 0.362921 0.064188 0.098668
1 0.560937 0.450598 0.054187 0.100000
1 0.561953 0.584823 0.068969 0.118886
1 0.220781 0.824090 0.080469 0.134266
1 0.248180 0.651766 0.074172 0.121739
1 0.246820 0.514511 0.059172 0.120543
3 0.275250 0.289851 0.066969 0.119755
3 0.227602 0.389402 0.065141 0.125815
3 0.178383 0.578845 0.073859 0.127310
3 0.174391 0.698125 0.077656 0.128696
3 0.301047 0.721630 0.079219 0.121033
3 0.380469 0.851929 0.074094 0.136522
3 0.471789 0.826739 0.082734 0.118750
3 0.507656 0.513940 0.051875 0.127337
3 0.445719 0.481495 0.072969 0.088098
3 0.447469 0.387554 0.072344 0.086793
3 0.368742 0.218166 0.074016 0.083397
