0 0.522375 0.227935 0.063625 0.109511
0 0.435953 0.191603 0.068125 0.094076
0 0.467484 0.260598 0.061719 0.124565
0 0.499609 0.333505 0.063781 0.105109
0 0.617648 0.550924 0.059609 0.116141
0 0.629188 0.658410 0.063281 0.127364
0 0.404375 0.659402 0.080625 0.101739
0 0.400477 0.469212 0.071766 0.121196
0 0.317375 0.245054 0.061375 0.120924
2 0.483422 0.630774 0.070781 0.132255
2 0.573484 0.703587 0.068750 0.128696
2 0.516297 0.708913 0.069875 0.132283
2 0.450750 0.732024 0.071094 0.120462
2 0.357688 0.581046 0.071438 0.134864
2 0.528953 0.423696 0.058719 0.128696
2 0.384656 0.372011 0.056719 0.112935
4 0.270313 0.328546 0.064813 0.127473
4 0.233391 0.490611 0.075000 0.131114
4 0.355742 0.842310 0.062234 0.145870
4 0.421234 0.570258 0.069437 0.095136
4 0.350633 0.458723 0.053609 0.125272
4 0.441008 0.375054 0.073047 0.108696
1 0.379891 0.225014 0.063594 0.104103
1 0.552711 0.321712 0.063141 0.132554
1 0.598469 0.409810 0.070969 0.128315
1 0.574758 0.485598 0.059578 0.115435
1 0.571750 0.595598 0.068969 0.118859
1 0.285078 0.802690 0.080469 0.134239
1 0.303930 0.657527 0.074172 0.132500
1 0.299695 0.531984 0.066047 0.120543
3 0.329266 0.353397 0.066969 0.119783
3 0.289742 0.436630 0.067203 0.125815
3 0.250391 0.596821 0.073875 0.127337
3 0.242531 0.709402 0.077656 0.128696
3 0.355969 0.730951 0.079219 0.121033
3 0.416461 0.835272 0.076078 0.136522
3 0.492070 0.815625 0.082734 0.118750
3 0.527703 0.552921 0.051875 0.127310
3 0.477531 0.527731 0.072969 0.096277
3 0.475094 0.441861 0.072344 0.100951
3 0.410562 0.292024 0.074031 0.083397
