3 0.364555 0.200259 0.057568 0.089074
4 0.551885 0.118546 0.061813 0.086574
3 0.426812 0.160537 0.049302 0.086870
4 0.466924 0.130824 0.048318 0.101815
0 0.206690 0.200870 0.046370 0.090667
0 0.257854 0.237000 0.053156 0.085907
0 0.290112 0.167472 0.055286 0.083796
0 0.353281 0.186093 0.065000 0.083296
1 0.375732 0.434162 0.043745 0.079935
1 0.219404 0.253324 0.041797 0.086130
0 0.254680 0.099764 0.049286 0.058361
0 0.303648 0.110116 0.042526 0.068731
1 0.242773 0.152912 0.043495 0.082472
3 0.339414 0.061972 0.051224 0.069185
3 0.394422 0.047741 0.057990 0.071759
1 0.306745 0.232245 0.045448 0.095139
4 0.285216 0.037843 0.056411 0.075685
4 0.368844 0.302495 0.049240 0.085861
2 0.501568 0.273829 0.044510 0.103269
3 0.623763 0.602889 0.065203 0.097185
3 0.497104 0.513560 0.071521 0.115120
3 0.861924 0.915898 0.084318 0.121074
1 0.227669 0.939120 0.076099 0.121759
4 0.337023 0.531773 0.062828 0.101380
0 0.256464 0.311704 0.044865 0.087500
3 0.655841 0.356208 0.053151 0.110269
1 0.571523 0.484819 0.048141 0.083898
1 0.538414 0.546579 0.055245 0.094769
1 0.550151 0.289190 0.061448 0.110861
2 0.456919 0.261088 0.057630 0.086787
2 0.250547 0.489903 0.053354 0.096250
2 0.238766 0.334421 0.055812 0.088880
2 0.295883 0.337574 0.051224 0.085704
2 0.443753 0.488667 0.059745 0.095704
3 0.339964 0.416426 0.056500 0.094981
3 0.557312 0.371602 0.052458 0.085167
3 0.401992 0.237778 0.056224 0.088833
