0 0.303242 0.296060 0.077484 0.117011
0 0.281156 0.416630 0.071375 0.128859
0 0.324656 0.516508 0.078156 0.134755
0 0.378023 0.711563 0.074766 0.115842
0 0.646836 0.497024 0.067297 0.133560
0 0.571727 0.700937 0.072047 0.130027
0 0.511922 0.654239 0.067969 0.124130
0 0.462305 0.932024 0.080203 0.133560
0 0.383805 0.946209 0.076797 0.107582
3 0.424203 0.133777 0.076656 0.114891
3 0.362211 0.215326 0.078297 0.119130
3 0.415227 0.370652 0.061984 0.131902
3 0.396469 0.490516 0.066875 0.127663
3 0.536750 0.221005 0.073406 0.133315
3 0.578758 0.295462 0.075859 0.129076
3 0.638703 0.370639 0.071781 0.120571
3 0.456414 0.590503 0.077484 0.120571
3 0.446633 0.712500 0.070953 0.126250
3 0.318578 0.763560 0.072594 0.123424
3 0.322250 0.884117 0.081563 0.120571
4 0.526563 0.533057 0.067688 0.121984
4 0.591812 0.579158 0.072594 0.129076
4 0.619133 0.809647 0.078297 0.141848
4 0.309609 0.641576 0.077469 0.126250
4 0.475180 0.375625 0.075859 0.127663
4 0.494750 0.294769 0.074219 0.110625
2 0.507391 0.055177 0.076656 0.110353
2 0.491086 0.174198 0.070141 0.138995
2 0.352023 0.389076 0.077484 0.129076
2 0.412781 0.830937 0.075031 0.136168
2 0.537164 0.887663 0.075859 0.144674
2 0.233352 0.649375 0.078297 0.141848
1 0.215813 0.526671 0.080750 0.117745
1 0.244766 0.783410 0.081562 0.140408
1 0.501680 0.776318 0.068516 0.120571
1 0.432766 0.247962 0.072594 0.116304
1 0.564078 0.144416 0.072594 0.119158
1 0.589359 0.450788 0.059531 0.133315
1 0.532680 0.413207 0.061984 0.126250
1 0.466211 0.477745 0.077484 0.102120
2 0.381383 0.601848 0.077484 0.114891
