0 0.538477 0.236277 0.062859 0.123696
0 0.452055 0.190136 0.068109 0.098859
0 0.483281 0.262853 0.064500 0.122120
0 0.516578 0.339511 0.069625 0.124402
0 0.633594 0.566807 0.058219 0.116114
0 0.637734 0.678356 0.065313 0.127364
0 0.420172 0.680204 0.081187 0.093560
0 0.415680 0.487147 0.071766 0.121196
0 0.331523 0.243383 0.064141 0.130408
2 0.491570 0.651250 0.072016 0.133370
2 0.582562 0.731399 0.068750 0.118071
2 0.529141 0.736590 0.069875 0.132255
2 0.465109 0.756943 0.064187 0.120571
2 0.382188 0.601386 0.071437 0.134837
2 0.548398 0.436630 0.059391 0.128696
2 0.401367 0.388587 0.060141 0.114130
4 0.285438 0.324144 0.060656 0.127473
4 0.248422 0.501413 0.075000 0.128804
4 0.376266 0.858478 0.064281 0.131141
4 0.433945 0.585285 0.067453 0.104701
4 0.364203 0.468995 0.053594 0.125272
4 0.454453 0.385625 0.064906 0.122935
1 0.386625 0.220693 0.063594 0.104103
1 0.568078 0.333438 0.063156 0.132147
1 0.606719 0.424130 0.070969 0.128315
1 0.585320 0.517717 0.059578 0.115435
1 0.588148 0.619321 0.065516 0.107989
1 0.298766 0.821250 0.080469 0.134239
1 0.322578 0.681345 0.074187 0.132473
1 0.319898 0.555543 0.066047 0.120543
3 0.344953 0.359688 0.066969 0.119755
3 0.304641 0.445299 0.067219 0.125815
3 0.269008 0.609986 0.073859 0.127310
3 0.262562 0.722527 0.075687 0.128696
3 0.372547 0.747541 0.079219 0.121005
3 0.432508 0.855122 0.078172 0.133723
3 0.506711 0.840313 0.078766 0.110353
3 0.541797 0.575272 0.051875 0.127337
3 0.491820 0.553234 0.068203 0.102174
3 0.493250 0.462459 0.072344 0.100951
3 0.424750 0.299552 0.074031 0.083397
