0 0.513844 0.173302 0.067656 0.121549
0 0.415984 0.132812 0.069687 0.103125
0 0.451414 0.208668 0.064109 0.127065
0 0.487477 0.300190 0.071703 0.127826
0 0.621352 0.546861 0.059109 0.118723
0 0.629219 0.672174 0.063281 0.130978
0 0.382891 0.677011 0.080625 0.092663
0 0.380531 0.465272 0.070938 0.121196
0 0.284687 0.200109 0.060031 0.129565
2 0.467203 0.636821 0.060813 0.103533
2 0.571867 0.727976 0.065422 0.107799
2 0.505156 0.739783 0.052125 0.110598
2 0.432336 0.761821 0.064766 0.117391
2 0.330391 0.593505 0.059844 0.130978
2 0.523766 0.395666 0.059125 0.123505
2 0.358961 0.355027 0.052141 0.114402
4 0.233383 0.294851 0.064828 0.127473
4 0.194609 0.485666 0.074219 0.128016
4 0.331898 0.881250 0.054047 0.128804
4 0.396922 0.577418 0.069062 0.101087
4 0.317828 0.442120 0.053594 0.125815
4 0.421617 0.353003 0.067234 0.120408
1 0.348156 0.171128 0.063594 0.104103
1 0.552109 0.285353 0.055656 0.105978
1 0.598250 0.391658 0.066781 0.102500
1 0.567055 0.485761 0.044609 0.103750
1 0.571086 0.607174 0.063984 0.100326
1 0.248703 0.826332 0.055094 0.087989
1 0.279672 0.681141 0.068437 0.113424
1 0.278313 0.547799 0.056406 0.108261
3 0.299906 0.328478 0.066656 0.126087
3 0.255664 0.423288 0.065141 0.128804
3 0.215148 0.607364 0.070609 0.125543
3 0.209312 0.732147 0.075344 0.122663
3 0.328023 0.754511 0.077578 0.112174
3 0.398969 0.871196 0.071438 0.130978
3 0.482406 0.854674 0.076719 0.102609
3 0.519070 0.557704 0.052859 0.126603
3 0.461953 0.529864 0.072969 0.098641
3 0.461813 0.432092 0.072344 0.091576
3 0.387828 0.256019 0.074594 0.089918
