3 0.363135 0.205310 0.057562 0.089083
4 0.550531 0.126000 0.061812 0.086574
3 0.426576 0.164750 0.049297 0.086870
4 0.466789 0.136116 0.048318 0.101824
0 0.206555 0.199759 0.046370 0.090667
0 0.257448 0.235940 0.053156 0.085917
0 0.285378 0.170838 0.055286 0.083787
0 0.354161 0.177676 0.065000 0.083296
1 0.385380 0.444264 0.043750 0.079935
1 0.216563 0.257528 0.041792 0.079389
0 0.254544 0.098468 0.049286 0.058361
0 0.305539 0.111796 0.042526 0.068722
1 0.241984 0.157681 0.043490 0.082472
3 0.337992 0.065343 0.051224 0.069185
3 0.393948 0.054056 0.057990 0.071759
1 0.305203 0.236449 0.045208 0.091769
4 0.283953 0.041319 0.056417 0.077139
4 0.364109 0.293431 0.049240 0.085861
2 0.501044 0.272236 0.044505 0.103620
3 0.600404 0.656620 0.065203 0.094111
3 0.551078 0.557329 0.071521 0.115120
3 0.864763 0.920949 0.084318 0.121065
1 0.227669 0.939120 0.076099 0.121759
4 0.335055 0.537477 0.062828 0.101380
0 0.254484 0.312398 0.044865 0.087500
3 0.638797 0.363782 0.053146 0.110269
1 0.562250 0.486921 0.048135 0.083898
1 0.538414 0.545736 0.055245 0.094769
1 0.549820 0.287644 0.061786 0.111324
2 0.456208 0.263333 0.057625 0.086778
2 0.250547 0.491583 0.053354 0.096259
2 0.229771 0.349708 0.055813 0.088880
2 0.296831 0.354412 0.051224 0.085713
2 0.443753 0.488667 0.059745 0.095704
3 0.339336 0.415301 0.055245 0.092731
3 0.559896 0.369995 0.051250 0.083176
3 0.401677 0.243389 0.056219 0.088833
