0 0.490406 0.239402 0.057688 0.107880
0 0.404594 0.204239 0.057938 0.089457
0 0.435063 0.270978 0.055625 0.110543
0 0.466461 0.347745 0.060359 0.110815
0 0.582883 0.563342 0.051172 0.103207
0 0.589945 0.673505 0.054797 0.116793
0 0.374609 0.678995 0.067656 0.089293
0 0.371977 0.496033 0.062922 0.108696
0 0.291547 0.264076 0.051656 0.114239
2 0.450062 0.642867 0.062250 0.106386
2 0.540078 0.716685 0.059156 0.090761
2 0.483148 0.730530 0.051578 0.101223
2 0.419016 0.748723 0.059469 0.105054
2 0.330734 0.601467 0.051250 0.102337
2 0.498359 0.433899 0.051719 0.101549
2 0.354234 0.395014 0.048094 0.096821
4 0.244922 0.345000 0.060156 0.112609
4 0.210422 0.511957 0.064469 0.115272
4 0.329141 0.858193 0.050906 0.117799
4 0.388492 0.590340 0.063578 0.093342
4 0.318961 0.474592 0.047828 0.113424
4 0.409391 0.395815 0.060844 0.101141
1 0.345656 0.239348 0.052875 0.095000
1 0.524133 0.332541 0.053141 0.104538
1 0.563766 0.430204 0.060969 0.085408
1 0.539219 0.518560 0.044969 0.085870
1 0.538289 0.619891 0.059203 0.098098
1 0.260641 0.806467 0.059219 0.091413
1 0.282953 0.684375 0.061219 0.092011
1 0.281016 0.557772 0.048219 0.103804
3 0.304453 0.370965 0.056719 0.106332
3 0.264344 0.454062 0.058000 0.105571
3 0.229516 0.617242 0.063406 0.110516
3 0.224406 0.726345 0.063938 0.110299
3 0.326094 0.744457 0.066875 0.103696
3 0.388883 0.845856 0.061578 0.115734
3 0.460570 0.832092 0.068266 0.093207
3 0.494906 0.573084 0.044625 0.113342
3 0.443672 0.547663 0.062031 0.083370
3 0.444609 0.465000 0.062344 0.081522
3 0.379656 0.312935 0.065500 0.082065
