0 0.518766 0.222106 0.062875 0.123723
0 0.433703 0.181861 0.068125 0.098832
0 0.463570 0.260489 0.064516 0.122120
0 0.496875 0.328872 0.069625 0.124375
0 0.612539 0.563261 0.059609 0.116141
0 0.617016 0.674810 0.063281 0.127337
0 0.400469 0.671332 0.081187 0.093587
0 0.398008 0.478859 0.071766 0.121196
0 0.312492 0.236291 0.064141 0.130408
2 0.475258 0.644144 0.072016 0.133397
2 0.566250 0.717935 0.068750 0.126033
2 0.510281 0.728899 0.069875 0.132255
2 0.444336 0.745761 0.071078 0.120489
2 0.353977 0.592514 0.071422 0.134864
2 0.526664 0.420082 0.059391 0.128696
2 0.378937 0.381508 0.060125 0.114103
4 0.268109 0.320598 0.060656 0.127446
4 0.226906 0.500245 0.075000 0.128804
4 0.353016 0.851630 0.064281 0.131141
4 0.416617 0.584688 0.067453 0.104701
4 0.343133 0.466630 0.053609 0.125272
4 0.437461 0.382065 0.064922 0.122935
1 0.367484 0.203954 0.063594 0.104103
1 0.550641 0.321617 0.063156 0.132147
1 0.593125 0.419008 0.070969 0.128288
1 0.564867 0.509918 0.059578 0.115435
1 0.565719 0.610462 0.065531 0.107989
1 0.281844 0.802799 0.080469 0.134239
1 0.302867 0.669511 0.074172 0.132500
1 0.295430 0.546087 0.066047 0.120543
3 0.325242 0.349035 0.066953 0.119755
3 0.287656 0.438207 0.067219 0.125815
3 0.246586 0.611168 0.073859 0.127337
3 0.240500 0.720163 0.077656 0.128696
3 0.349984 0.743043 0.079219 0.121033
3 0.409398 0.845679 0.078172 0.133696
3 0.488000 0.832092 0.084125 0.118750
3 0.522766 0.568179 0.051875 0.127337
3 0.472117 0.542582 0.068203 0.102174
3 0.474219 0.455367 0.072344 0.100951
3 0.407422 0.290380 0.074031 0.083370
