0 0.525602 0.167649 0.063609 0.109538
0 0.420453 0.122649 0.068125 0.095462
0 0.458172 0.204891 0.061719 0.124565
0 0.495930 0.295231 0.070859 0.127799
0 0.648219 0.552609 0.059625 0.116141
0 0.659484 0.693139 0.063281 0.127364
0 0.382453 0.693723 0.078594 0.095815
0 0.377641 0.459375 0.067750 0.121196
0 0.279664 0.186060 0.061359 0.120924
2 0.478219 0.656535 0.070781 0.132255
2 0.590719 0.758274 0.068750 0.128668
2 0.521602 0.759905 0.061828 0.118125
2 0.438906 0.794212 0.071094 0.120489
2 0.324984 0.597826 0.071438 0.134837
2 0.539484 0.395408 0.058719 0.128696
2 0.356516 0.337772 0.056719 0.112935
4 0.219930 0.278247 0.064828 0.127473
4 0.170375 0.478139 0.075000 0.131114
4 0.318477 0.921630 0.062234 0.145870
4 0.399594 0.579905 0.069437 0.095136
4 0.310844 0.438003 0.053594 0.125299
4 0.424344 0.342500 0.068281 0.108696
1 0.349125 0.156658 0.063594 0.104076
1 0.567797 0.281753 0.057906 0.114158
1 0.616641 0.394552 0.070969 0.128288
1 0.587992 0.496005 0.056891 0.107717
1 0.591648 0.617432 0.068953 0.118886
1 0.231031 0.877867 0.080469 0.134266
1 0.260047 0.700788 0.074187 0.121739
1 0.259211 0.544022 0.059172 0.120543
3 0.290578 0.315951 0.066969 0.119783
3 0.242773 0.411033 0.065141 0.125815
3 0.188469 0.614701 0.073875 0.127337
3 0.177625 0.750299 0.077656 0.128696
3 0.314969 0.779687 0.079219 0.121005
3 0.396352 0.913872 0.075078 0.136549
3 0.493086 0.897120 0.082734 0.118750
3 0.535000 0.562269 0.051875 0.127310
3 0.469734 0.531644 0.072969 0.092201
3 0.471047 0.422079 0.072344 0.100951
3 0.388906 0.243098 0.074031 0.083370
