0 0.520719 0.223777 0.063625 0.109511
0 0.436422 0.188750 0.068125 0.094076
0 0.463328 0.257405 0.061719 0.124538
0 0.495258 0.327228 0.066078 0.103152
0 0.613695 0.526033 0.059609 0.116141
0 0.623812 0.636413 0.063281 0.127337
0 0.404258 0.636101 0.080641 0.101712
0 0.399531 0.456902 0.071750 0.121196
0 0.320547 0.238383 0.061375 0.120951
2 0.482516 0.607948 0.070781 0.132255
2 0.572187 0.685380 0.068750 0.128696
2 0.515445 0.689443 0.069859 0.132255
2 0.450938 0.706060 0.071094 0.120489
2 0.357547 0.561372 0.071438 0.134864
2 0.527625 0.409049 0.058719 0.128696
2 0.384609 0.359701 0.056719 0.112935
4 0.273844 0.316943 0.064812 0.127473
4 0.236367 0.466726 0.075016 0.131114
4 0.356438 0.820027 0.062250 0.145870
4 0.419375 0.552160 0.069437 0.095136
4 0.348797 0.437704 0.053594 0.125299
4 0.439648 0.365598 0.073047 0.108696
1 0.381406 0.211128 0.063594 0.104103
1 0.552227 0.305992 0.063141 0.133234
1 0.593578 0.398030 0.070969 0.128288
1 0.573687 0.472283 0.059594 0.115435
1 0.568430 0.578628 0.068953 0.118886
1 0.288297 0.770598 0.080469 0.134239
1 0.311625 0.631291 0.074188 0.132473
1 0.314320 0.523641 0.066047 0.120543
3 0.331758 0.341753 0.066953 0.119755
3 0.293195 0.415163 0.067203 0.125815
3 0.257070 0.571372 0.073859 0.127310
3 0.249172 0.683016 0.077656 0.128696
3 0.355641 0.699035 0.079219 0.121005
3 0.416992 0.806291 0.076078 0.136549
3 0.497336 0.789239 0.082734 0.118750
3 0.527531 0.534687 0.051875 0.127310
3 0.475797 0.510095 0.072969 0.096277
3 0.472969 0.427092 0.072344 0.100978
3 0.410539 0.287921 0.074016 0.083397
