0 0.537719 0.159579 0.063625 0.109538
0 0.447414 0.116766 0.068109 0.094076
0 0.480422 0.183030 0.061719 0.124538
0 0.514820 0.269457 0.070859 0.127826
0 0.643805 0.481114 0.059609 0.116141
0 0.653375 0.605068 0.063281 0.127364
0 0.413203 0.602418 0.080625 0.101739
0 0.410641 0.404511 0.071750 0.121196
0 0.324352 0.172174 0.061359 0.120924
2 0.502344 0.570992 0.070781 0.132255
2 0.593602 0.653818 0.068734 0.128668
2 0.535320 0.664239 0.069859 0.132283
2 0.465633 0.681617 0.071078 0.120462
2 0.371703 0.518940 0.071438 0.134837
2 0.551211 0.347690 0.058703 0.128696
2 0.392609 0.298913 0.056719 0.112935
4 0.273844 0.252337 0.064812 0.127446
4 0.233359 0.421603 0.075000 0.131141
4 0.361812 0.799293 0.062250 0.145870
4 0.433750 0.507079 0.069437 0.095136
4 0.355367 0.386277 0.053609 0.125272
4 0.453836 0.311603 0.073047 0.108696
1 0.384641 0.131236 0.063594 0.104103
1 0.581148 0.256291 0.063141 0.133234
1 0.625102 0.350571 0.070953 0.128315
1 0.593523 0.430707 0.059578 0.115435
1 0.597687 0.536168 0.068969 0.118859
1 0.285984 0.758166 0.080469 0.134266
1 0.310195 0.600693 0.074172 0.132473
1 0.311414 0.473234 0.066047 0.120543
3 0.335437 0.284035 0.066969 0.119755
3 0.291719 0.364918 0.067219 0.125815
3 0.251328 0.534035 0.073875 0.127310
3 0.244234 0.653071 0.077656 0.128696
3 0.362016 0.677880 0.079219 0.121033
3 0.427914 0.791630 0.076078 0.136522
3 0.511773 0.777011 0.082734 0.118750
3 0.547234 0.492378 0.051875 0.127310
3 0.492672 0.463709 0.072969 0.096277
3 0.489000 0.371440 0.072344 0.100978
3 0.421586 0.227745 0.074016 0.083370
