0 0.306055 0.287663 0.076297 0.116413
0 0.283227 0.407962 0.068141 0.130924
0 0.326234 0.510095 0.077594 0.133832
0 0.379312 0.702622 0.073469 0.115788
0 0.649594 0.489334 0.065531 0.136386
0 0.574602 0.694117 0.071391 0.128560
0 0.514039 0.643709 0.067641 0.124484
0 0.464664 0.926046 0.079859 0.137962
0 0.387734 0.939687 0.076500 0.113288
3 0.425836 0.124728 0.077078 0.118152
3 0.363500 0.207962 0.076500 0.119783
3 0.418328 0.360557 0.063406 0.131929
3 0.398375 0.481182 0.068375 0.122582
3 0.538234 0.213438 0.074406 0.131875
3 0.581320 0.286087 0.075797 0.127011
3 0.642234 0.359647 0.072219 0.121467
3 0.458844 0.582446 0.077000 0.117935
3 0.449313 0.702717 0.071219 0.126522
3 0.320531 0.752595 0.071875 0.124810
3 0.324508 0.873057 0.080766 0.120462
4 0.528773 0.527867 0.069547 0.121766
4 0.594523 0.573057 0.072891 0.128505
4 0.621586 0.801386 0.078797 0.138913
4 0.312211 0.630000 0.077016 0.125326
4 0.478695 0.368845 0.074047 0.126875
4 0.497742 0.289647 0.074797 0.106685
2 0.509930 0.053139 0.076484 0.101929
2 0.493703 0.169361 0.072281 0.133505
2 0.353531 0.379280 0.075937 0.131277
2 0.415047 0.823274 0.075875 0.134375
2 0.539492 0.877758 0.077828 0.140951
2 0.235258 0.639728 0.078453 0.135652
1 0.217570 0.518492 0.079172 0.118940
1 0.247430 0.775707 0.080422 0.140489
1 0.504578 0.767880 0.068594 0.124185
1 0.434070 0.240625 0.072859 0.118043
1 0.565625 0.138641 0.072219 0.123967
1 0.591703 0.443166 0.060969 0.134321
1 0.534641 0.405136 0.064813 0.128967
1 0.467906 0.470557 0.076844 0.103614
2 0.382711 0.590788 0.076141 0.116739
