0 0.549352 0.119226 0.062859 0.137962
0 0.454094 0.062989 0.068125 0.094076
0 0.487391 0.139878 0.061719 0.124538
0 0.522734 0.234959 0.066844 0.117201
0 0.655352 0.493220 0.059609 0.116114
0 0.662375 0.619851 0.063281 0.127364
0 0.414734 0.613954 0.080625 0.101712
0 0.414312 0.396141 0.071750 0.121196
0 0.318242 0.125788 0.061359 0.130380
2 0.500281 0.588573 0.070406 0.132255
2 0.600906 0.675231 0.068750 0.128668
2 0.536438 0.684579 0.069875 0.132255
2 0.465914 0.700829 0.071078 0.120462
2 0.363844 0.523940 0.071438 0.134837
2 0.559961 0.340897 0.059391 0.128696
2 0.394219 0.286929 0.056719 0.112935
4 0.263312 0.215394 0.064812 0.127473
4 0.224187 0.412174 0.075000 0.128804
4 0.360500 0.811440 0.062250 0.131141
4 0.430211 0.513193 0.067453 0.104701
4 0.351625 0.376821 0.053594 0.125272
4 0.456805 0.286060 0.073047 0.108696
1 0.382266 0.107894 0.063594 0.104103
1 0.587516 0.233261 0.063156 0.132120
1 0.630500 0.349864 0.070969 0.128315
1 0.603273 0.443139 0.059578 0.115462
1 0.603375 0.564837 0.068969 0.118859
1 0.272328 0.778573 0.080469 0.134266
1 0.300484 0.637595 0.074188 0.132473
1 0.299508 0.485217 0.066047 0.120543
3 0.331695 0.253302 0.066953 0.119755
3 0.287992 0.348967 0.067203 0.125815
3 0.246234 0.537867 0.073875 0.127310
3 0.239141 0.662242 0.077656 0.128723
3 0.356094 0.688071 0.079219 0.121033
3 0.426414 0.803709 0.076078 0.133723
3 0.512117 0.796630 0.082734 0.118750
3 0.552000 0.498438 0.051875 0.127310
3 0.496578 0.469321 0.072969 0.096304
3 0.496312 0.370856 0.072344 0.100951
3 0.421703 0.189905 0.074031 0.083397
