0 0.550070 0.108546 0.063609 0.109538
0 0.450703 0.060027 0.068125 0.094076
0 0.487391 0.142242 0.061719 0.124538
0 0.524133 0.225489 0.070859 0.127826
0 0.666914 0.469878 0.059609 0.116114
0 0.677500 0.596807 0.063281 0.127364
0 0.415531 0.596399 0.080625 0.101712
0 0.412953 0.384321 0.071750 0.121196
0 0.317898 0.122826 0.061359 0.120924
2 0.508172 0.565122 0.070781 0.132255
2 0.620617 0.652188 0.068734 0.128668
2 0.549695 0.662704 0.069859 0.132255
2 0.474695 0.683492 0.071078 0.120462
2 0.366563 0.503261 0.071437 0.134837
2 0.566078 0.321984 0.058719 0.128696
2 0.396445 0.262717 0.056703 0.112935
4 0.261609 0.208302 0.064812 0.127473
4 0.218977 0.403601 0.075016 0.131114
4 0.359938 0.811603 0.062250 0.145870
4 0.434938 0.496576 0.069437 0.095109
4 0.349250 0.346087 0.053594 0.125272
4 0.456461 0.272772 0.073047 0.108696
1 0.384578 0.091848 0.063594 0.104076
1 0.598898 0.224144 0.063141 0.133234
1 0.644781 0.320910 0.070969 0.128288
1 0.619586 0.414171 0.059578 0.115462
1 0.618328 0.533505 0.068969 0.118859
1 0.281250 0.762962 0.080469 0.134239
1 0.308703 0.596005 0.074187 0.132500
1 0.307305 0.461196 0.066047 0.120543
3 0.330000 0.239117 0.066969 0.119755
3 0.286289 0.338913 0.067203 0.125815
3 0.236516 0.520611 0.073875 0.127310
3 0.230984 0.646875 0.077656 0.128696
3 0.358594 0.675326 0.079219 0.121033
3 0.430156 0.800992 0.076094 0.136549
3 0.521289 0.783641 0.082734 0.118750
3 0.560828 0.479524 0.051875 0.127310
3 0.500313 0.440367 0.072969 0.096277
3 0.497328 0.346617 0.072344 0.100951
3 0.423055 0.169823 0.074016 0.083397
