4 0.580125 0.377323 0.090313 0.129375
0 0.352969 0.343601 0.094563 0.132201
0 0.320047 0.478587 0.081969 0.161304
0 0.365742 0.609796 0.092484 0.159266
0 0.422406 0.864198 0.086125 0.147418
0 0.750852 0.639524 0.081078 0.167745
0 0.654906 0.876128 0.084000 0.160734
0 0.587836 0.805910 0.077516 0.154158
0 0.512797 0.991495 0.087625 0.017011
0 0.434102 0.991508 0.084266 0.016984
3 0.503039 0.172948 0.087047 0.127255
3 0.423461 0.261875 0.088859 0.137663
3 0.483500 0.450693 0.072969 0.154103
3 0.454555 0.593533 0.080172 0.148043
3 0.634664 0.298845 0.085734 0.152636
3 0.678352 0.386427 0.089109 0.148342
3 0.744445 0.485992 0.084078 0.138342
3 0.518961 0.721196 0.089797 0.136196
3 0.504687 0.865883 0.086250 0.153668
3 0.347187 0.915299 0.086875 0.147283
3 0.346375 0.985163 0.086563 0.029674
4 0.607445 0.668954 0.080609 0.143016
4 0.681117 0.730897 0.083328 0.154076
4 0.705211 0.953152 0.091797 0.093696
4 0.348602 0.762867 0.096828 0.150136
4 0.553953 0.462609 0.088344 0.155163
2 0.602898 0.097948 0.086297 0.133886
2 0.584602 0.232500 0.083766 0.155217
2 0.407688 0.463546 0.085938 0.146060
2 0.456547 0.960938 0.087438 0.078125
2 0.602742 0.986386 0.083328 0.027228
2 0.252250 0.763872 0.092312 0.157799
1 0.235664 0.612024 0.093141 0.139918
1 0.258859 0.920584 0.094063 0.158832
1 0.569211 0.937364 0.080297 0.125272
1 0.507188 0.309470 0.085031 0.134918
1 0.662062 0.212038 0.082875 0.138804
1 0.684297 0.578886 0.070688 0.157663
1 0.617477 0.520707 0.074359 0.146739
1 0.537148 0.593736 0.087797 0.122092
2 0.429977 0.724864 0.089828 0.135272
