0 0.531906 0.144443 0.062875 0.137962
0 0.437781 0.089022 0.068125 0.099946
0 0.473344 0.169035 0.061719 0.124538
0 0.508234 0.260761 0.066844 0.117174
0 0.634961 0.516372 0.059609 0.116114
0 0.639437 0.640530 0.063281 0.127364
0 0.397070 0.632921 0.081203 0.093560
0 0.396867 0.426875 0.071766 0.121196
0 0.301617 0.152378 0.064141 0.130408
2 0.480383 0.612812 0.070016 0.132255
2 0.579844 0.699470 0.068750 0.128668
2 0.519562 0.702500 0.069875 0.132283
2 0.443656 0.728030 0.071094 0.120462
2 0.346172 0.548179 0.071438 0.134837
2 0.537523 0.366889 0.059391 0.128668
2 0.375875 0.311168 0.056719 0.112935
4 0.253453 0.249688 0.064812 0.127473
4 0.214672 0.434049 0.075000 0.128804
4 0.348938 0.831522 0.064281 0.131141
4 0.412195 0.533274 0.067453 0.104701
4 0.338609 0.402418 0.053594 0.125272
4 0.437109 0.312337 0.066906 0.122935
1 0.369859 0.130068 0.063594 0.104103
1 0.568312 0.260149 0.063156 0.132147
1 0.612828 0.371726 0.070969 0.128288
1 0.582195 0.468560 0.059578 0.115435
1 0.583008 0.580245 0.067641 0.105815
1 0.271297 0.770897 0.080469 0.134239
1 0.294031 0.639959 0.074187 0.132473
1 0.294070 0.511821 0.066047 0.120543
3 0.319805 0.279307 0.066953 0.119755
3 0.275875 0.375163 0.067219 0.125815
3 0.233438 0.565462 0.073875 0.127337
3 0.228719 0.683125 0.077656 0.128696
3 0.344547 0.714674 0.079219 0.121033
3 0.408406 0.824389 0.076094 0.133723
3 0.496133 0.814348 0.082734 0.118750
3 0.537719 0.520122 0.051875 0.127310
3 0.477219 0.488832 0.072969 0.096304
3 0.475578 0.397446 0.072344 0.100978
3 0.404031 0.209986 0.074031 0.083397
