0 0.549727 0.139280 0.063609 0.109538
0 0.446625 0.091916 0.068125 0.095462
0 0.484672 0.170014 0.061719 0.124538
0 0.523625 0.269511 0.070844 0.127826
0 0.677102 0.530761 0.059609 0.116141
0 0.689047 0.673030 0.063281 0.127364
0 0.407250 0.667731 0.080625 0.101712
0 0.403438 0.438696 0.071750 0.121196
0 0.302266 0.153560 0.061375 0.120924
2 0.505234 0.635856 0.070781 0.132255
2 0.618578 0.740842 0.068750 0.128696
2 0.546828 0.747215 0.068469 0.118125
2 0.464562 0.767024 0.071094 0.120462
2 0.347531 0.576549 0.071438 0.134837
2 0.561492 0.372663 0.058703 0.128696
2 0.379953 0.318261 0.056719 0.112935
4 0.243094 0.251155 0.064812 0.127473
4 0.191734 0.455285 0.075000 0.131114
4 0.344984 0.908043 0.062250 0.145870
4 0.423727 0.559823 0.069422 0.095136
4 0.336000 0.412283 0.053594 0.125272
4 0.449336 0.320924 0.073047 0.108696
1 0.367469 0.136264 0.063594 0.104103
1 0.593383 0.263139 0.063141 0.133234
1 0.644352 0.378832 0.070953 0.128315
1 0.613008 0.473370 0.059578 0.115435
1 0.618836 0.606793 0.068953 0.118859
1 0.253297 0.855611 0.080469 0.134266
1 0.281680 0.674633 0.074172 0.132473
1 0.285242 0.523342 0.066047 0.120543
3 0.316742 0.284633 0.066953 0.119755
3 0.263859 0.390924 0.067219 0.125815
3 0.212250 0.593125 0.073875 0.127337
3 0.203125 0.727853 0.077656 0.128696
3 0.339094 0.761359 0.079219 0.121033
3 0.423352 0.892011 0.076078 0.136522
3 0.522648 0.875842 0.082734 0.118750
3 0.562875 0.540992 0.051875 0.127310
3 0.496406 0.507731 0.072969 0.096277
3 0.493078 0.405421 0.072344 0.100951
3 0.410820 0.215910 0.074016 0.083397
