0 0.537797 0.239035 0.062875 0.123723
0 0.451828 0.196304 0.068125 0.098859
0 0.484563 0.265340 0.064500 0.122092
0 0.515445 0.348057 0.069641 0.124375
0 0.635258 0.578302 0.059609 0.116114
0 0.641891 0.690883 0.063281 0.127364
0 0.421047 0.689660 0.081187 0.093560
0 0.418664 0.496603 0.071766 0.121196
0 0.332273 0.253098 0.064141 0.130380
2 0.497203 0.658845 0.072000 0.133397
2 0.586109 0.737758 0.068750 0.118071
2 0.528820 0.745883 0.069859 0.132255
2 0.463953 0.758030 0.066281 0.121766
2 0.372469 0.603750 0.071438 0.134837
2 0.546977 0.435462 0.059391 0.128696
2 0.401852 0.389103 0.060141 0.114130
4 0.284828 0.337269 0.060656 0.127473
4 0.249437 0.505136 0.075000 0.128804
4 0.370812 0.874076 0.064281 0.131141
4 0.436664 0.598764 0.067453 0.104701
4 0.365016 0.478451 0.053594 0.125272
4 0.456078 0.396970 0.064906 0.122908
1 0.386859 0.219905 0.063594 0.104103
1 0.571031 0.331073 0.063156 0.132147
1 0.611336 0.435910 0.070953 0.128288
1 0.584273 0.522935 0.059578 0.115435
1 0.581273 0.631332 0.065516 0.107989
1 0.294078 0.825462 0.080469 0.134239
1 0.320195 0.695516 0.074172 0.132500
1 0.319727 0.569429 0.066047 0.120543
3 0.343820 0.367812 0.066953 0.119755
3 0.303586 0.454212 0.067203 0.125815
3 0.266000 0.622486 0.073875 0.127310
3 0.262266 0.731332 0.076563 0.128696
3 0.370078 0.759769 0.079219 0.121005
3 0.428555 0.867052 0.078172 0.133723
3 0.506375 0.854076 0.078750 0.110380
3 0.545109 0.585394 0.051875 0.127310
3 0.493281 0.558967 0.068219 0.102174
3 0.492766 0.467867 0.072344 0.100951
3 0.427266 0.302201 0.074031 0.083370
