0 0.529336 0.227935 0.063609 0.109511
0 0.440727 0.188098 0.068109 0.094076
0 0.474820 0.258682 0.061703 0.124538
0 0.505867 0.339796 0.062078 0.106603
0 0.626469 0.560299 0.059625 0.116141
0 0.636047 0.677758 0.063281 0.127364
0 0.410313 0.678954 0.080625 0.101712
0 0.405930 0.482826 0.071766 0.121196
0 0.318578 0.245761 0.061375 0.120924
2 0.488234 0.645611 0.070781 0.132255
2 0.580859 0.724878 0.068750 0.128668
2 0.524547 0.732446 0.069875 0.132283
2 0.454984 0.754035 0.071094 0.120462
2 0.361344 0.593886 0.071438 0.134837
2 0.538391 0.429538 0.058719 0.128696
2 0.385875 0.372554 0.056719 0.112935
4 0.274062 0.331508 0.064812 0.127473
4 0.238828 0.500666 0.075000 0.131114
4 0.358805 0.860380 0.062234 0.145870
4 0.425086 0.585231 0.069422 0.095136
4 0.353602 0.468315 0.053609 0.125272
4 0.445133 0.379728 0.073047 0.108696
1 0.378859 0.223152 0.063594 0.104076
1 0.562203 0.329416 0.063156 0.132147
1 0.602867 0.411522 0.070953 0.128315
1 0.578125 0.503614 0.059594 0.115435
1 0.579922 0.610938 0.068969 0.118886
1 0.286781 0.815000 0.080469 0.134239
1 0.310344 0.670693 0.074188 0.132473
1 0.306648 0.552582 0.066047 0.120543
3 0.332375 0.355557 0.066969 0.119755
3 0.291727 0.441766 0.067203 0.125815
3 0.253594 0.609185 0.073875 0.127337
3 0.244344 0.727255 0.077656 0.128696
3 0.358812 0.748356 0.079219 0.121005
3 0.421547 0.856943 0.076094 0.136549
3 0.499883 0.839783 0.082734 0.118750
3 0.535344 0.569361 0.051875 0.127310
3 0.482312 0.538465 0.072969 0.096277
3 0.482375 0.453601 0.072344 0.100951
3 0.412188 0.292351 0.074031 0.083397
