4 0.537148 0.317446 0.078047 0.105163
0 0.330000 0.321481 0.086281 0.120625
0 0.305281 0.444660 0.076969 0.138832
0 0.352164 0.554755 0.085391 0.140924
0 0.410648 0.768709 0.075422 0.128505
0 0.702656 0.529524 0.070937 0.150734
0 0.627266 0.755571 0.076531 0.150761
0 0.562578 0.699171 0.074219 0.139973
0 0.511484 0.971264 0.087625 0.057473
0 0.420891 0.984416 0.084281 0.031168
3 0.457594 0.156033 0.077094 0.116087
3 0.393414 0.238981 0.081266 0.120353
3 0.453609 0.400149 0.072969 0.142255
3 0.431875 0.525679 0.072219 0.140380
3 0.579406 0.238043 0.074875 0.133207
3 0.624906 0.322432 0.078562 0.134484
3 0.692070 0.397935 0.075141 0.127120
3 0.498797 0.634918 0.082406 0.136196
3 0.488055 0.766997 0.077359 0.148071
3 0.346305 0.826454 0.082734 0.138234
3 0.348766 0.948261 0.086563 0.103478
4 0.573586 0.572296 0.073734 0.131495
4 0.643961 0.623451 0.077641 0.146902
4 0.681562 0.876658 0.087656 0.158370
4 0.337672 0.688043 0.086594 0.144293
4 0.516984 0.394810 0.079469 0.140163
2 0.544758 0.079212 0.077016 0.111141
2 0.529492 0.200340 0.072266 0.134212
2 0.380906 0.421576 0.081812 0.142446
2 0.451617 0.901277 0.087422 0.153370
2 0.591914 0.942079 0.083328 0.115842
2 0.250805 0.700353 0.085984 0.150815
1 0.232203 0.566658 0.086594 0.118967
1 0.261570 0.855557 0.089203 0.161223
1 0.550687 0.837215 0.072063 0.154973
1 0.466602 0.274552 0.076891 0.118071
1 0.605125 0.169361 0.072219 0.123234
1 0.639734 0.481807 0.060969 0.142582
1 0.574242 0.442283 0.074359 0.136087
1 0.506883 0.510245 0.078891 0.109402
2 0.414844 0.644402 0.078125 0.135380
