3 0.356344 0.233926 0.060083 0.092444
4 0.545120 0.155824 0.061813 0.086574
3 0.423654 0.187477 0.049297 0.086861
4 0.466247 0.157278 0.048318 0.101815
0 0.197083 0.224583 0.046375 0.081426
0 0.255177 0.256144 0.053156 0.085917
0 0.279318 0.187000 0.055281 0.083796
0 0.354094 0.155907 0.065000 0.083056
1 0.423969 0.484667 0.043750 0.079944
1 0.215141 0.271833 0.041792 0.072630
0 0.247727 0.122708 0.049286 0.058361
0 0.295693 0.133347 0.042521 0.068731
1 0.238828 0.176764 0.043490 0.082472
3 0.331568 0.079769 0.051229 0.069185
3 0.389818 0.076843 0.057990 0.071759
1 0.298549 0.253403 0.044474 0.081657
4 0.278901 0.055241 0.056417 0.082963
4 0.357164 0.324301 0.049245 0.085861
2 0.478219 0.327944 0.044510 0.070704
3 0.506969 0.871560 0.065198 0.081787
3 0.556760 0.572486 0.071521 0.115120
3 0.858372 0.928514 0.084318 0.108454
1 0.227669 0.939120 0.076099 0.121759
4 0.327188 0.560264 0.062823 0.101380
0 0.247667 0.324519 0.044865 0.087500
3 0.532737 0.391560 0.053151 0.110269
1 0.525159 0.495338 0.048141 0.083898
1 0.502430 0.519644 0.055245 0.094769
1 0.528042 0.311218 0.061792 0.111324
2 0.450289 0.273019 0.057630 0.096056
2 0.250547 0.516838 0.053354 0.096250
2 0.220776 0.387440 0.055813 0.102324
2 0.291344 0.361593 0.049813 0.081444
2 0.443753 0.488667 0.059745 0.095704
3 0.344062 0.455722 0.053333 0.086037
3 0.476310 0.401241 0.057630 0.089648
3 0.400414 0.273690 0.056224 0.088824
