0 0.545953 0.245149 0.062875 0.123723
0 0.456813 0.204905 0.068125 0.098832
0 0.488711 0.275856 0.064516 0.122092
0 0.522695 0.356644 0.069641 0.124375
0 0.638687 0.581005 0.058219 0.116141
0 0.645211 0.693139 0.065297 0.127364
0 0.427984 0.694389 0.081187 0.093560
0 0.422820 0.501332 0.071766 0.121196
0 0.339680 0.261712 0.064141 0.130380
2 0.499383 0.656563 0.072016 0.133397
2 0.593094 0.744986 0.068750 0.118071
2 0.534062 0.746644 0.069875 0.132255
2 0.471906 0.769946 0.064187 0.120598
2 0.383375 0.601386 0.071438 0.134837
2 0.556133 0.444918 0.059391 0.128696
2 0.406461 0.392731 0.060141 0.114103
4 0.293250 0.344239 0.060656 0.127446
4 0.254766 0.514130 0.075000 0.128804
4 0.381500 0.878342 0.064281 0.131141
4 0.441078 0.597704 0.067438 0.104701
4 0.369641 0.481997 0.053594 0.125299
4 0.460523 0.396481 0.064922 0.122908
1 0.397047 0.226399 0.063594 0.104103
1 0.580969 0.341644 0.063156 0.132147
1 0.614875 0.432011 0.070969 0.128315
1 0.589133 0.532609 0.059578 0.115435
1 0.592227 0.632323 0.065516 0.108016
1 0.304484 0.827867 0.080469 0.134266
1 0.327336 0.692717 0.074172 0.132500
1 0.330430 0.572092 0.066047 0.120543
3 0.353375 0.375285 0.066969 0.119755
3 0.311305 0.454511 0.067203 0.125815
3 0.273422 0.626535 0.073875 0.127310
3 0.269523 0.740842 0.075672 0.128696
3 0.379203 0.760774 0.079219 0.121005
3 0.437266 0.866359 0.078156 0.133696
3 0.515211 0.857446 0.078766 0.110380
3 0.548938 0.592418 0.051875 0.127337
3 0.498367 0.559443 0.068203 0.102201
3 0.498687 0.477826 0.072344 0.100978
3 0.430188 0.311073 0.074031 0.083397
