0 0.343781 0.232242 0.075094 0.116929
0 0.322984 0.344049 0.071531 0.131739
0 0.366039 0.440177 0.077828 0.134864
0 0.426484 0.618424 0.072719 0.115978
0 0.693758 0.400435 0.065391 0.136793
0 0.625719 0.600802 0.071844 0.140190
0 0.563203 0.553601 0.066688 0.124592
0 0.517984 0.845774 0.080219 0.155571
0 0.437469 0.875082 0.077969 0.147500
3 0.458273 0.073111 0.077109 0.108886
3 0.398398 0.152323 0.077109 0.120353
3 0.456703 0.294959 0.062781 0.129158
3 0.441734 0.405693 0.068813 0.122527
3 0.572273 0.141997 0.074859 0.133234
3 0.617336 0.210054 0.075797 0.128533
3 0.677930 0.283057 0.071078 0.121821
3 0.504633 0.494511 0.076422 0.118370
3 0.497180 0.615707 0.070234 0.126793
3 0.364453 0.674130 0.071937 0.124185
3 0.372180 0.799361 0.080578 0.129538
4 0.570602 0.440707 0.069922 0.122065
4 0.642164 0.480217 0.072922 0.127989
4 0.677891 0.703967 0.078906 0.139348
4 0.358125 0.552826 0.077000 0.125272
4 0.515898 0.278940 0.075391 0.127228
4 0.532898 0.230163 0.076047 0.107554
2 0.539617 0.026780 0.077016 0.053560
2 0.525695 0.114062 0.072266 0.134212
2 0.393727 0.313302 0.076359 0.133071
2 0.465211 0.742242 0.077953 0.134375
2 0.594383 0.789823 0.077828 0.145679
2 0.280187 0.572364 0.078469 0.135652
1 0.257305 0.453995 0.079172 0.118967
1 0.291656 0.702758 0.080438 0.144429
1 0.554188 0.677092 0.068594 0.134946
1 0.470437 0.179511 0.072875 0.118043
1 0.595734 0.075326 0.072219 0.110163
1 0.631406 0.352649 0.060969 0.134321
1 0.575844 0.329280 0.064812 0.128940
1 0.507234 0.388410 0.076844 0.103614
2 0.425211 0.508628 0.076141 0.116712
