0 0.308266 0.231236 0.075094 0.116929
0 0.286492 0.350109 0.071516 0.131739
0 0.331391 0.450082 0.077844 0.134837
0 0.380008 0.638723 0.072703 0.115978
0 0.653430 0.426495 0.065391 0.136793
0 0.579484 0.627296 0.071844 0.128179
0 0.519937 0.578125 0.066688 0.124565
0 0.469766 0.861793 0.080219 0.140543
0 0.391875 0.879348 0.076781 0.133207
3 0.427109 0.069837 0.077094 0.118207
3 0.366172 0.150082 0.077125 0.120380
3 0.421891 0.303057 0.062781 0.129158
3 0.400313 0.430367 0.068813 0.122527
3 0.541414 0.159742 0.074859 0.133234
3 0.585180 0.229647 0.075797 0.128533
3 0.644992 0.304769 0.071078 0.121821
3 0.466266 0.518451 0.076438 0.118370
3 0.451250 0.642011 0.070219 0.126793
3 0.322141 0.687174 0.071937 0.124185
3 0.330164 0.811712 0.080578 0.121304
4 0.532508 0.468152 0.069922 0.122065
4 0.596680 0.508709 0.072922 0.128016
4 0.626938 0.730815 0.078906 0.139348
4 0.316633 0.568899 0.077016 0.125245
4 0.482289 0.301766 0.075391 0.127228
4 0.501539 0.223261 0.076047 0.107554
2 0.513523 0.027242 0.077016 0.054484
2 0.497984 0.112296 0.072281 0.134212
2 0.355625 0.324198 0.076375 0.133071
2 0.420766 0.761644 0.075875 0.134375
2 0.542930 0.812160 0.077828 0.140951
2 0.240969 0.580095 0.078469 0.135679
1 0.222148 0.460842 0.079172 0.118967
1 0.250859 0.714090 0.080437 0.140462
1 0.509156 0.702283 0.068594 0.124185
1 0.437508 0.182989 0.072859 0.118043
1 0.571344 0.080353 0.072219 0.123967
1 0.596273 0.381549 0.060984 0.134293
1 0.538062 0.349484 0.064813 0.128967
1 0.473625 0.412921 0.076844 0.103614
2 0.385000 0.533139 0.076156 0.116712
