0 0.540516 0.238641 0.062875 0.123696
0 0.453414 0.193682 0.068109 0.098832
0 0.484641 0.266399 0.064500 0.122092
0 0.517938 0.344633 0.069625 0.124375
0 0.634266 0.571549 0.058219 0.116141
0 0.639773 0.683084 0.065297 0.127364
0 0.420852 0.682568 0.081203 0.093560
0 0.417719 0.489511 0.071750 0.121196
0 0.333555 0.245747 0.064141 0.130408
2 0.492250 0.651834 0.072000 0.133397
2 0.583922 0.734660 0.068750 0.118071
2 0.530328 0.739552 0.069875 0.132255
2 0.466805 0.761073 0.064203 0.120571
2 0.382523 0.601386 0.071422 0.134837
2 0.550617 0.438995 0.059391 0.128696
2 0.401594 0.388587 0.060125 0.114130
4 0.285781 0.328872 0.060656 0.127473
4 0.249562 0.503777 0.075000 0.128804
4 0.377758 0.864158 0.064297 0.131141
4 0.435305 0.588438 0.067453 0.104701
4 0.365109 0.472935 0.053594 0.125272
4 0.456484 0.389171 0.064906 0.122908
1 0.389797 0.221481 0.063594 0.104103
1 0.569891 0.335204 0.063156 0.132147
1 0.609437 0.428071 0.070969 0.128315
1 0.586414 0.521984 0.059578 0.115435
1 0.589055 0.622867 0.065516 0.108016
1 0.300406 0.823139 0.080469 0.134266
1 0.323937 0.684592 0.074187 0.132500
1 0.322961 0.562636 0.066047 0.120543
3 0.347445 0.364796 0.066953 0.119755
3 0.303961 0.447663 0.067203 0.125815
3 0.269344 0.612935 0.073875 0.127337
3 0.262562 0.726060 0.075687 0.128696
3 0.374312 0.750367 0.079219 0.121005
3 0.433195 0.857880 0.078172 0.133696
3 0.509094 0.845625 0.078750 0.110380
3 0.542828 0.581182 0.051875 0.127310
3 0.493695 0.555000 0.068203 0.102174
3 0.493594 0.464823 0.072344 0.100951
3 0.425766 0.302799 0.074031 0.083370
