0 0.528281 0.151128 0.062875 0.137962
0 0.433023 0.104959 0.068109 0.091712
0 0.465641 0.182432 0.061719 0.124538
0 0.503023 0.280462 0.066828 0.117174
0 0.633602 0.526603 0.059609 0.116141
0 0.640125 0.648804 0.063281 0.127337
0 0.397031 0.644103 0.078531 0.098207
0 0.393242 0.432772 0.071766 0.121196
0 0.299586 0.170109 0.064141 0.130380
2 0.483109 0.605720 0.070031 0.132255
2 0.581883 0.697106 0.068734 0.128668
2 0.517078 0.699348 0.069875 0.132283
2 0.449773 0.718573 0.071078 0.120462
2 0.351609 0.546997 0.071438 0.134864
2 0.536164 0.369266 0.059391 0.128696
2 0.376094 0.322582 0.056719 0.112935
4 0.248016 0.261101 0.064812 0.127473
4 0.209922 0.448832 0.075000 0.128804
4 0.346227 0.844538 0.064297 0.131141
4 0.414234 0.543927 0.067437 0.104701
4 0.334977 0.414647 0.053609 0.125272
4 0.436758 0.328288 0.073047 0.122935
1 0.367141 0.128886 0.063594 0.104076
1 0.571031 0.238872 0.063156 0.132147
1 0.607398 0.356359 0.070953 0.128315
1 0.584242 0.453179 0.059578 0.115435
1 0.580281 0.577880 0.067656 0.105815
1 0.271312 0.773247 0.080469 0.134266
1 0.293352 0.630503 0.074172 0.132473
1 0.292039 0.504728 0.066047 0.120543
3 0.313234 0.293084 0.066969 0.119755
3 0.269641 0.389158 0.067219 0.125815
3 0.229922 0.573342 0.073875 0.127337
3 0.224531 0.695924 0.077656 0.128696
3 0.343187 0.715856 0.079219 0.121005
3 0.411805 0.835027 0.076078 0.133696
3 0.490703 0.821440 0.082750 0.118750
3 0.532734 0.532323 0.051875 0.127310
3 0.476531 0.497894 0.072969 0.096277
3 0.475578 0.406318 0.072344 0.100951
3 0.401984 0.223601 0.074031 0.083397
