0 0.542555 0.214959 0.062859 0.137962
0 0.454773 0.165312 0.068109 0.098832
0 0.485992 0.245122 0.064516 0.122092
0 0.518625 0.322962 0.069625 0.124402
0 0.641078 0.564443 0.059625 0.116114
0 0.650328 0.684266 0.063281 0.127337
0 0.422211 0.682568 0.081203 0.093560
0 0.416352 0.480054 0.071766 0.121196
0 0.330164 0.228016 0.064141 0.130380
2 0.502812 0.649443 0.070031 0.132255
2 0.600234 0.732568 0.068750 0.128668
2 0.540188 0.744266 0.069875 0.132283
2 0.472203 0.758764 0.071094 0.120462
2 0.372672 0.600204 0.071438 0.134864
2 0.556562 0.416535 0.059375 0.128668
2 0.398297 0.371440 0.056719 0.112935
4 0.280641 0.312323 0.064812 0.127473
4 0.239141 0.495516 0.075000 0.128804
4 0.365930 0.866984 0.064297 0.131141
4 0.435305 0.586481 0.067453 0.104701
4 0.364891 0.459538 0.053594 0.125272
4 0.458531 0.382079 0.064906 0.122908
1 0.392297 0.200992 0.063594 0.104103
1 0.592094 0.318057 0.063156 0.132147
1 0.620984 0.421372 0.070969 0.128288
1 0.606664 0.514647 0.059578 0.115435
1 0.599320 0.622785 0.067641 0.105788
1 0.306656 0.825272 0.080469 0.134239
1 0.321898 0.688424 0.074172 0.132500
1 0.326008 0.556739 0.066047 0.120543
3 0.341555 0.345489 0.066953 0.119783
3 0.300563 0.433478 0.067219 0.125815
3 0.260852 0.618247 0.073859 0.127310
3 0.254766 0.731984 0.077656 0.128696
3 0.365609 0.753682 0.079219 0.121005
3 0.428437 0.859864 0.078156 0.133696
3 0.510430 0.852174 0.084141 0.118750
3 0.548602 0.571726 0.051891 0.127310
3 0.496922 0.539660 0.072969 0.096277
3 0.494609 0.451821 0.072344 0.100978
3 0.423734 0.282106 0.074031 0.083397
