0 0.303305 0.293356 0.075297 0.116984
0 0.280969 0.412636 0.068062 0.130652
0 0.325844 0.512120 0.078000 0.134293
0 0.378312 0.707351 0.073625 0.115951
0 0.647961 0.493410 0.065297 0.136114
0 0.573320 0.698261 0.071484 0.130109
0 0.512508 0.648886 0.067734 0.125000
0 0.463562 0.928764 0.080031 0.135625
0 0.385688 0.941359 0.076625 0.108478
3 0.424922 0.130285 0.076344 0.117908
3 0.362070 0.211264 0.076391 0.119592
3 0.415445 0.367378 0.062984 0.129592
3 0.396977 0.486196 0.068109 0.121848
3 0.536187 0.218641 0.075281 0.131793
3 0.580141 0.289905 0.075781 0.127310
3 0.639820 0.366304 0.071453 0.120652
3 0.456820 0.586209 0.076828 0.118505
3 0.447539 0.706753 0.071422 0.126821
3 0.319258 0.759647 0.072203 0.125435
3 0.321945 0.877704 0.080359 0.121277
4 0.527156 0.532364 0.069844 0.122446
4 0.593070 0.575543 0.073047 0.127446
4 0.621055 0.805448 0.079234 0.139103
4 0.311234 0.636114 0.077187 0.125707
4 0.475859 0.371916 0.074656 0.127255
4 0.494531 0.293329 0.075969 0.106168
2 0.507719 0.053601 0.075812 0.107092
2 0.493156 0.172459 0.073156 0.133940
2 0.351430 0.385978 0.075953 0.131250
2 0.413523 0.825951 0.075641 0.133696
2 0.538430 0.883696 0.077828 0.140598
2 0.234320 0.643859 0.078484 0.135380
1 0.215281 0.524171 0.079281 0.117853
1 0.245578 0.778410 0.080563 0.140516
1 0.503141 0.771753 0.068375 0.124158
1 0.432586 0.245163 0.073047 0.118478
1 0.565008 0.142323 0.072016 0.123342
1 0.590609 0.447935 0.061313 0.133859
1 0.532453 0.411236 0.065500 0.129810
1 0.467070 0.473913 0.076859 0.104022
2 0.380945 0.596576 0.075672 0.117011
