0 0.507250 0.145788 0.063625 0.109511
0 0.409469 0.109063 0.068125 0.095462
0 0.444453 0.182024 0.061719 0.124538
0 0.485047 0.268043 0.070844 0.127826
0 0.624773 0.495082 0.059609 0.116141
0 0.637406 0.617283 0.063281 0.127337
0 0.381766 0.629307 0.078594 0.095788
0 0.375945 0.420951 0.067734 0.121196
0 0.280516 0.174837 0.061375 0.120924
2 0.471937 0.593302 0.070781 0.132255
2 0.581656 0.681345 0.068750 0.128668
2 0.513016 0.691046 0.059625 0.118125
2 0.438227 0.715014 0.071078 0.120462
2 0.329148 0.545815 0.062547 0.134837
2 0.526773 0.353954 0.058703 0.112038
2 0.356516 0.311196 0.052656 0.103533
4 0.228984 0.265041 0.064812 0.127473
4 0.182727 0.451753 0.075016 0.131114
4 0.329430 0.844239 0.058922 0.133967
4 0.398234 0.528492 0.069437 0.095136
4 0.314586 0.401060 0.053609 0.125272
4 0.417828 0.315897 0.068281 0.108696
1 0.347875 0.158030 0.063594 0.104103
1 0.555734 0.261359 0.055656 0.105978
1 0.600141 0.355842 0.064187 0.098641
1 0.580188 0.442500 0.054188 0.100000
1 0.572211 0.562052 0.068953 0.117364
1 0.245250 0.812255 0.080469 0.134239
1 0.273297 0.640489 0.074188 0.121739
1 0.270258 0.504728 0.059172 0.120543
3 0.294313 0.291726 0.066969 0.119755
3 0.247195 0.384239 0.065141 0.125815
3 0.202734 0.569198 0.073875 0.127310
3 0.196313 0.691196 0.077656 0.128696
3 0.324148 0.709647 0.079234 0.121033
3 0.399250 0.833709 0.074094 0.136549
3 0.487758 0.810027 0.082734 0.118750
3 0.523781 0.507310 0.051875 0.127337
3 0.462703 0.478342 0.072969 0.088098
3 0.459266 0.387391 0.072344 0.086793
3 0.381594 0.220639 0.074031 0.083397
