0 0.522492 0.238655 0.066922 0.123723
0 0.435063 0.195149 0.068125 0.098832
0 0.466984 0.268614 0.067187 0.122011
0 0.500609 0.354878 0.069625 0.124375
0 0.616258 0.571549 0.058234 0.116141
0 0.623133 0.688410 0.065297 0.127364
0 0.403172 0.688478 0.077094 0.093587
0 0.398234 0.494647 0.071750 0.121196
0 0.315555 0.256970 0.064141 0.130408
2 0.481883 0.652432 0.072016 0.133397
2 0.571688 0.731997 0.068750 0.118071
2 0.513711 0.743696 0.066422 0.132228
2 0.449422 0.761427 0.064188 0.120571
2 0.361797 0.611440 0.071438 0.134837
2 0.533117 0.446087 0.059391 0.128696
2 0.386070 0.387405 0.060141 0.114103
4 0.268109 0.336861 0.060656 0.127473
4 0.231828 0.507038 0.075000 0.128804
4 0.358281 0.869375 0.064281 0.131141
4 0.419328 0.595924 0.067437 0.104728
4 0.345516 0.479647 0.053594 0.125272
4 0.439156 0.395082 0.064906 0.122935
1 0.377000 0.218139 0.063594 0.104103
1 0.559734 0.335639 0.063156 0.132147
1 0.597547 0.426101 0.070969 0.128288
1 0.573867 0.541603 0.059578 0.115435
1 0.572172 0.629810 0.065531 0.107989
1 0.291188 0.820543 0.080469 0.134239
1 0.310008 0.693750 0.074172 0.132500
1 0.303242 0.571522 0.066047 0.120543
3 0.328297 0.369728 0.066969 0.119783
3 0.289016 0.453261 0.067219 0.125815
3 0.249984 0.620639 0.073875 0.127310
3 0.245398 0.736114 0.075672 0.128696
3 0.352789 0.753043 0.075828 0.122283
3 0.412969 0.861046 0.078156 0.133723
3 0.489891 0.847405 0.078750 0.110353
3 0.526859 0.582079 0.051875 0.127310
3 0.471531 0.556957 0.068219 0.102174
3 0.474891 0.467188 0.072344 0.100951
3 0.409453 0.303397 0.074031 0.083370
