0 0.520828 0.221698 0.063625 0.109538
0 0.436422 0.186902 0.068125 0.094076
0 0.463438 0.254823 0.061719 0.124538
0 0.495258 0.325082 0.066078 0.103152
0 0.614227 0.522840 0.059609 0.116114
0 0.623812 0.633207 0.063281 0.127337
0 0.405047 0.633152 0.080625 0.101739
0 0.399977 0.454022 0.071766 0.121196
0 0.321391 0.237079 0.061375 0.120951
2 0.483016 0.605204 0.070781 0.132255
2 0.572531 0.682038 0.068750 0.128696
2 0.516148 0.685937 0.069859 0.132255
2 0.451461 0.703166 0.071078 0.120462
2 0.357891 0.559402 0.071438 0.134837
2 0.528187 0.405897 0.058719 0.128696
2 0.384969 0.356332 0.056719 0.112935
4 0.273844 0.315571 0.064812 0.127446
4 0.236937 0.465938 0.075000 0.131114
4 0.356992 0.818179 0.062234 0.145870
4 0.419203 0.550489 0.069437 0.095109
4 0.349250 0.434158 0.053594 0.125272
4 0.440086 0.363913 0.073047 0.108696
1 0.381406 0.206603 0.063594 0.104076
1 0.552680 0.303057 0.063141 0.133234
1 0.593125 0.395082 0.070969 0.128315
1 0.573977 0.469293 0.059578 0.115435
1 0.568539 0.576658 0.068953 0.118859
1 0.288641 0.768682 0.080469 0.134266
1 0.311930 0.630503 0.074172 0.132473
1 0.314914 0.523641 0.066047 0.120543
3 0.333227 0.339008 0.066953 0.119755
3 0.293422 0.413995 0.067219 0.125815
3 0.257219 0.569796 0.073875 0.127310
3 0.249437 0.680978 0.077656 0.128696
3 0.356094 0.695353 0.079219 0.121033
3 0.417211 0.804198 0.076078 0.136549
3 0.497930 0.787337 0.082734 0.118750
3 0.527531 0.531535 0.051875 0.127310
3 0.476359 0.507731 0.072969 0.096277
3 0.473203 0.423736 0.072344 0.100951
3 0.410656 0.286535 0.074031 0.083397
