0 0.546555 0.248030 0.063609 0.109538
0 0.448656 0.210163 0.068125 0.094076
0 0.480828 0.279361 0.061719 0.124538
0 0.519688 0.379198 0.062062 0.106603
0 0.652633 0.626304 0.059609 0.116141
0 0.657109 0.753614 0.063281 0.127337
0 0.412016 0.748709 0.080625 0.101712
0 0.410234 0.530897 0.071750 0.121196
0 0.318578 0.262310 0.061375 0.120924
2 0.497078 0.678057 0.070781 0.132255
2 0.602859 0.802976 0.068750 0.128668
2 0.530438 0.791155 0.069875 0.132255
2 0.462008 0.817459 0.071078 0.120462
2 0.368188 0.649592 0.071438 0.134837
2 0.550789 0.459674 0.059391 0.128696
2 0.392094 0.407255 0.056719 0.112935
4 0.264328 0.356834 0.064812 0.127473
4 0.225547 0.539239 0.075000 0.128804
4 0.356078 0.936168 0.062250 0.127663
4 0.432469 0.639946 0.069156 0.096522
4 0.354547 0.508030 0.053594 0.125299
4 0.451703 0.426440 0.073063 0.108696
1 0.380125 0.212405 0.063594 0.104103
1 0.579187 0.357079 0.063156 0.132147
1 0.624602 0.460815 0.070953 0.128315
1 0.595789 0.561929 0.059578 0.115435
1 0.595219 0.669443 0.068969 0.118886
1 0.285922 0.876101 0.080469 0.134266
1 0.313742 0.748234 0.074172 0.132500
1 0.308008 0.602228 0.066047 0.120543
3 0.330680 0.380571 0.066953 0.119783
3 0.286797 0.478995 0.067219 0.125815
3 0.240453 0.669864 0.073875 0.127337
3 0.231891 0.796603 0.077656 0.128696
3 0.357453 0.822826 0.079219 0.121033
3 0.424039 0.930924 0.076078 0.135598
3 0.510641 0.929810 0.082750 0.118750
3 0.547922 0.634375 0.051875 0.127337
3 0.493297 0.599552 0.072969 0.096277
3 0.491891 0.500679 0.072344 0.100978
3 0.421836 0.318750 0.074016 0.083370
