4 0.536109 0.311549 0.074688 0.105163
0 0.329328 0.314389 0.086281 0.120625
0 0.305281 0.438750 0.076969 0.138859
0 0.352398 0.543342 0.085391 0.140924
0 0.409289 0.756889 0.075422 0.128505
0 0.700937 0.520136 0.068188 0.147337
0 0.627953 0.746114 0.076531 0.150761
0 0.563266 0.693261 0.074219 0.140000
0 0.510125 0.963872 0.087625 0.072255
0 0.420555 0.978804 0.084266 0.042391
3 0.456906 0.151304 0.077094 0.116087
3 0.390930 0.233872 0.081266 0.120353
3 0.452922 0.388927 0.072969 0.142255
3 0.431531 0.516223 0.072219 0.140380
3 0.576688 0.226223 0.074875 0.133207
3 0.622188 0.314185 0.078562 0.127446
3 0.689688 0.384063 0.075125 0.121821
3 0.498797 0.621916 0.082406 0.136223
3 0.486852 0.756372 0.077016 0.148125
3 0.343586 0.816997 0.082734 0.133505
3 0.348766 0.941168 0.086563 0.117663
4 0.573063 0.559266 0.073375 0.129185
4 0.644305 0.609266 0.077641 0.146902
4 0.679352 0.863370 0.087641 0.158370
4 0.337672 0.682133 0.086594 0.144321
4 0.516984 0.384783 0.079469 0.131848
2 0.542039 0.070353 0.077016 0.105217
2 0.527453 0.188519 0.072281 0.134212
2 0.380242 0.413913 0.079766 0.142446
2 0.451617 0.891223 0.087422 0.153370
2 0.591227 0.935285 0.083328 0.129429
2 0.249445 0.697989 0.085984 0.150815
1 0.232883 0.559565 0.086609 0.118967
1 0.260891 0.846101 0.089187 0.161223
1 0.551367 0.825408 0.072047 0.154946
1 0.465586 0.265679 0.076891 0.118043
1 0.603766 0.162296 0.072219 0.118560
1 0.640078 0.470571 0.060969 0.142609
1 0.575602 0.436372 0.074359 0.136114
1 0.506883 0.507351 0.078891 0.103614
2 0.414500 0.636726 0.078125 0.135353
