3 0.284409 0.026208 0.059151 0.052417
3 0.228156 0.200870 0.067271 0.103093
3 0.169008 0.100870 0.060307 0.105148
3 0.304318 0.719532 0.086021 0.137454
3 0.408214 0.297708 0.071521 0.115120
3 0.750354 0.785685 0.083115 0.142611
1 0.099904 0.539977 0.083120 0.132306
4 0.175292 0.259051 0.067656 0.109972
0 0.100581 0.029301 0.060307 0.058602
3 0.111018 0.125616 0.057995 0.117528
1 0.245555 0.104995 0.067266 0.092787
1 0.292526 0.169944 0.066104 0.098963
1 0.348195 0.110148 0.063786 0.111333
2 0.345182 0.025796 0.061469 0.051593
2 0.076690 0.201079 0.076547 0.113398
2 0.062771 0.052602 0.053354 0.105204
2 0.145695 0.030972 0.056828 0.053611
2 0.198602 0.038009 0.051026 0.076019
