0 0.341062 0.239742 0.075094 0.116929
0 0.320797 0.347405 0.071531 0.131766
0 0.363242 0.441223 0.077828 0.134837
0 0.418742 0.624565 0.072703 0.115978
0 0.681961 0.415408 0.065391 0.136793
0 0.614922 0.604959 0.071844 0.140190
0 0.552406 0.561549 0.066688 0.124565
0 0.507844 0.848927 0.080219 0.148397
0 0.430898 0.871793 0.076766 0.139130
3 0.452828 0.086046 0.077094 0.108886
3 0.395922 0.165340 0.077125 0.120353
3 0.451453 0.301196 0.062781 0.129130
3 0.436187 0.412418 0.068813 0.122500
3 0.565359 0.151345 0.074875 0.133234
3 0.608398 0.225842 0.075797 0.128533
3 0.667734 0.293519 0.071062 0.121821
3 0.494656 0.508505 0.076438 0.118370
3 0.489195 0.627120 0.070234 0.126793
3 0.361547 0.678139 0.071937 0.124212
3 0.366539 0.797609 0.080578 0.121304
4 0.561883 0.446236 0.069922 0.122038
4 0.627867 0.491562 0.072922 0.128016
4 0.664375 0.711495 0.078906 0.139348
4 0.352172 0.559484 0.077000 0.125272
4 0.507227 0.293397 0.075391 0.127228
4 0.524086 0.232758 0.076047 0.107527
2 0.531883 0.031223 0.077016 0.060543
2 0.518742 0.118682 0.072266 0.134212
2 0.387938 0.326739 0.076375 0.133043
2 0.456328 0.742242 0.075875 0.134375
2 0.583367 0.792853 0.077828 0.140924
2 0.276219 0.570992 0.078469 0.135679
1 0.258117 0.455163 0.079172 0.118967
1 0.290516 0.708247 0.080437 0.140462
1 0.545297 0.684524 0.068594 0.124158
1 0.461680 0.184973 0.072859 0.118043
1 0.587266 0.087717 0.072219 0.110163
1 0.621625 0.368438 0.060969 0.134321
1 0.564516 0.340924 0.064812 0.128967
1 0.501563 0.394742 0.076844 0.103614
2 0.420031 0.514946 0.076156 0.116739
