0 0.550555 0.242717 0.063234 0.109511
0 0.452734 0.193016 0.068125 0.094076
0 0.486375 0.274035 0.061719 0.124538
0 0.523203 0.364823 0.062062 0.106603
0 0.658758 0.632405 0.059609 0.116114
0 0.665781 0.764361 0.063281 0.127364
0 0.412867 0.750476 0.080641 0.101712
0 0.412953 0.531467 0.071750 0.121196
0 0.319094 0.252554 0.061375 0.120924
2 0.497922 0.678927 0.070781 0.132255
2 0.604313 0.798764 0.068750 0.128668
2 0.534062 0.807215 0.069875 0.132255
2 0.463711 0.830557 0.071078 0.120462
2 0.367172 0.649008 0.071438 0.134864
2 0.556164 0.466087 0.059391 0.128696
2 0.391844 0.399239 0.056719 0.112935
4 0.261953 0.351128 0.064812 0.127473
4 0.218750 0.538071 0.075000 0.128804
4 0.357016 0.942976 0.062250 0.112582
4 0.431391 0.631943 0.068438 0.099918
4 0.353531 0.508030 0.053594 0.125299
4 0.455781 0.421114 0.073062 0.108696
1 0.380375 0.209130 0.063594 0.104076
1 0.583609 0.353410 0.063156 0.132147
1 0.628633 0.467921 0.070953 0.128288
1 0.599195 0.562663 0.059578 0.115435
1 0.597484 0.664524 0.068969 0.118886
1 0.285234 0.878465 0.080469 0.134266
1 0.312039 0.747052 0.074172 0.132473
1 0.303992 0.599158 0.066047 0.120543
3 0.329828 0.377133 0.066969 0.119755
3 0.284930 0.477826 0.067203 0.125815
3 0.239609 0.666413 0.073875 0.127337
3 0.229719 0.795652 0.077656 0.128696
3 0.356938 0.835231 0.079219 0.121005
3 0.426508 0.932554 0.076078 0.133696
3 0.515086 0.933750 0.082734 0.118750
3 0.555844 0.636345 0.051875 0.127310
3 0.494875 0.598166 0.072969 0.096277
3 0.495281 0.502649 0.072344 0.100951
3 0.422039 0.317269 0.074016 0.083397
