3 0.437008 0.326519 0.050922 0.089074
4 0.546203 0.233028 0.061812 0.086574
3 0.518669 0.305134 0.049297 0.086861
4 0.458396 0.241935 0.057802 0.101815
0 0.220760 0.320972 0.046375 0.090667
0 0.279229 0.366394 0.053156 0.090917
0 0.304786 0.302981 0.044865 0.071981
0 0.489846 0.523634 0.052693 0.074880
1 0.274695 0.611769 0.045609 0.088315
1 0.234396 0.382394 0.041792 0.086120
0 0.266857 0.229778 0.049286 0.058352
0 0.317852 0.226273 0.042526 0.068731
1 0.251497 0.281097 0.043495 0.082472
3 0.350151 0.201269 0.050292 0.065833
3 0.404839 0.172324 0.057990 0.071759
1 0.354091 0.515940 0.047339 0.093454
4 0.295159 0.159884 0.056411 0.077343
4 0.529451 0.577606 0.049245 0.085861
2 0.514833 0.373542 0.044510 0.090824
1 0.403107 0.291454 0.038849 0.087574
3 0.489583 0.450000 0.053979 0.085852
3 0.475378 0.902028 0.059661 0.104352
4 0.357938 0.635157 0.063458 0.087574
1 0.459859 0.582491 0.048271 0.094278
1 0.332052 0.905806 0.077625 0.116222
3 0.600089 0.685389 0.065198 0.107259
3 0.491888 0.645727 0.049755 0.093250
3 0.836477 0.952426 0.084318 0.095148
1 0.227669 0.939120 0.076099 0.121759
4 0.340956 0.520380 0.062828 0.101389
0 0.361185 0.404421 0.050599 0.094213
3 0.642586 0.443750 0.058828 0.110259
1 0.569393 0.612343 0.048141 0.083907
1 0.541255 0.684625 0.055250 0.094769
1 0.555690 0.393495 0.049474 0.094491
2 0.475057 0.319130 0.050979 0.086778
2 0.268286 0.456218 0.055688 0.092861
2 0.343576 0.291782 0.050151 0.078806
2 0.380177 0.248338 0.045458 0.075731
2 0.443753 0.488667 0.059745 0.095704
3 0.408143 0.541579 0.059016 0.099491
3 0.544490 0.483708 0.063313 0.103065
3 0.450289 0.412861 0.056224 0.088833
