3 0.302148 0.042944 0.065266 0.077222
4 0.506315 0.030722 0.061859 0.054593
3 0.369310 0.033542 0.056536 0.055880
3 0.374997 0.777810 0.086016 0.137454
3 0.463109 0.385977 0.071521 0.115120
3 0.777911 0.810940 0.083135 0.141639
1 0.197565 0.614912 0.083120 0.132306
4 0.237333 0.362991 0.067656 0.109963
0 0.170643 0.115472 0.057422 0.084963
3 0.178458 0.230792 0.057990 0.117528
1 0.314451 0.209116 0.067266 0.092787
1 0.353326 0.265588 0.066109 0.098972
1 0.403807 0.206921 0.063792 0.111343
2 0.394602 0.100241 0.062443 0.085926
2 0.153867 0.319449 0.076547 0.113398
2 0.127159 0.157088 0.056193 0.105194
2 0.227073 0.112324 0.056833 0.082185
2 0.259120 0.132815 0.055177 0.099593
3 0.227003 0.206125 0.063786 0.101028
3 0.298589 0.289676 0.060031 0.104630
3 0.334422 0.099333 0.067094 0.088833
