3 0.380443 0.359519 0.050917 0.089074
4 0.476354 0.272343 0.061813 0.086574
3 0.461508 0.349755 0.049297 0.086861
4 0.399839 0.274648 0.057802 0.101815
0 0.162552 0.372204 0.046375 0.090667
0 0.216130 0.403597 0.053156 0.090917
0 0.248385 0.348269 0.058615 0.071981
0 0.419992 0.564431 0.052693 0.074880
1 0.220638 0.677704 0.053495 0.088315
1 0.176664 0.439463 0.041797 0.086130
0 0.211206 0.263282 0.049286 0.058361
0 0.258508 0.272069 0.042526 0.068731
1 0.198203 0.333889 0.043490 0.082481
3 0.286706 0.234991 0.050286 0.065833
3 0.338203 0.220412 0.057990 0.071769
1 0.294893 0.544616 0.052099 0.093454
4 0.237427 0.205944 0.056417 0.079000
4 0.458901 0.639056 0.049240 0.085852
2 0.445664 0.418065 0.044505 0.090833
1 0.345815 0.344708 0.038849 0.087583
3 0.435763 0.482546 0.053974 0.085852
3 0.475378 0.902028 0.059661 0.104352
4 0.301992 0.691838 0.063453 0.087583
1 0.400547 0.622727 0.048271 0.094269
1 0.277643 0.942801 0.077630 0.114398
3 0.455732 0.983968 0.065453 0.032065
3 0.542633 0.733569 0.065203 0.107269
3 0.440529 0.692523 0.049755 0.093250
3 0.774802 0.962875 0.084323 0.074250
1 0.227669 0.939120 0.076099 0.121759
4 0.340956 0.520380 0.062828 0.101389
0 0.304620 0.439995 0.050604 0.094213
3 0.585815 0.478407 0.058828 0.110259
1 0.504570 0.634245 0.048141 0.083898
1 0.486427 0.725597 0.055250 0.094769
1 0.487063 0.438282 0.049469 0.094491
2 0.415703 0.369898 0.050979 0.086778
2 0.213323 0.511417 0.049990 0.079352
2 0.293091 0.333704 0.050172 0.078815
2 0.318594 0.278292 0.045458 0.075731
2 0.443753 0.488667 0.059745 0.095704
3 0.354857 0.580181 0.059016 0.099491
3 0.484232 0.534829 0.063307 0.103065
3 0.384758 0.449394 0.056224 0.088824
