0 0.528484 0.101535 0.066000 0.119103
0 0.432531 0.061332 0.068125 0.100815
0 0.465938 0.134185 0.064125 0.128152
0 0.502344 0.222364 0.070844 0.127826
0 0.636961 0.458533 0.060703 0.119239
0 0.644922 0.585489 0.063281 0.130978
0 0.401219 0.589022 0.080625 0.095815
0 0.397250 0.379293 0.067750 0.121196
0 0.302555 0.127486 0.061359 0.130679
2 0.483437 0.554864 0.071719 0.115652
2 0.586578 0.632976 0.068750 0.110734
2 0.522062 0.640938 0.054688 0.100679
2 0.450563 0.662962 0.063906 0.112500
2 0.350484 0.504049 0.059844 0.130978
2 0.537977 0.315883 0.055922 0.119810
2 0.376109 0.276304 0.051750 0.112065
4 0.251914 0.217323 0.066484 0.127473
4 0.213672 0.402527 0.074219 0.127989
4 0.349172 0.785380 0.057656 0.128207
4 0.415914 0.491467 0.069422 0.101087
4 0.336719 0.358370 0.053594 0.125815
4 0.437398 0.274416 0.067234 0.120408
1 0.364266 0.097405 0.063594 0.104103
1 0.565391 0.202174 0.055656 0.105978
1 0.610016 0.309959 0.065313 0.106440
1 0.582875 0.407011 0.048438 0.101467
1 0.586000 0.518505 0.065625 0.104837
1 0.270133 0.732038 0.060359 0.092065
1 0.294937 0.590217 0.072812 0.111141
1 0.295906 0.456997 0.056406 0.118288
3 0.318758 0.248845 0.066953 0.125136
3 0.274602 0.339674 0.065141 0.128804
3 0.233961 0.521019 0.073859 0.119321
3 0.229125 0.642976 0.077656 0.124918
3 0.345141 0.664212 0.079219 0.119022
3 0.416891 0.775082 0.074062 0.130978
3 0.498453 0.760679 0.076719 0.104891
3 0.535187 0.472052 0.051875 0.132310
3 0.476109 0.443967 0.072969 0.098641
3 0.475812 0.348288 0.072344 0.091576
3 0.403578 0.179851 0.074594 0.091603
