0 0.519094 0.235095 0.066906 0.123723
0 0.435063 0.194266 0.068125 0.098859
0 0.464586 0.264035 0.064516 0.122092
0 0.497891 0.342459 0.069625 0.124375
0 0.615469 0.569185 0.058219 0.116141
0 0.620266 0.685788 0.065313 0.127337
0 0.401141 0.686114 0.081187 0.093587
0 0.398352 0.496603 0.071766 0.121196
0 0.315617 0.251413 0.064141 0.130380
2 0.475086 0.657459 0.072016 0.133397
2 0.565672 0.735883 0.068750 0.118071
2 0.510367 0.742120 0.066984 0.132228
2 0.449922 0.763247 0.064187 0.120571
2 0.353469 0.605367 0.071438 0.134864
2 0.530461 0.437826 0.059391 0.128696
2 0.378820 0.388601 0.060141 0.114103
4 0.266750 0.334796 0.060656 0.127473
4 0.232063 0.506141 0.075000 0.128804
4 0.354547 0.869375 0.064281 0.131141
4 0.416953 0.595938 0.067437 0.104701
4 0.345625 0.475299 0.053594 0.125272
4 0.438359 0.393696 0.064906 0.122935
1 0.368281 0.221087 0.063594 0.104076
1 0.556078 0.329878 0.063156 0.132147
1 0.596711 0.427283 0.070953 0.128315
1 0.572227 0.531984 0.059578 0.115435
1 0.570375 0.632663 0.065531 0.107989
1 0.279234 0.822120 0.080469 0.134239
1 0.309398 0.693166 0.074172 0.132473
1 0.306984 0.568152 0.066031 0.120543
3 0.327508 0.361644 0.066953 0.119755
3 0.286633 0.450027 0.067203 0.125815
3 0.252703 0.621807 0.073875 0.127310
3 0.246250 0.731196 0.075687 0.128696
3 0.353719 0.758370 0.075812 0.122283
3 0.413141 0.862514 0.078156 0.133723
3 0.491594 0.848886 0.078750 0.110380
3 0.526172 0.576155 0.051875 0.127310
3 0.474148 0.553234 0.068203 0.102174
3 0.471500 0.464823 0.072344 0.100951
3 0.406734 0.302215 0.074031 0.083397
