0 0.323281 0.234063 0.075094 0.116929
0 0.305008 0.341726 0.071516 0.131766
0 0.346813 0.438954 0.077844 0.134864
0 0.401375 0.617582 0.072719 0.115978
0 0.658906 0.410951 0.065406 0.136793
0 0.592070 0.601264 0.071859 0.140190
0 0.532422 0.557296 0.066687 0.124592
0 0.487656 0.832649 0.080219 0.148397
0 0.408328 0.859307 0.076781 0.139158
3 0.436734 0.077133 0.077094 0.108886
3 0.379172 0.160068 0.077125 0.120353
3 0.432687 0.299063 0.062781 0.129158
3 0.414109 0.405326 0.068813 0.122500
3 0.545172 0.145829 0.074875 0.133234
3 0.589898 0.224239 0.075797 0.128533
3 0.648906 0.291155 0.071063 0.121821
3 0.475562 0.503682 0.076438 0.118342
3 0.468539 0.614755 0.070234 0.126793
3 0.342281 0.674239 0.071938 0.124185
3 0.347633 0.789891 0.080578 0.121304
4 0.543273 0.444592 0.069922 0.122065
4 0.607336 0.489307 0.072922 0.128016
4 0.642266 0.701576 0.078906 0.139348
4 0.332945 0.552935 0.077016 0.125272
4 0.491727 0.288899 0.075391 0.127201
4 0.509039 0.224090 0.076047 0.107527
2 0.515695 0.027079 0.077016 0.054158
2 0.504344 0.115965 0.072281 0.134212
2 0.369656 0.314823 0.076375 0.133071
2 0.436750 0.736563 0.075875 0.134375
2 0.557828 0.783492 0.077813 0.140951
2 0.257203 0.568152 0.078469 0.135652
1 0.242211 0.455734 0.079172 0.118967
1 0.271008 0.697473 0.080422 0.140489
1 0.523672 0.676712 0.068594 0.124185
1 0.448273 0.184389 0.072859 0.118071
1 0.570906 0.082038 0.072219 0.110163
1 0.602266 0.366658 0.060969 0.134293
1 0.545406 0.331590 0.064813 0.128940
1 0.484875 0.394742 0.076844 0.103614
2 0.402859 0.514117 0.076156 0.116712
