0 0.529758 0.108438 0.065984 0.109538
0 0.437727 0.070367 0.068109 0.095462
0 0.469266 0.141196 0.061656 0.127446
0 0.505062 0.224701 0.070844 0.127826
0 0.639586 0.454253 0.060297 0.119266
0 0.646984 0.578478 0.063281 0.130978
0 0.407195 0.580231 0.080078 0.095788
0 0.402578 0.376440 0.067750 0.121196
0 0.308953 0.135326 0.061375 0.130652
2 0.485781 0.552405 0.071719 0.115625
2 0.586703 0.625747 0.068750 0.110734
2 0.522563 0.637052 0.055219 0.109647
2 0.455578 0.661332 0.064844 0.115054
2 0.356086 0.500842 0.060391 0.130272
2 0.541984 0.316644 0.055937 0.119810
2 0.382625 0.276753 0.051750 0.105027
4 0.257773 0.219932 0.066484 0.127473
4 0.220906 0.399307 0.074219 0.126060
4 0.355250 0.775177 0.057656 0.126875
4 0.422039 0.485625 0.069422 0.101087
4 0.341797 0.359022 0.053594 0.123750
4 0.441680 0.275611 0.067234 0.120408
1 0.370391 0.107296 0.063594 0.104103
1 0.568492 0.208152 0.055672 0.105978
1 0.614422 0.306644 0.065313 0.106440
1 0.584406 0.408139 0.050063 0.099103
1 0.588609 0.515829 0.065625 0.104864
1 0.276234 0.728764 0.061906 0.100190
1 0.303953 0.584864 0.072813 0.111141
1 0.300391 0.460122 0.056406 0.118288
3 0.324609 0.252364 0.066969 0.125163
3 0.281641 0.338397 0.065156 0.128804
3 0.239883 0.515095 0.072328 0.113995
3 0.234953 0.633818 0.077656 0.122201
3 0.352563 0.655788 0.079219 0.119022
3 0.422516 0.765707 0.073906 0.130978
3 0.503531 0.751005 0.076719 0.104891
3 0.536750 0.466413 0.051875 0.132283
3 0.480922 0.442745 0.072969 0.096522
3 0.480609 0.347908 0.072344 0.091576
3 0.408250 0.183668 0.074594 0.089946
