0 0.504539 0.211033 0.064391 0.114239
0 0.413422 0.171413 0.063719 0.097717
0 0.445641 0.241902 0.059094 0.115435
0 0.479500 0.328288 0.065781 0.116359
0 0.604297 0.557486 0.055781 0.109484
0 0.612867 0.675856 0.061078 0.123342
0 0.382891 0.679620 0.071781 0.089457
0 0.379141 0.483193 0.064906 0.115951
0 0.290937 0.237011 0.055813 0.121087
2 0.461383 0.643560 0.059797 0.112989
2 0.558203 0.721291 0.061344 0.096114
2 0.494477 0.739687 0.051359 0.108614
2 0.427656 0.749606 0.054750 0.093614
2 0.333352 0.599918 0.054609 0.125707
2 0.512102 0.417446 0.052984 0.105652
2 0.359070 0.376943 0.049797 0.102745
4 0.243609 0.322921 0.060531 0.120027
4 0.206578 0.502106 0.068875 0.121766
4 0.334984 0.867663 0.049844 0.116576
4 0.396438 0.585435 0.066062 0.094565
4 0.322367 0.463234 0.049953 0.119728
4 0.417344 0.379076 0.062812 0.108750
1 0.350039 0.212921 0.058516 0.102690
1 0.539164 0.311793 0.051984 0.107174
1 0.582195 0.414674 0.059234 0.093478
1 0.555133 0.508859 0.044016 0.095978
1 0.556992 0.618954 0.054734 0.097527
1 0.259250 0.820421 0.047500 0.081929
1 0.284531 0.686087 0.062375 0.100652
1 0.277766 0.559579 0.056969 0.110951
3 0.303844 0.353546 0.060937 0.114647
3 0.264008 0.441793 0.063047 0.120054
3 0.226805 0.617106 0.068109 0.116603
3 0.220437 0.731929 0.071125 0.108967
3 0.330742 0.752283 0.071641 0.104674
3 0.397422 0.859049 0.063563 0.120109
3 0.474320 0.846332 0.071516 0.093207
3 0.510953 0.568288 0.047750 0.121141
3 0.455547 0.540312 0.066844 0.088288
3 0.455219 0.450870 0.067156 0.085217
3 0.385836 0.286196 0.068859 0.084620
