0 0.526633 0.155353 0.065984 0.109511
0 0.433594 0.118139 0.068125 0.095462
0 0.465758 0.185856 0.057922 0.124538
0 0.501062 0.266467 0.070844 0.127826
0 0.634375 0.491046 0.058656 0.119266
0 0.644359 0.614687 0.063281 0.130353
0 0.403648 0.621359 0.078141 0.095815
0 0.399328 0.420489 0.067750 0.121196
0 0.307875 0.181535 0.061375 0.127745
2 0.485008 0.590503 0.073391 0.117962
2 0.587469 0.664130 0.068750 0.110761
2 0.523328 0.678030 0.057344 0.118125
2 0.453211 0.703764 0.069766 0.123777
2 0.353406 0.544062 0.062562 0.127473
2 0.536742 0.358519 0.055922 0.117473
2 0.379883 0.309035 0.052016 0.099973
4 0.254789 0.268546 0.065984 0.127473
4 0.217023 0.443043 0.073922 0.119511
4 0.351898 0.818478 0.057328 0.127772
4 0.420063 0.526073 0.069437 0.100788
4 0.338906 0.400543 0.053594 0.118424
4 0.437508 0.317772 0.067547 0.116902
1 0.369094 0.160367 0.063594 0.104103
1 0.565172 0.253179 0.055656 0.105978
1 0.609187 0.351916 0.064281 0.104103
1 0.581594 0.438573 0.055812 0.090842
1 0.588531 0.555666 0.066125 0.103777
1 0.274937 0.770367 0.060594 0.098016
1 0.300930 0.632228 0.073016 0.109891
1 0.299500 0.492065 0.056406 0.116576
3 0.320031 0.300041 0.066969 0.122799
3 0.278414 0.383845 0.065141 0.127908
3 0.238492 0.555014 0.072234 0.118234
3 0.232984 0.678410 0.077656 0.122201
3 0.349500 0.697079 0.079219 0.118179
3 0.419266 0.806902 0.073531 0.130978
3 0.501469 0.790516 0.076719 0.104891
3 0.535625 0.508927 0.051875 0.131549
3 0.478797 0.483261 0.072969 0.088098
3 0.477219 0.392160 0.072344 0.090842
3 0.405445 0.225625 0.074422 0.083370
