0 0.504367 0.213057 0.064391 0.113777
0 0.413289 0.173111 0.063453 0.096603
0 0.445516 0.243465 0.059156 0.114321
0 0.478812 0.329484 0.064687 0.115109
0 0.603102 0.557772 0.055672 0.108913
0 0.611961 0.675802 0.061203 0.122853
0 0.382844 0.678533 0.071687 0.089022
0 0.379148 0.483777 0.064484 0.115761
0 0.291484 0.238981 0.055094 0.119864
2 0.461273 0.643451 0.059516 0.111793
2 0.557500 0.719986 0.062000 0.093505
2 0.493961 0.738505 0.052078 0.110924
2 0.427336 0.749035 0.055516 0.093995
2 0.334180 0.600380 0.053703 0.125054
2 0.511711 0.418832 0.052828 0.104457
2 0.358891 0.377622 0.049469 0.102147
4 0.244617 0.324660 0.059953 0.119484
4 0.207164 0.501997 0.068891 0.121766
4 0.334828 0.867391 0.049844 0.116576
4 0.396578 0.585421 0.065531 0.092853
4 0.322531 0.463438 0.049625 0.119321
4 0.417344 0.380082 0.062812 0.107500
1 0.349836 0.214389 0.058516 0.102038
1 0.538523 0.312880 0.052234 0.106576
1 0.581672 0.415448 0.060031 0.093016
1 0.554312 0.508832 0.043938 0.095163
1 0.555969 0.618764 0.053875 0.094864
1 0.260094 0.818736 0.047500 0.081929
1 0.285273 0.686114 0.062672 0.100054
1 0.277750 0.560109 0.056688 0.110870
3 0.304422 0.354715 0.060937 0.113397
3 0.264820 0.442079 0.063234 0.118995
3 0.227398 0.616073 0.068109 0.116603
3 0.221469 0.730462 0.070875 0.107609
3 0.331227 0.752364 0.070984 0.104511
3 0.397234 0.857908 0.063313 0.120109
3 0.474398 0.844755 0.071516 0.093207
3 0.510586 0.568098 0.047516 0.120109
3 0.455078 0.540516 0.066781 0.087663
3 0.454945 0.451807 0.067172 0.084755
3 0.385766 0.288098 0.068344 0.083696
