0 0.529867 0.183845 0.062859 0.137962
0 0.432570 0.140245 0.068109 0.099946
0 0.466328 0.218682 0.061719 0.124538
0 0.503023 0.324198 0.066828 0.117201
0 0.632242 0.578628 0.059609 0.116114
0 0.638078 0.699633 0.063281 0.127364
0 0.395672 0.708533 0.078531 0.098207
0 0.395281 0.477446 0.071750 0.121196
0 0.299992 0.205571 0.064141 0.130380
2 0.480016 0.630082 0.070031 0.132228
2 0.582562 0.749117 0.068750 0.128668
2 0.521156 0.758451 0.069875 0.132283
2 0.447055 0.772948 0.071078 0.120462
2 0.345297 0.602894 0.071438 0.134864
2 0.538211 0.422446 0.059391 0.128696
2 0.375383 0.363016 0.056703 0.112935
4 0.244172 0.298927 0.064812 0.127473
4 0.203797 0.502609 0.075000 0.128804
4 0.343500 0.901848 0.064281 0.131141
4 0.411516 0.599470 0.067437 0.104701
4 0.336344 0.461929 0.053594 0.125272
4 0.433742 0.361467 0.073047 0.122935
1 0.367469 0.151698 0.063594 0.104103
1 0.569281 0.291046 0.063156 0.132147
1 0.612953 0.400639 0.070969 0.128288
1 0.580008 0.490190 0.059578 0.115435
1 0.581813 0.619837 0.067656 0.105815
1 0.270984 0.791073 0.080469 0.134266
1 0.289953 0.686060 0.074187 0.132500
1 0.289992 0.549647 0.066047 0.120543
3 0.313008 0.339579 0.066953 0.119755
3 0.271344 0.434647 0.067219 0.125815
3 0.227547 0.630082 0.073875 0.127337
3 0.223516 0.757989 0.077656 0.128696
3 0.340469 0.770462 0.079219 0.121033
3 0.410445 0.892065 0.076078 0.133696
3 0.494273 0.874049 0.082734 0.118750
3 0.532969 0.583546 0.051875 0.127310
3 0.477219 0.551481 0.072969 0.096277
3 0.477625 0.450639 0.072344 0.100951
3 0.402672 0.263777 0.074031 0.083370
