0 0.342641 0.231427 0.075094 0.116929
0 0.321836 0.342908 0.071516 0.131739
0 0.365227 0.439321 0.077828 0.134837
0 0.425063 0.616440 0.072719 0.115978
0 0.693758 0.398438 0.065391 0.136766
0 0.626281 0.597812 0.071844 0.140190
0 0.564352 0.545652 0.066672 0.124565
0 0.517297 0.846793 0.080219 0.155598
0 0.436406 0.876413 0.078563 0.147500
3 0.458273 0.069796 0.077109 0.108886
3 0.397250 0.151535 0.077125 0.120353
3 0.455562 0.292962 0.062781 0.129130
3 0.441164 0.403709 0.068797 0.122527
3 0.571250 0.140530 0.074875 0.133234
3 0.616773 0.206087 0.075797 0.128533
3 0.677930 0.280082 0.071078 0.121793
3 0.504633 0.493505 0.076422 0.118370
3 0.495664 0.615707 0.070234 0.126793
3 0.362945 0.675448 0.071953 0.124212
3 0.369320 0.799361 0.080578 0.129538
4 0.570023 0.438723 0.069922 0.122065
4 0.643305 0.476902 0.072922 0.127989
4 0.679031 0.700000 0.078906 0.139348
4 0.357367 0.552174 0.077016 0.125272
4 0.514805 0.279538 0.075391 0.127228
4 0.531727 0.229158 0.076047 0.107554
2 0.540523 0.025992 0.077016 0.051984
2 0.525500 0.112405 0.072281 0.134212
2 0.393156 0.309334 0.076375 0.133071
2 0.464258 0.742242 0.077953 0.134375
2 0.594383 0.789158 0.077828 0.145652
2 0.278469 0.571372 0.078469 0.135679
1 0.256164 0.453995 0.079172 0.118967
1 0.290516 0.703247 0.080437 0.146386
1 0.553422 0.677092 0.068594 0.134946
1 0.469680 0.178193 0.072859 0.118071
1 0.596109 0.072663 0.072219 0.110163
1 0.631023 0.350652 0.060984 0.134293
1 0.574922 0.327690 0.064813 0.128967
1 0.507234 0.386834 0.076844 0.103614
2 0.424234 0.506359 0.076156 0.116739
