0 0.535461 0.095245 0.062859 0.137989
0 0.437375 0.047976 0.068125 0.091712
0 0.472922 0.124851 0.061719 0.124538
0 0.507398 0.219497 0.066828 0.117201
0 0.641625 0.469402 0.059625 0.116141
0 0.647062 0.591114 0.063281 0.127337
0 0.404875 0.588872 0.080625 0.101712
0 0.401305 0.378234 0.071766 0.121196
0 0.307570 0.106739 0.061359 0.130380
2 0.486609 0.554701 0.070031 0.132228
2 0.588812 0.639185 0.068750 0.128696
2 0.524547 0.653967 0.069875 0.132283
2 0.456914 0.673655 0.071078 0.120462
2 0.355586 0.498370 0.071422 0.134837
2 0.546227 0.319620 0.059391 0.128696
2 0.382531 0.257745 0.056719 0.112935
4 0.254969 0.209633 0.064812 0.127473
4 0.215062 0.389973 0.075000 0.128804
4 0.350789 0.785761 0.062234 0.131141
4 0.421328 0.490312 0.067438 0.104701
4 0.340898 0.356739 0.053609 0.125272
4 0.440633 0.273016 0.073047 0.108696
1 0.377437 0.080421 0.063594 0.104103
1 0.575797 0.206481 0.063156 0.132147
1 0.618266 0.311209 0.070969 0.128288
1 0.590492 0.407799 0.059578 0.115435
1 0.589914 0.532568 0.068953 0.118886
1 0.276750 0.735177 0.080469 0.134266
1 0.304055 0.595041 0.074172 0.132473
1 0.297859 0.459620 0.066031 0.120543
3 0.321164 0.236753 0.066953 0.119755
3 0.276781 0.331359 0.067219 0.125815
3 0.236242 0.513288 0.073859 0.127337
3 0.229625 0.631522 0.077656 0.128696
3 0.349594 0.662147 0.079219 0.121033
3 0.415656 0.777120 0.076094 0.133696
3 0.500492 0.761875 0.082734 0.118750
3 0.538000 0.475503 0.051875 0.127310
3 0.480609 0.445095 0.072969 0.096277
3 0.480609 0.345666 0.072344 0.100951
3 0.410047 0.167269 0.074031 0.083397
