0 0.458648 0.213003 0.062859 0.137962
0 0.369742 0.166359 0.068109 0.098859
0 0.401266 0.239090 0.064500 0.122092
0 0.436750 0.322432 0.069625 0.124375
0 0.554008 0.548288 0.059609 0.116141
0 0.563859 0.659837 0.063281 0.127337
0 0.334828 0.673438 0.081188 0.093560
0 0.336773 0.473071 0.071766 0.121196
0 0.245586 0.234266 0.064141 0.130380
2 0.419422 0.644715 0.070031 0.132255
2 0.511484 0.709932 0.068750 0.128668
2 0.455344 0.725462 0.069875 0.132283
2 0.386133 0.750489 0.071078 0.120489
2 0.294281 0.592717 0.071438 0.134837
2 0.470930 0.414810 0.059391 0.128696
2 0.320625 0.367065 0.056719 0.112935
4 0.198687 0.316046 0.064813 0.127473
4 0.164625 0.489620 0.075000 0.128804
4 0.288750 0.855163 0.064281 0.131141
4 0.357406 0.577378 0.067437 0.104701
4 0.279492 0.456332 0.053609 0.125272
4 0.371984 0.372486 0.064906 0.122908
1 0.308156 0.201386 0.063594 0.104076
1 0.501641 0.310109 0.063156 0.132120
1 0.541594 0.413207 0.070969 0.128315
1 0.524914 0.506386 0.059578 0.115435
1 0.514164 0.614592 0.065516 0.107989
1 0.228484 0.810163 0.080469 0.134239
1 0.239133 0.676861 0.074172 0.132473
1 0.231992 0.549647 0.066047 0.120543
3 0.263766 0.344497 0.066969 0.119755
3 0.224547 0.430598 0.067219 0.125815
3 0.183672 0.607228 0.073875 0.127337
3 0.176766 0.720951 0.077656 0.128696
3 0.283953 0.744905 0.079219 0.121005
3 0.349367 0.843709 0.078172 0.133723
3 0.429625 0.831821 0.084125 0.118750
3 0.465906 0.560693 0.051875 0.127310
3 0.410750 0.531101 0.072969 0.096277
3 0.409875 0.441576 0.072344 0.100978
3 0.337875 0.277378 0.074031 0.083397
