0 0.541063 0.156128 0.063625 0.109538
0 0.436258 0.107867 0.068109 0.095462
0 0.472266 0.191889 0.061719 0.124538
0 0.511898 0.281929 0.070859 0.127826
0 0.665148 0.547663 0.059609 0.116141
0 0.677500 0.690177 0.063281 0.127364
0 0.396211 0.689891 0.079609 0.098750
0 0.392563 0.453152 0.071750 0.121196
0 0.292406 0.176603 0.061375 0.120924
2 0.492656 0.648981 0.070781 0.132255
2 0.610422 0.755027 0.068750 0.128696
2 0.537656 0.757840 0.068469 0.118125
2 0.459977 0.783872 0.071078 0.120462
2 0.335625 0.590734 0.071438 0.134837
2 0.552312 0.393043 0.058719 0.128696
2 0.369531 0.331658 0.056719 0.112935
4 0.233750 0.268003 0.064812 0.127473
4 0.180344 0.471834 0.075000 0.131114
4 0.332414 0.921929 0.062234 0.145870
4 0.412172 0.575177 0.069437 0.095136
4 0.323766 0.427663 0.053594 0.125272
4 0.438625 0.336005 0.073063 0.108696
1 0.361359 0.152677 0.063594 0.104103
1 0.584711 0.270231 0.063141 0.133234
1 0.633648 0.393016 0.070953 0.128315
1 0.603492 0.490516 0.059578 0.115435
1 0.609656 0.620978 0.068969 0.118859
1 0.245469 0.869592 0.080469 0.134239
1 0.273305 0.689606 0.074172 0.132473
1 0.273492 0.537527 0.060891 0.120543
3 0.304164 0.303546 0.066953 0.119755
3 0.255023 0.404511 0.067203 0.125815
3 0.202062 0.609090 0.073875 0.127310
3 0.191906 0.740842 0.077656 0.128696
3 0.331281 0.774959 0.079219 0.121005
3 0.411117 0.915652 0.076078 0.136522
3 0.510242 0.895924 0.082734 0.118750
3 0.550641 0.561101 0.051875 0.127310
3 0.485031 0.521916 0.072969 0.096277
3 0.482719 0.418139 0.072344 0.100951
3 0.401984 0.233356 0.074031 0.083397
