0 0.498078 0.143424 0.063625 0.109511
0 0.400234 0.107296 0.068125 0.095462
0 0.435391 0.180666 0.061719 0.124538
0 0.473836 0.266264 0.070859 0.127799
0 0.616953 0.494103 0.059625 0.116141
0 0.629250 0.615707 0.063281 0.127337
0 0.369531 0.628709 0.078594 0.095788
0 0.364391 0.418587 0.067750 0.121196
0 0.269297 0.171875 0.061375 0.120924
2 0.461391 0.591522 0.070781 0.132228
2 0.572359 0.679375 0.068750 0.128696
2 0.498750 0.691644 0.059625 0.118125
2 0.427688 0.713832 0.071094 0.120489
2 0.317344 0.543451 0.064781 0.134837
2 0.518844 0.349823 0.058719 0.112038
2 0.348016 0.306467 0.052656 0.103533
4 0.218797 0.262677 0.064813 0.127473
4 0.170828 0.450557 0.075000 0.131114
4 0.316406 0.843668 0.058906 0.133967
4 0.386680 0.527894 0.069422 0.095136
4 0.303031 0.397527 0.053594 0.125272
4 0.408203 0.315897 0.068281 0.108696
1 0.338078 0.154592 0.063594 0.104076
1 0.545883 0.257201 0.055672 0.105978
1 0.589031 0.351685 0.064187 0.098641
1 0.571359 0.444293 0.054188 0.100000
1 0.565312 0.561889 0.068969 0.118886
1 0.233406 0.811087 0.080469 0.134239
1 0.262430 0.638424 0.074172 0.121739
1 0.262102 0.506495 0.059172 0.120543
3 0.285477 0.292894 0.066953 0.119755
3 0.236320 0.386196 0.065141 0.125815
3 0.190164 0.567418 0.073859 0.127337
3 0.183750 0.688247 0.077656 0.128723
3 0.313281 0.709049 0.079219 0.121033
3 0.387016 0.834090 0.074094 0.136549
3 0.476086 0.810815 0.082734 0.118750
3 0.511219 0.506726 0.051875 0.127310
3 0.452406 0.477554 0.072969 0.088098
3 0.449750 0.383859 0.072344 0.086793
3 0.371398 0.216508 0.074016 0.083397
