0 0.527828 0.157840 0.062875 0.137962
0 0.431438 0.102418 0.068125 0.099946
0 0.466328 0.181250 0.061719 0.124565
0 0.500305 0.277310 0.066828 0.117174
0 0.627711 0.529769 0.059609 0.116114
0 0.635594 0.653927 0.063281 0.127364
0 0.393437 0.649470 0.081187 0.093560
0 0.390977 0.442228 0.071766 0.121196
0 0.298898 0.167745 0.064141 0.130380
2 0.477922 0.622079 0.070031 0.132255
2 0.580297 0.723505 0.068750 0.128696
2 0.515719 0.722595 0.069875 0.132255
2 0.445016 0.739851 0.071094 0.120462
2 0.344813 0.575367 0.071438 0.134864
2 0.538039 0.378424 0.059391 0.128696
2 0.373156 0.328899 0.056719 0.112962
4 0.246656 0.258356 0.064812 0.127473
4 0.205844 0.449402 0.075000 0.128804
4 0.344187 0.850435 0.064281 0.131141
4 0.410156 0.554552 0.067437 0.104701
4 0.332492 0.418967 0.053609 0.125272
4 0.435609 0.332418 0.066906 0.122935
1 0.369484 0.133478 0.063594 0.104076
1 0.568312 0.276101 0.063156 0.132147
1 0.613453 0.388601 0.070969 0.128288
1 0.578336 0.472011 0.059578 0.115435
1 0.582328 0.594429 0.067656 0.105815
1 0.273078 0.779429 0.080469 0.134239
1 0.288594 0.670693 0.074187 0.132473
1 0.290570 0.526005 0.066047 0.120543
3 0.313461 0.301753 0.066953 0.119755
3 0.269531 0.392880 0.067219 0.125815
3 0.226187 0.581617 0.073875 0.127310
3 0.219203 0.703207 0.077656 0.128696
3 0.340016 0.729633 0.079219 0.121005
3 0.404328 0.840938 0.076094 0.133723
3 0.489570 0.832880 0.082734 0.118750
3 0.529562 0.534891 0.051875 0.127337
3 0.473641 0.504783 0.072969 0.096304
3 0.471719 0.413207 0.072344 0.100978
3 0.401312 0.228899 0.074031 0.083397
