0 0.532695 0.120992 0.062859 0.137962
0 0.434719 0.073043 0.068125 0.091739
0 0.470406 0.151698 0.061719 0.124538
0 0.503023 0.243234 0.066828 0.117174
0 0.634617 0.495299 0.059609 0.116141
0 0.640125 0.617486 0.063281 0.127364
0 0.399781 0.614524 0.080625 0.101712
0 0.396641 0.402636 0.071750 0.121196
0 0.303969 0.139375 0.061375 0.130380
2 0.484297 0.573791 0.070031 0.132255
2 0.585625 0.660462 0.068750 0.128696
2 0.521492 0.669796 0.069859 0.132255
2 0.453852 0.687840 0.071078 0.120462
2 0.356531 0.521291 0.071438 0.134864
2 0.542461 0.341766 0.059391 0.128696
2 0.380969 0.289293 0.056719 0.112935
4 0.252094 0.228410 0.064813 0.127473
4 0.213313 0.416902 0.075000 0.128804
4 0.350641 0.810245 0.062250 0.131141
4 0.417977 0.513478 0.067453 0.104728
4 0.338039 0.378003 0.053609 0.125299
4 0.438789 0.295217 0.073047 0.108696
1 0.373250 0.090476 0.063594 0.104103
1 0.571031 0.222323 0.063156 0.132147
1 0.614867 0.322677 0.070953 0.128288
1 0.586273 0.434266 0.059578 0.115435
1 0.584680 0.549470 0.068953 0.118886
1 0.272672 0.745476 0.080469 0.134266
1 0.299469 0.609226 0.074188 0.132473
1 0.295086 0.476359 0.066047 0.120543
3 0.319461 0.258628 0.066953 0.119755
3 0.273719 0.350136 0.067219 0.125815
3 0.234000 0.540245 0.073875 0.127337
3 0.227250 0.662228 0.077656 0.128696
3 0.346234 0.682160 0.079219 0.121005
3 0.411805 0.803709 0.076078 0.133723
3 0.497836 0.784810 0.082734 0.118750
3 0.535344 0.498438 0.051875 0.127310
3 0.477547 0.466970 0.072969 0.096277
3 0.475922 0.372622 0.072344 0.100951
3 0.404703 0.189307 0.074031 0.083397
