0 0.633289 0.178927 0.062859 0.137962
0 0.544492 0.136304 0.068109 0.099946
0 0.577750 0.209660 0.064500 0.122092
0 0.609016 0.301101 0.069625 0.124375
0 0.732148 0.541399 0.059609 0.116114
0 0.734938 0.660625 0.063281 0.127337
0 0.507508 0.650652 0.081203 0.093587
0 0.502336 0.447554 0.071766 0.121196
0 0.421242 0.190788 0.064141 0.130380
2 0.588109 0.611617 0.070031 0.132255
2 0.687563 0.703016 0.068750 0.128696
2 0.625141 0.712351 0.069875 0.132255
2 0.557336 0.722704 0.071078 0.120462
2 0.464422 0.560312 0.071437 0.134864
2 0.642195 0.395272 0.059391 0.128696
2 0.488687 0.337758 0.056719 0.112962
4 0.370523 0.274212 0.064828 0.127446
4 0.331578 0.452364 0.075000 0.128804
4 0.459734 0.842174 0.064281 0.131141
4 0.525023 0.553967 0.067453 0.104728
4 0.450859 0.425870 0.053594 0.125272
4 0.545875 0.347201 0.064906 0.122935
1 0.478609 0.154293 0.063594 0.104076
1 0.674344 0.289090 0.063156 0.132147
1 0.714953 0.368179 0.070969 0.128315
1 0.684836 0.482745 0.059578 0.115435
1 0.684789 0.594416 0.067641 0.105788
1 0.384297 0.777391 0.080469 0.134239
1 0.412633 0.638777 0.074172 0.132500
1 0.414367 0.515951 0.066047 0.120543
3 0.431273 0.311209 0.066953 0.119755
3 0.388414 0.397717 0.067203 0.125815
3 0.350227 0.571264 0.073859 0.127310
3 0.345672 0.690000 0.077656 0.128696
3 0.456687 0.718804 0.079219 0.121033
3 0.520898 0.827649 0.076078 0.133723
3 0.598789 0.819076 0.084141 0.118750
3 0.637297 0.547500 0.051875 0.127337
3 0.582563 0.515421 0.072969 0.096277
3 0.581266 0.421073 0.072344 0.100951
3 0.514813 0.250190 0.074031 0.083370
