0 0.509367 0.238247 0.062859 0.123723
0 0.420109 0.198234 0.068125 0.098859
0 0.454734 0.271128 0.064500 0.122092
0 0.487687 0.351916 0.069625 0.124375
0 0.604461 0.575082 0.058234 0.116141
0 0.610563 0.681889 0.063281 0.127364
0 0.387891 0.691427 0.081188 0.093560
0 0.384602 0.494728 0.071766 0.121196
0 0.302398 0.252500 0.064141 0.130380
2 0.474703 0.659687 0.072000 0.133397
2 0.560125 0.742622 0.068750 0.118071
2 0.501047 0.743383 0.069875 0.132255
2 0.434500 0.763438 0.066281 0.121766
2 0.346500 0.611427 0.071438 0.134864
2 0.520836 0.436467 0.059391 0.128696
2 0.371289 0.388899 0.060141 0.114103
4 0.254688 0.339511 0.060656 0.127446
4 0.218750 0.510870 0.075000 0.128804
4 0.341469 0.875272 0.064281 0.131141
4 0.405773 0.595285 0.067453 0.104701
4 0.331922 0.473438 0.053594 0.125299
4 0.425602 0.397446 0.064922 0.122935
1 0.360516 0.225217 0.063594 0.104076
1 0.548266 0.339198 0.063156 0.132147
1 0.594141 0.432011 0.070969 0.128315
1 0.579273 0.520190 0.059578 0.115435
1 0.563398 0.625924 0.065516 0.107989
1 0.271484 0.834715 0.080469 0.134266
1 0.298617 0.694334 0.074172 0.132473
1 0.295430 0.575054 0.066047 0.120543
3 0.312672 0.368546 0.066969 0.119755
3 0.272359 0.454158 0.067219 0.125815
3 0.237406 0.630068 0.073875 0.127310
3 0.231461 0.729918 0.075672 0.128696
3 0.341484 0.758410 0.079219 0.121005
3 0.400906 0.862812 0.078156 0.133723
3 0.477148 0.852147 0.078766 0.110380
3 0.514953 0.582364 0.051875 0.127337
3 0.461695 0.556902 0.068203 0.102174
3 0.463344 0.467188 0.072344 0.100951
3 0.394508 0.303981 0.074016 0.083397
