0 0.501172 0.229470 0.062031 0.110462
0 0.412203 0.191467 0.060906 0.093152
0 0.443656 0.260082 0.058563 0.112446
0 0.476953 0.343668 0.063594 0.113859
0 0.597953 0.567595 0.052781 0.105571
0 0.605203 0.681644 0.058969 0.117908
0 0.381391 0.686549 0.070656 0.084837
0 0.378906 0.494470 0.064062 0.112255
0 0.292969 0.256005 0.054375 0.116250
2 0.458367 0.647255 0.059828 0.103750
2 0.551883 0.723927 0.064078 0.094049
2 0.490289 0.740163 0.052047 0.098696
2 0.425516 0.757622 0.057969 0.093995
2 0.335000 0.605883 0.052813 0.119864
2 0.509117 0.431549 0.054828 0.103261
2 0.359156 0.390109 0.050500 0.095870
4 0.245156 0.337948 0.058438 0.114375
4 0.209945 0.513478 0.067672 0.118152
4 0.333969 0.869946 0.049844 0.116576
4 0.395914 0.596399 0.064328 0.090353
4 0.323375 0.474606 0.049250 0.116549
4 0.416406 0.392826 0.062813 0.106250
1 0.348500 0.228424 0.057625 0.101359
1 0.535313 0.326929 0.052500 0.105978
1 0.576477 0.427772 0.059859 0.086413
1 0.548117 0.514280 0.046234 0.089918
1 0.549586 0.622418 0.054859 0.094293
1 0.261297 0.820842 0.051281 0.078750
1 0.286570 0.692201 0.059984 0.100380
1 0.277687 0.562215 0.055563 0.110571
3 0.305938 0.369891 0.060937 0.114130
3 0.266094 0.456005 0.061563 0.116793
3 0.229352 0.624212 0.065734 0.114620
3 0.224352 0.736277 0.069172 0.106304
3 0.331477 0.758125 0.070797 0.104348
3 0.395180 0.861658 0.063078 0.116033
3 0.471891 0.850897 0.071500 0.093207
3 0.506023 0.576834 0.047297 0.116658
3 0.453422 0.549878 0.064344 0.085027
3 0.452711 0.463655 0.065484 0.081984
3 0.385469 0.303832 0.067812 0.080380
