0 0.526469 0.168872 0.062875 0.137962
0 0.430984 0.119755 0.068125 0.099946
0 0.464062 0.197405 0.061719 0.124538
0 0.498719 0.289524 0.066844 0.117201
0 0.626125 0.541590 0.059625 0.116114
0 0.635938 0.665149 0.063281 0.127364
0 0.393258 0.661997 0.081203 0.093560
0 0.389844 0.454049 0.071750 0.121196
0 0.297539 0.190190 0.064141 0.130380
2 0.478320 0.623573 0.070016 0.132255
2 0.580516 0.738478 0.068750 0.128696
2 0.518437 0.734810 0.069875 0.132283
2 0.445016 0.754035 0.071094 0.120462
2 0.344297 0.586889 0.071438 0.134864
2 0.538211 0.387609 0.059391 0.128696
2 0.375188 0.337174 0.056719 0.112935
4 0.245297 0.272378 0.064812 0.127473
4 0.205609 0.466739 0.075000 0.128804
4 0.342828 0.868179 0.064281 0.131141
4 0.409648 0.567840 0.067453 0.104701
4 0.332125 0.431196 0.053594 0.125272
4 0.434391 0.346603 0.066906 0.122935
1 0.369109 0.136889 0.063594 0.104103
1 0.568312 0.282323 0.063156 0.132147
1 0.613359 0.390856 0.070969 0.128288
1 0.578648 0.475408 0.059578 0.115435
1 0.582328 0.609389 0.067656 0.105788
1 0.272688 0.781617 0.080469 0.134266
1 0.289617 0.677785 0.074172 0.132473
1 0.287086 0.540190 0.066047 0.120543
3 0.312461 0.311685 0.066953 0.119783
3 0.268359 0.403913 0.067219 0.125815
3 0.226414 0.596590 0.073859 0.127310
3 0.218344 0.718030 0.077656 0.128723
3 0.339562 0.744606 0.079219 0.121005
3 0.404781 0.856304 0.076094 0.133696
3 0.489117 0.844701 0.082734 0.118750
3 0.528750 0.546427 0.051875 0.127310
3 0.473547 0.517201 0.072969 0.096304
3 0.470813 0.425815 0.072344 0.100978
3 0.399266 0.241916 0.074031 0.083397
