0 0.520773 0.222745 0.063609 0.109511
0 0.436422 0.187826 0.068125 0.094076
0 0.463375 0.256101 0.061719 0.124538
0 0.495258 0.326168 0.066078 0.103152
0 0.613961 0.524443 0.059609 0.116114
0 0.623812 0.634810 0.063281 0.127337
0 0.404656 0.634633 0.080625 0.101712
0 0.399750 0.455462 0.071750 0.121196
0 0.320969 0.237731 0.061375 0.120951
2 0.482766 0.606590 0.070781 0.132255
2 0.572359 0.683709 0.068750 0.128668
2 0.515797 0.687677 0.069875 0.132255
2 0.451203 0.704606 0.071094 0.120462
2 0.357719 0.560394 0.071438 0.134864
2 0.527906 0.407473 0.058719 0.128696
2 0.384781 0.358016 0.056719 0.112935
4 0.273844 0.316264 0.064812 0.127473
4 0.236648 0.466318 0.075016 0.131114
4 0.356719 0.819103 0.062250 0.145870
4 0.419289 0.551318 0.069422 0.095136
4 0.349023 0.435924 0.053609 0.125272
4 0.439867 0.364755 0.073047 0.108696
1 0.381406 0.208872 0.063594 0.104103
1 0.552453 0.304524 0.063156 0.133234
1 0.593352 0.396549 0.070953 0.128315
1 0.573836 0.470788 0.059578 0.115435
1 0.568484 0.577649 0.068969 0.118886
1 0.288469 0.769647 0.080469 0.134239
1 0.311773 0.630897 0.074172 0.132500
1 0.314617 0.523641 0.066047 0.120543
3 0.332492 0.340380 0.066953 0.119783
3 0.293312 0.414565 0.067219 0.125815
3 0.257141 0.570584 0.073875 0.127310
3 0.249297 0.681997 0.077656 0.128723
3 0.355859 0.697187 0.079219 0.121005
3 0.417102 0.805245 0.076078 0.136522
3 0.497633 0.788288 0.082734 0.118750
3 0.527531 0.533111 0.051875 0.127310
3 0.476078 0.508913 0.072969 0.096304
3 0.473086 0.425421 0.072359 0.100951
3 0.410594 0.287242 0.074031 0.083397
