0 0.520164 0.165285 0.063609 0.109538
0 0.414953 0.122052 0.068125 0.095462
0 0.452047 0.201943 0.061719 0.124538
0 0.491508 0.294633 0.070859 0.127799
0 0.641766 0.547880 0.059625 0.116141
0 0.654047 0.686630 0.063281 0.127337
0 0.375656 0.686630 0.078594 0.095815
0 0.372547 0.456413 0.067750 0.121196
0 0.275414 0.184891 0.061359 0.120924
2 0.473125 0.651807 0.070781 0.132255
2 0.584594 0.750883 0.068750 0.128668
2 0.514039 0.754878 0.059641 0.118125
2 0.434828 0.789484 0.071094 0.120489
2 0.321016 0.597826 0.071438 0.134837
2 0.535016 0.392908 0.058719 0.128696
2 0.353797 0.337174 0.056719 0.112935
4 0.216953 0.277880 0.064813 0.127446
4 0.167672 0.476726 0.075000 0.131114
4 0.314398 0.915734 0.062234 0.145870
4 0.393141 0.576943 0.069437 0.095136
4 0.306094 0.435054 0.053594 0.125272
4 0.419766 0.341902 0.068281 0.108696
1 0.344359 0.157840 0.063594 0.104103
1 0.563391 0.284701 0.056406 0.108696
1 0.612289 0.394307 0.070953 0.128288
1 0.580531 0.490978 0.054188 0.100000
1 0.586047 0.612704 0.068969 0.118886
1 0.226719 0.873967 0.080469 0.134239
1 0.257328 0.696060 0.074188 0.121739
1 0.254617 0.543750 0.059172 0.120543
3 0.286492 0.313587 0.066953 0.119783
3 0.238023 0.410435 0.065141 0.125815
3 0.184727 0.608315 0.073859 0.127337
3 0.173891 0.742038 0.077656 0.128696
3 0.311234 0.774959 0.079219 0.121005
3 0.391094 0.909742 0.074094 0.136549
3 0.490023 0.890598 0.082734 0.118750
3 0.528891 0.556957 0.051875 0.127337
3 0.464297 0.527799 0.072969 0.088098
3 0.465375 0.422269 0.072344 0.100951
3 0.385844 0.243098 0.074031 0.083370
