0 0.527609 0.133207 0.066000 0.109511
0 0.435578 0.095122 0.068125 0.095462
0 0.467258 0.163370 0.059797 0.125978
0 0.502641 0.245720 0.070844 0.127799
0 0.636219 0.472948 0.059469 0.119266
0 0.644828 0.597174 0.063281 0.130978
0 0.405047 0.600788 0.079031 0.095815
0 0.400703 0.399348 0.067750 0.121196
0 0.308414 0.159158 0.061359 0.130652
2 0.484969 0.572038 0.071719 0.115652
2 0.586156 0.645380 0.068750 0.110761
2 0.522023 0.657840 0.056297 0.113886
2 0.453844 0.682622 0.066719 0.120136
2 0.354750 0.523030 0.061469 0.128886
2 0.539023 0.338601 0.055922 0.119810
2 0.381281 0.292880 0.051750 0.101739
4 0.256148 0.244226 0.066484 0.127473
4 0.218891 0.421495 0.074219 0.122228
4 0.353313 0.797052 0.057656 0.126875
4 0.420969 0.506658 0.069437 0.101087
4 0.340187 0.380815 0.053594 0.119620
4 0.439258 0.297120 0.067234 0.120435
1 0.369312 0.132541 0.063594 0.104103
1 0.566078 0.229647 0.055656 0.105978
1 0.611469 0.330014 0.065313 0.106440
1 0.581984 0.425394 0.053281 0.094375
1 0.588344 0.534986 0.065625 0.104864
1 0.275906 0.749511 0.061906 0.100217
1 0.302391 0.608234 0.072813 0.111141
1 0.299937 0.477255 0.056406 0.118261
3 0.322187 0.277147 0.066969 0.125163
3 0.280023 0.361766 0.065141 0.128804
3 0.239211 0.535353 0.072328 0.115543
3 0.234047 0.656399 0.077656 0.122201
3 0.350953 0.677092 0.079219 0.119022
3 0.420437 0.786440 0.073594 0.130978
3 0.501906 0.771196 0.076719 0.104891
3 0.535937 0.486508 0.051875 0.132310
3 0.479578 0.462160 0.072969 0.092310
3 0.478453 0.368940 0.072344 0.091576
3 0.406641 0.204932 0.074594 0.086658
