0 0.543570 0.089660 0.062859 0.137962
0 0.446953 0.046454 0.068125 0.092908
0 0.480250 0.110312 0.061719 0.124538
0 0.514852 0.210720 0.066828 0.117201
0 0.648328 0.459103 0.059625 0.116141
0 0.653531 0.586916 0.063281 0.127364
0 0.409109 0.582486 0.080625 0.101712
0 0.407344 0.370435 0.071750 0.121196
0 0.313312 0.094755 0.061375 0.130380
2 0.497648 0.553003 0.070016 0.132255
2 0.596156 0.646821 0.068750 0.128696
2 0.531008 0.655611 0.069859 0.132255
2 0.460992 0.673655 0.071078 0.120462
2 0.363500 0.492622 0.071438 0.134864
2 0.551805 0.317255 0.059391 0.128696
2 0.392188 0.252663 0.056719 0.112935
4 0.263312 0.184959 0.064812 0.127473
4 0.223172 0.379674 0.075000 0.128804
4 0.359305 0.779810 0.062234 0.131141
4 0.423922 0.482459 0.067437 0.104701
4 0.345914 0.347283 0.053609 0.125272
4 0.450102 0.261087 0.073047 0.108696
1 0.382719 0.082595 0.063594 0.104103
1 0.581734 0.205177 0.063156 0.132147
1 0.625969 0.315788 0.070969 0.128315
1 0.598352 0.416821 0.059578 0.115435
1 0.599867 0.531508 0.068953 0.118886
1 0.277250 0.737500 0.080469 0.134239
1 0.306094 0.595041 0.074187 0.132473
1 0.304164 0.456250 0.066047 0.120543
3 0.327109 0.221101 0.066969 0.119755
3 0.284250 0.314973 0.067219 0.125815
3 0.243398 0.503601 0.073859 0.127310
3 0.235516 0.626984 0.077656 0.128696
3 0.356094 0.652310 0.079219 0.121033
3 0.421836 0.766766 0.076078 0.133696
3 0.506508 0.758207 0.082734 0.118750
3 0.547922 0.465937 0.051875 0.127310
3 0.489156 0.437323 0.072969 0.096277
3 0.489000 0.341291 0.072344 0.100951
3 0.414000 0.156019 0.074031 0.083397
