0 0.525563 0.172405 0.062875 0.137962
0 0.429625 0.125666 0.068125 0.099973
0 0.464969 0.201345 0.061719 0.124538
0 0.498945 0.292283 0.066828 0.117174
0 0.626125 0.545530 0.059625 0.116114
0 0.636047 0.668899 0.063281 0.127364
0 0.393398 0.666481 0.081203 0.093560
0 0.389844 0.457609 0.071750 0.121196
0 0.297773 0.191386 0.064141 0.130380
2 0.478453 0.624090 0.070031 0.132255
2 0.580516 0.740842 0.068750 0.128696
2 0.519797 0.738356 0.069875 0.132255
2 0.445016 0.758764 0.071094 0.120462
2 0.344125 0.590734 0.071438 0.134837
2 0.538211 0.390299 0.059391 0.128696
2 0.374281 0.342690 0.056719 0.112935
4 0.245297 0.276630 0.064812 0.127446
4 0.205844 0.470679 0.075000 0.128804
4 0.342828 0.871712 0.064281 0.131141
4 0.409477 0.572283 0.067453 0.104728
4 0.332398 0.434728 0.053609 0.125272
4 0.431320 0.346603 0.073047 0.122935
1 0.368984 0.138030 0.063594 0.104103
1 0.568312 0.284389 0.063156 0.132147
1 0.613328 0.391603 0.070969 0.128315
1 0.578742 0.476549 0.059578 0.115435
1 0.582328 0.614511 0.067656 0.105815
1 0.272562 0.782351 0.080469 0.134266
1 0.289953 0.680149 0.074187 0.132473
1 0.285914 0.544918 0.066047 0.120543
3 0.312867 0.314280 0.066953 0.119755
3 0.268219 0.406277 0.067219 0.125815
3 0.226187 0.601712 0.073875 0.127337
3 0.219156 0.722283 0.077656 0.128696
3 0.339781 0.748940 0.079219 0.121033
3 0.405008 0.859851 0.076078 0.133723
3 0.489336 0.848641 0.082734 0.118750
3 0.529703 0.549742 0.051875 0.127310
3 0.474094 0.520747 0.072969 0.096277
3 0.470141 0.434090 0.072344 0.100951
3 0.399266 0.245856 0.074031 0.083397
