0 0.529914 0.180924 0.062859 0.137989
0 0.431438 0.138274 0.068125 0.099973
0 0.465641 0.214742 0.061719 0.124538
0 0.501664 0.315924 0.066828 0.117174
0 0.632922 0.565625 0.059625 0.116141
0 0.637625 0.686236 0.063281 0.127364
0 0.394875 0.695299 0.079594 0.096359
0 0.395281 0.473668 0.071750 0.121196
0 0.301617 0.205571 0.064141 0.130380
2 0.479500 0.628084 0.070031 0.132255
2 0.581875 0.746359 0.068750 0.128696
2 0.521156 0.752785 0.069875 0.132255
2 0.446375 0.768220 0.071094 0.120462
2 0.344906 0.598845 0.071438 0.134864
2 0.538211 0.411739 0.059391 0.128696
2 0.374219 0.359293 0.056719 0.112935
4 0.244625 0.293410 0.064813 0.127473
4 0.205156 0.489592 0.075000 0.128804
4 0.343500 0.893587 0.064281 0.131141
4 0.414234 0.597106 0.067437 0.104701
4 0.332266 0.453641 0.053594 0.125272
4 0.432773 0.357418 0.073047 0.122935
1 0.367969 0.147133 0.063594 0.104103
1 0.568891 0.290041 0.063156 0.132147
1 0.613078 0.397622 0.070969 0.128288
1 0.579586 0.485652 0.059578 0.115435
1 0.581984 0.618057 0.067656 0.105788
1 0.271516 0.788166 0.080469 0.134266
1 0.289953 0.684090 0.074187 0.132473
1 0.288906 0.547745 0.066031 0.120543
3 0.313008 0.332486 0.066953 0.119755
3 0.267945 0.427853 0.067203 0.125815
3 0.228219 0.621807 0.073875 0.127310
3 0.222422 0.747120 0.077656 0.128696
3 0.340469 0.769511 0.079219 0.121033
3 0.410445 0.883193 0.076078 0.133723
3 0.494609 0.868125 0.082750 0.118750
3 0.532516 0.575666 0.051875 0.127310
3 0.476313 0.546753 0.072969 0.096277
3 0.477172 0.443546 0.072344 0.100951
3 0.404031 0.258465 0.074031 0.083397
