0 0.533703 0.243370 0.066906 0.123696
0 0.447297 0.206685 0.068125 0.098859
0 0.479195 0.277052 0.064516 0.122092
0 0.507750 0.353696 0.069625 0.124402
0 0.627469 0.579810 0.058219 0.116141
0 0.636383 0.696101 0.065297 0.127364
0 0.412016 0.692024 0.081188 0.093560
0 0.413641 0.502500 0.071750 0.121196
0 0.326758 0.263478 0.064141 0.130380
2 0.487766 0.660476 0.072000 0.133397
2 0.585969 0.743818 0.068750 0.118071
2 0.527953 0.747812 0.069875 0.132255
2 0.463406 0.769361 0.064187 0.120571
2 0.375391 0.609660 0.071438 0.134864
2 0.545687 0.443723 0.059375 0.128696
2 0.396602 0.394497 0.060141 0.114103
4 0.278641 0.341875 0.060656 0.127446
4 0.242141 0.514755 0.075000 0.128804
4 0.373406 0.878804 0.064281 0.131141
4 0.430547 0.600666 0.067437 0.104701
4 0.355367 0.482011 0.053609 0.125272
4 0.449687 0.400992 0.064906 0.122908
1 0.388219 0.226997 0.063594 0.104103
1 0.575781 0.340530 0.063156 0.132147
1 0.608078 0.434375 0.070969 0.128315
1 0.583445 0.533750 0.059578 0.115435
1 0.583383 0.632908 0.065516 0.107989
1 0.308891 0.834728 0.080469 0.134239
1 0.323258 0.697880 0.074172 0.132500
1 0.318539 0.572092 0.066047 0.120543
3 0.339516 0.382133 0.066969 0.119755
3 0.298531 0.457826 0.067219 0.125815
3 0.261531 0.627717 0.073875 0.127337
3 0.253047 0.736712 0.075687 0.128696
3 0.365609 0.770217 0.079219 0.121033
3 0.423672 0.869307 0.078156 0.133723
3 0.500938 0.857459 0.078750 0.110353
3 0.539094 0.588274 0.051875 0.127310
3 0.487070 0.562690 0.068203 0.102174
3 0.484422 0.474280 0.072344 0.100951
3 0.419656 0.310489 0.074031 0.083370
