0 0.304836 0.249117 0.075078 0.116929
0 0.285922 0.368995 0.071531 0.131739
0 0.329492 0.471943 0.077828 0.134864
0 0.381156 0.664565 0.072719 0.115978
0 0.654195 0.449674 0.065391 0.136793
0 0.581766 0.655122 0.071844 0.128179
0 0.521086 0.609932 0.066672 0.124592
0 0.472047 0.879674 0.080219 0.140543
0 0.391875 0.907174 0.076781 0.133207
3 0.427109 0.091712 0.077094 0.118207
3 0.366172 0.169959 0.077125 0.120353
3 0.421891 0.324918 0.062781 0.129130
3 0.400313 0.444280 0.068813 0.122527
3 0.541414 0.177636 0.074859 0.133207
3 0.586320 0.247527 0.075797 0.128533
3 0.644992 0.323655 0.071078 0.121821
3 0.464359 0.543641 0.076437 0.118370
3 0.451633 0.665870 0.070234 0.126793
3 0.321563 0.715992 0.071937 0.124212
3 0.327883 0.834565 0.080578 0.121304
4 0.532508 0.492011 0.069922 0.122065
4 0.598195 0.533886 0.072922 0.127989
4 0.626938 0.761630 0.078906 0.139348
4 0.314344 0.595734 0.077000 0.125272
4 0.483430 0.328927 0.075391 0.127201
4 0.501539 0.249090 0.076047 0.107527
2 0.513523 0.035190 0.077016 0.070380
2 0.497984 0.128193 0.072281 0.134212
2 0.357914 0.346073 0.076359 0.133071
2 0.420766 0.781535 0.075875 0.134375
2 0.544070 0.841984 0.077828 0.140924
2 0.239828 0.597989 0.078469 0.135652
1 0.221008 0.480734 0.079172 0.118967
1 0.249711 0.731970 0.080422 0.140462
1 0.509156 0.730109 0.068594 0.124185
1 0.437508 0.200870 0.072859 0.118043
1 0.571344 0.100897 0.072219 0.123967
1 0.594562 0.404416 0.060969 0.134321
1 0.538641 0.376318 0.064813 0.128940
1 0.472477 0.438764 0.076859 0.103614
2 0.385000 0.549049 0.076156 0.116739
