0 0.530188 0.227351 0.063625 0.109538
0 0.441977 0.187310 0.068109 0.094076
0 0.475922 0.259117 0.061719 0.124538
0 0.507109 0.340204 0.062063 0.106603
0 0.627664 0.560598 0.059609 0.116141
0 0.637063 0.678057 0.063281 0.127364
0 0.411344 0.681753 0.080625 0.101712
0 0.407180 0.484185 0.071766 0.121196
0 0.320109 0.246658 0.061375 0.120924
2 0.489594 0.647813 0.070781 0.132255
2 0.582297 0.729171 0.068750 0.128668
2 0.525219 0.733329 0.069875 0.132255
2 0.455891 0.756399 0.071094 0.120462
2 0.362812 0.597826 0.071438 0.134837
2 0.539656 0.430136 0.058719 0.128696
2 0.385969 0.372582 0.056719 0.112935
4 0.274344 0.331726 0.064812 0.127473
4 0.239250 0.501427 0.075000 0.131114
4 0.359375 0.862337 0.062250 0.145870
4 0.425852 0.586997 0.069422 0.095136
4 0.353734 0.469728 0.053594 0.125272
4 0.445695 0.380326 0.073047 0.108696
1 0.378953 0.223003 0.063594 0.104103
1 0.564234 0.330476 0.063156 0.132147
1 0.603430 0.411726 0.070953 0.128288
1 0.579148 0.505190 0.059578 0.115435
1 0.581375 0.613152 0.068969 0.118859
1 0.287047 0.816359 0.080469 0.134239
1 0.311023 0.672459 0.074172 0.132473
1 0.307492 0.551712 0.066047 0.120543
3 0.332891 0.355842 0.066969 0.119783
3 0.292063 0.442364 0.067219 0.125815
3 0.254391 0.610557 0.073875 0.127310
3 0.245250 0.729022 0.077656 0.128696
3 0.359328 0.750272 0.079219 0.121033
3 0.422453 0.859688 0.076094 0.136549
3 0.500727 0.840652 0.082734 0.118750
3 0.536875 0.571726 0.051875 0.127310
3 0.483156 0.539062 0.072969 0.096277
3 0.483734 0.453886 0.072344 0.100978
3 0.412523 0.292554 0.074016 0.083370
