0 0.528273 0.212595 0.062859 0.137962
0 0.439820 0.169253 0.068109 0.098832
0 0.469461 0.245910 0.064516 0.122092
0 0.505031 0.332024 0.069625 0.124375
0 0.626125 0.564443 0.059625 0.116114
0 0.631969 0.686630 0.063281 0.127337
0 0.404766 0.683356 0.081187 0.093560
0 0.403148 0.482582 0.071766 0.121196
0 0.314523 0.228016 0.064141 0.130380
2 0.487859 0.650639 0.070031 0.132255
2 0.585953 0.734932 0.068750 0.128668
2 0.521156 0.747812 0.069875 0.132255
2 0.450453 0.759932 0.071094 0.120462
2 0.362031 0.602568 0.071438 0.134864
2 0.542070 0.421264 0.059391 0.128668
2 0.385828 0.373016 0.056719 0.112935
4 0.264328 0.313519 0.064812 0.127473
4 0.227586 0.497880 0.075016 0.128804
4 0.358680 0.868179 0.064297 0.131141
4 0.421484 0.584905 0.067437 0.104701
4 0.345172 0.460734 0.053594 0.125272
4 0.442453 0.378533 0.064906 0.122935
1 0.381875 0.201386 0.063594 0.104076
1 0.576656 0.320095 0.063156 0.132147
1 0.602406 0.420584 0.070969 0.128288
1 0.586727 0.524103 0.059578 0.115435
1 0.580281 0.629715 0.067656 0.105788
1 0.293063 0.824878 0.080469 0.134266
1 0.311023 0.694334 0.074172 0.132473
1 0.304266 0.567364 0.066031 0.120543
3 0.325242 0.346671 0.066953 0.119755
3 0.284938 0.435842 0.067219 0.125815
3 0.245906 0.618247 0.073875 0.127310
3 0.240953 0.734348 0.077656 0.128696
3 0.353609 0.753682 0.079219 0.121005
3 0.417109 0.862228 0.078156 0.133696
3 0.497063 0.851793 0.084125 0.118750
3 0.533875 0.572514 0.051875 0.127310
3 0.479250 0.540842 0.072969 0.096304
3 0.480109 0.452215 0.072344 0.100951
3 0.410594 0.283288 0.074031 0.083370
