0 0.547344 0.248030 0.063625 0.109538
0 0.449680 0.207201 0.068109 0.094076
0 0.481953 0.278166 0.061719 0.124538
0 0.520531 0.376535 0.062063 0.106603
0 0.653992 0.628859 0.059609 0.116141
0 0.659156 0.757554 0.063281 0.127337
0 0.411172 0.749579 0.080625 0.101712
0 0.410742 0.532065 0.071766 0.121196
0 0.318578 0.260842 0.061375 0.120924
2 0.497250 0.678220 0.070781 0.132255
2 0.603141 0.802133 0.068750 0.128668
2 0.531000 0.795095 0.069875 0.132255
2 0.462352 0.820802 0.071078 0.120462
2 0.367984 0.649470 0.071438 0.134864
2 0.551867 0.460965 0.059391 0.128668
2 0.392039 0.405652 0.056703 0.112935
4 0.263656 0.356644 0.064812 0.127473
4 0.223844 0.541603 0.075000 0.128804
4 0.356250 0.938383 0.062250 0.123234
4 0.432250 0.638342 0.069000 0.097174
4 0.354344 0.508030 0.053594 0.125299
4 0.452727 0.429076 0.073047 0.108696
1 0.380172 0.211753 0.063594 0.104103
1 0.580891 0.358247 0.063156 0.132147
1 0.625570 0.463370 0.070953 0.128315
1 0.596477 0.562065 0.059578 0.115435
1 0.595672 0.668465 0.068969 0.118886
1 0.285828 0.876984 0.080469 0.134239
1 0.313398 0.748003 0.074172 0.132473
1 0.305797 0.603723 0.066031 0.120543
3 0.330508 0.379878 0.066953 0.119755
3 0.286203 0.481060 0.067219 0.125815
3 0.239781 0.671236 0.073875 0.127310
3 0.230422 0.798560 0.077656 0.128696
3 0.356438 0.826073 0.079219 0.121005
3 0.424719 0.931481 0.076094 0.135136
3 0.511773 0.931386 0.082734 0.118750
3 0.549500 0.634769 0.051875 0.127310
3 0.493750 0.601508 0.072969 0.096277
3 0.492563 0.501671 0.072344 0.100951
3 0.421969 0.319334 0.074031 0.083397
