0 0.543609 0.245435 0.063625 0.109511
0 0.448656 0.199511 0.068125 0.094076
0 0.479234 0.277378 0.061719 0.124538
0 0.513906 0.359103 0.062062 0.106630
0 0.646180 0.611712 0.059609 0.116141
0 0.651672 0.733913 0.063281 0.127337
0 0.413031 0.736291 0.080625 0.101712
0 0.408195 0.526168 0.071766 0.121196
0 0.323336 0.265856 0.061359 0.120951
2 0.496391 0.677351 0.070781 0.132255
2 0.597516 0.786345 0.068750 0.128668
2 0.528281 0.773818 0.069875 0.132255
2 0.461555 0.801698 0.071078 0.120462
2 0.367914 0.637418 0.071422 0.134837
2 0.546477 0.454565 0.059391 0.128696
2 0.392188 0.404538 0.056719 0.112935
4 0.269766 0.348954 0.064812 0.127473
4 0.228945 0.535666 0.075016 0.131114
4 0.355398 0.927310 0.062234 0.145380
4 0.431203 0.632514 0.069437 0.095136
4 0.355367 0.508030 0.053609 0.125299
4 0.450008 0.412826 0.073047 0.108696
1 0.379922 0.215041 0.063594 0.104103
1 0.575578 0.351807 0.063156 0.132147
1 0.620734 0.450625 0.070969 0.128315
1 0.591711 0.543804 0.059578 0.115435
1 0.593406 0.658410 0.068969 0.118886
1 0.286250 0.872554 0.080469 0.134239
1 0.314414 0.729796 0.074172 0.132473
1 0.312430 0.595734 0.066047 0.120543
3 0.331359 0.383329 0.066969 0.119755
3 0.289172 0.470734 0.067219 0.125815
3 0.243172 0.664348 0.073875 0.127337
3 0.237781 0.788723 0.077656 0.128696
3 0.359492 0.803315 0.079234 0.121033
3 0.423359 0.920380 0.076094 0.136522
3 0.507695 0.911277 0.082734 0.118750
3 0.545203 0.624918 0.051875 0.127337
3 0.491484 0.591658 0.072969 0.096304
3 0.489172 0.496739 0.072344 0.100978
3 0.421297 0.316386 0.074031 0.083370
