0 0.529625 0.242188 0.066906 0.123723
0 0.440500 0.203139 0.068125 0.098832
0 0.475117 0.271128 0.064516 0.122092
0 0.502984 0.350149 0.069625 0.124375
0 0.625094 0.579226 0.058219 0.116114
0 0.630602 0.694321 0.065297 0.127337
0 0.408281 0.691427 0.081187 0.093560
0 0.408883 0.498967 0.071766 0.121196
0 0.324039 0.263478 0.064141 0.130380
2 0.484508 0.660937 0.072016 0.133397
2 0.579844 0.737894 0.068750 0.118071
2 0.525234 0.747228 0.069875 0.132283
2 0.458648 0.769361 0.064203 0.120571
2 0.369953 0.609660 0.071438 0.134864
2 0.541836 0.444130 0.059391 0.128696
2 0.391398 0.396073 0.060141 0.114103
4 0.274227 0.341875 0.060672 0.127446
4 0.238453 0.509701 0.075000 0.128804
4 0.370016 0.876440 0.064281 0.131141
4 0.425563 0.601046 0.067437 0.104701
4 0.353328 0.480815 0.053594 0.125272
4 0.446297 0.400992 0.064906 0.122908
1 0.386172 0.225815 0.063594 0.104076
1 0.571703 0.340530 0.063156 0.132147
1 0.607852 0.434375 0.070953 0.128315
1 0.582820 0.533668 0.059578 0.115435
1 0.580328 0.633207 0.065531 0.107989
1 0.308688 0.834728 0.080469 0.134239
1 0.318727 0.697880 0.074172 0.132500
1 0.317859 0.571712 0.066031 0.120543
3 0.335437 0.372677 0.066969 0.119755
3 0.295125 0.457120 0.067219 0.125815
3 0.257453 0.625353 0.073875 0.127337
3 0.251688 0.739076 0.075687 0.128696
3 0.360859 0.767853 0.079219 0.121033
3 0.421977 0.868125 0.078172 0.133696
3 0.497203 0.856277 0.078750 0.110380
3 0.536375 0.587092 0.051875 0.127337
3 0.482305 0.561522 0.068203 0.102174
3 0.481016 0.474878 0.072344 0.100951
3 0.414219 0.310489 0.074031 0.083370
