3 0.316969 0.719532 0.086021 0.137454
3 0.419057 0.300921 0.071521 0.115120
3 0.757583 0.776046 0.083115 0.142611
1 0.110143 0.537838 0.083120 0.132306
4 0.188945 0.261907 0.067651 0.109963
0 0.112326 0.029301 0.060307 0.058602
3 0.119151 0.133644 0.057990 0.117528
1 0.255193 0.115704 0.067271 0.092778
1 0.302878 0.178074 0.066109 0.098963
1 0.359943 0.116574 0.063792 0.111333
2 0.350604 0.025796 0.061469 0.051593
2 0.083919 0.212500 0.076547 0.113407
2 0.068193 0.052602 0.053354 0.105204
2 0.149310 0.032583 0.056828 0.053611
2 0.207432 0.038005 0.061469 0.076009
3 0.172982 0.113412 0.063786 0.101028
3 0.236836 0.203139 0.064974 0.113407
3 0.290964 0.029921 0.060312 0.059843
