0 0.526922 0.149959 0.062875 0.137962
0 0.432344 0.093750 0.068125 0.099946
0 0.469047 0.174158 0.061719 0.124565
0 0.504383 0.263913 0.066828 0.117174
0 0.630883 0.521889 0.059609 0.116114
0 0.635359 0.646440 0.063281 0.127337
0 0.394344 0.642378 0.081188 0.093560
0 0.393242 0.432772 0.071766 0.121196
0 0.300258 0.160652 0.064141 0.130380
2 0.477664 0.621073 0.070016 0.132255
2 0.579844 0.703016 0.068750 0.128696
2 0.515719 0.712351 0.069875 0.132255
2 0.443656 0.732758 0.071094 0.120462
2 0.345719 0.557242 0.071438 0.134864
2 0.537695 0.370734 0.059391 0.128696
2 0.374969 0.317065 0.056719 0.112935
4 0.249375 0.247323 0.064812 0.127473
4 0.210594 0.437582 0.075000 0.128804
4 0.344859 0.844538 0.064281 0.131141
4 0.409477 0.541549 0.067453 0.104728
4 0.334305 0.408723 0.053609 0.125272
4 0.436422 0.322962 0.066906 0.122935
1 0.369734 0.131209 0.063594 0.104103
1 0.568312 0.271970 0.063156 0.132147
1 0.613516 0.387092 0.070969 0.128315
1 0.578117 0.469728 0.059578 0.115435
1 0.582328 0.584973 0.067656 0.105815
1 0.273344 0.777976 0.080469 0.134266
1 0.292219 0.650204 0.074187 0.132473
1 0.292906 0.516549 0.066031 0.120543
3 0.317086 0.292296 0.066953 0.119755
3 0.271344 0.380272 0.067219 0.125815
3 0.226867 0.574524 0.073859 0.127310
3 0.224188 0.690598 0.077656 0.128696
3 0.341828 0.717038 0.079219 0.121033
3 0.406367 0.830299 0.076078 0.133696
3 0.491383 0.825000 0.082734 0.118750
3 0.535000 0.525041 0.051875 0.127310
3 0.476031 0.494144 0.072969 0.096277
3 0.473531 0.404538 0.072344 0.100978
3 0.401984 0.218274 0.074031 0.083397
