0 0.494000 0.145190 0.063625 0.109511
0 0.396672 0.106698 0.068125 0.095462
0 0.430984 0.182432 0.061719 0.124538
0 0.469078 0.264497 0.070844 0.127799
0 0.614578 0.492337 0.059625 0.116141
0 0.626531 0.614524 0.063281 0.127364
0 0.363766 0.628125 0.078594 0.095815
0 0.358609 0.417391 0.067750 0.121196
0 0.264883 0.171304 0.061359 0.120924
2 0.456984 0.591522 0.070781 0.132228
2 0.566922 0.677011 0.068750 0.128696
2 0.492289 0.692242 0.059641 0.118125
2 0.423945 0.713832 0.071078 0.120489
2 0.312680 0.543451 0.066984 0.134837
2 0.514766 0.349226 0.058719 0.112038
2 0.343938 0.305272 0.052656 0.103533
4 0.214719 0.261495 0.064812 0.127446
4 0.166414 0.449389 0.075016 0.131114
4 0.309945 0.841902 0.058922 0.133967
4 0.381922 0.526128 0.069437 0.095136
4 0.298273 0.396929 0.053609 0.125272
4 0.404469 0.315897 0.068281 0.108696
1 0.334172 0.154293 0.063594 0.104076
1 0.538750 0.249538 0.055656 0.105978
1 0.581563 0.345190 0.064187 0.098641
1 0.567953 0.450190 0.054188 0.100000
1 0.559875 0.561889 0.068969 0.118886
1 0.229500 0.809905 0.080469 0.134266
1 0.258688 0.638723 0.074188 0.121739
1 0.259383 0.505924 0.059172 0.120543
3 0.283773 0.292323 0.066953 0.119755
3 0.232242 0.387391 0.065141 0.125815
3 0.185406 0.567418 0.073875 0.127337
3 0.179328 0.688247 0.077656 0.128723
3 0.307844 0.708750 0.079219 0.121033
3 0.381578 0.834090 0.074094 0.136549
3 0.470313 0.810815 0.082750 0.118750
3 0.504422 0.505530 0.051875 0.127310
3 0.447984 0.477554 0.072969 0.088098
3 0.445000 0.383261 0.072344 0.086793
3 0.367320 0.217106 0.074016 0.083397
