3 0.350141 0.201102 0.050917 0.089074
4 0.447781 0.125731 0.061813 0.086574
3 0.443138 0.191630 0.049297 0.086870
4 0.370297 0.146370 0.057802 0.101815
0 0.114826 0.210593 0.046370 0.090667
0 0.180901 0.239963 0.053156 0.090926
0 0.224523 0.116954 0.058620 0.071981
0 0.400672 0.412921 0.052698 0.074880
1 0.182003 0.512046 0.053495 0.088315
1 0.138026 0.275824 0.041792 0.086130
0 0.172570 0.113782 0.049286 0.058361
0 0.206237 0.170551 0.042526 0.068731
1 0.156156 0.174292 0.043490 0.082472
3 0.251477 0.067315 0.050286 0.065833
3 0.299568 0.068898 0.057990 0.071759
1 0.261370 0.399157 0.052094 0.093463
4 0.194245 0.050384 0.056417 0.079009
4 0.436174 0.483500 0.049245 0.085852
2 0.431273 0.275653 0.044495 0.084787
1 0.311721 0.165074 0.038849 0.087574
3 0.405883 0.352898 0.053974 0.085852
3 0.475378 0.902028 0.059661 0.104352
4 0.269036 0.520120 0.063458 0.087574
1 0.371458 0.496667 0.048271 0.094278
1 0.240143 0.803403 0.077630 0.114398
3 0.398914 0.888676 0.065453 0.097389
3 0.511951 0.588116 0.065203 0.107269
3 0.403029 0.554347 0.049755 0.093250
3 0.745633 0.863532 0.091130 0.103231
1 0.227669 0.939120 0.076099 0.121759
4 0.340956 0.520380 0.062828 0.101389
0 0.272802 0.285458 0.052833 0.092176
3 0.551497 0.334162 0.058828 0.110269
1 0.479888 0.527690 0.048141 0.083898
1 0.454607 0.593606 0.055245 0.094769
1 0.481003 0.293505 0.049474 0.094491
2 0.521490 0.268338 0.050979 0.086787
2 0.187185 0.349801 0.049984 0.079361
2 0.247227 0.189718 0.050172 0.078806
2 0.286680 0.135773 0.045453 0.075731
2 0.443753 0.488667 0.059745 0.095704
3 0.324174 0.426653 0.059016 0.099491
3 0.453549 0.399477 0.063307 0.103065
3 0.355591 0.284407 0.056224 0.088833
