3 0.359987 0.343356 0.050922 0.089083
4 0.470508 0.263111 0.061807 0.086574
3 0.450867 0.345162 0.049297 0.086861
4 0.387844 0.267917 0.057802 0.101815
0 0.145505 0.358065 0.046375 0.090667
0 0.197948 0.391477 0.053156 0.090917
0 0.235885 0.322009 0.058615 0.071981
0 0.406732 0.552088 0.052693 0.074880
1 0.205867 0.661546 0.053495 0.088315
1 0.160755 0.431380 0.041792 0.086130
0 0.186206 0.263282 0.049286 0.058361
0 0.232372 0.255903 0.042526 0.068731
1 0.178885 0.319745 0.043490 0.082472
3 0.271555 0.213102 0.050286 0.065833
3 0.319260 0.188426 0.057990 0.071759
1 0.275576 0.546634 0.052099 0.093454
4 0.203333 0.179681 0.056417 0.079009
4 0.456628 0.635014 0.049245 0.085861
2 0.430039 0.397866 0.044505 0.090824
1 0.332180 0.329352 0.038849 0.087574
3 0.416823 0.464588 0.053979 0.085861
3 0.475378 0.902028 0.059661 0.104352
4 0.288104 0.682861 0.063458 0.087574
1 0.382870 0.622727 0.048271 0.094269
1 0.264008 0.936741 0.077630 0.114407
3 0.433003 0.984690 0.065453 0.030620
3 0.522180 0.723472 0.065203 0.107259
3 0.425758 0.704644 0.049755 0.093250
3 0.752456 0.964963 0.084318 0.070074
1 0.227669 0.939120 0.076099 0.121759
4 0.340956 0.520380 0.062828 0.101389
0 0.284164 0.423838 0.050599 0.094213
3 0.561385 0.476384 0.058833 0.110269
1 0.487086 0.628028 0.048141 0.083907
1 0.471654 0.709431 0.055245 0.094769
1 0.474753 0.417236 0.049474 0.094491
2 0.404341 0.347171 0.050984 0.086787
2 0.190594 0.477074 0.049990 0.079352
2 0.278888 0.293301 0.050172 0.078806
2 0.307229 0.270356 0.045458 0.075731
2 0.443753 0.488667 0.059745 0.095704
3 0.339076 0.568958 0.059016 0.099491
3 0.467187 0.515745 0.063312 0.103065
3 0.368091 0.442995 0.056224 0.088824
