0 0.527766 0.236875 0.066906 0.123696
0 0.440328 0.191603 0.068125 0.098859
0 0.474625 0.267935 0.067187 0.122011
0 0.506641 0.340693 0.069625 0.124375
0 0.622203 0.569783 0.058219 0.116141
0 0.629586 0.684266 0.065297 0.127337
0 0.409625 0.686114 0.077094 0.093587
0 0.404805 0.490109 0.071766 0.121196
0 0.322352 0.250462 0.064141 0.130380
2 0.484039 0.650068 0.072016 0.133397
2 0.584156 0.733166 0.068750 0.118071
2 0.527133 0.741929 0.066422 0.132228
2 0.453211 0.760489 0.064203 0.120598
2 0.367109 0.605965 0.071438 0.134864
2 0.541211 0.437717 0.059391 0.128696
2 0.394117 0.389769 0.060141 0.114103
4 0.274906 0.333601 0.060656 0.127473
4 0.237953 0.504375 0.075000 0.128804
4 0.366953 0.870543 0.064281 0.131141
4 0.426242 0.591196 0.067453 0.104728
4 0.354008 0.467826 0.053609 0.125272
4 0.445609 0.394783 0.064906 0.122935
1 0.380406 0.218220 0.063594 0.104103
1 0.563781 0.330965 0.063156 0.132147
1 0.603148 0.426101 0.070953 0.128288
1 0.574898 0.538777 0.059578 0.115435
1 0.577555 0.627690 0.065516 0.107989
1 0.291992 0.818261 0.080484 0.134239
1 0.313523 0.688628 0.074172 0.132473
1 0.308555 0.563886 0.066047 0.120543
3 0.333398 0.369144 0.066953 0.119755
3 0.293766 0.447663 0.067219 0.125815
3 0.257461 0.618845 0.073859 0.127310
3 0.251859 0.730204 0.075687 0.128723
3 0.359414 0.753043 0.075828 0.122283
3 0.422320 0.858682 0.078172 0.133723
3 0.498555 0.844457 0.078766 0.110380
3 0.533656 0.581780 0.051875 0.127310
3 0.479336 0.554130 0.068203 0.102174
3 0.481359 0.464226 0.072344 0.100951
3 0.416422 0.303098 0.074031 0.083370
