0 0.532859 0.231563 0.066906 0.123723
0 0.447461 0.188940 0.068109 0.098859
0 0.481242 0.264348 0.065172 0.122065
0 0.512250 0.340693 0.069625 0.124375
0 0.630648 0.567011 0.058234 0.116141
0 0.636836 0.680720 0.065297 0.127364
0 0.416422 0.683465 0.077094 0.093560
0 0.411398 0.490707 0.071766 0.121196
0 0.329477 0.246929 0.064141 0.130380
2 0.484773 0.650068 0.072016 0.133397
2 0.585516 0.733166 0.068750 0.118071
2 0.528156 0.741929 0.066406 0.132228
2 0.456469 0.761196 0.064187 0.120598
2 0.366844 0.603302 0.071438 0.134864
2 0.542914 0.437120 0.059391 0.128696
2 0.395164 0.389334 0.060141 0.114103
4 0.280344 0.333601 0.060656 0.127473
4 0.244313 0.500245 0.075000 0.128804
4 0.369602 0.868424 0.064297 0.131141
4 0.429938 0.587649 0.067437 0.104701
4 0.358766 0.468995 0.053594 0.125272
4 0.449484 0.389647 0.064906 0.122935
1 0.382437 0.217215 0.063594 0.104103
1 0.565141 0.330367 0.063156 0.132147
1 0.606211 0.426101 0.070953 0.128288
1 0.575914 0.535924 0.059578 0.115435
1 0.579250 0.628288 0.065531 0.107989
1 0.292578 0.820788 0.080469 0.134239
1 0.315789 0.686658 0.074172 0.132500
1 0.309773 0.564239 0.066047 0.120543
3 0.341727 0.363967 0.066953 0.119783
3 0.302719 0.445272 0.067219 0.125815
3 0.261742 0.619918 0.073859 0.127337
3 0.257867 0.730204 0.075672 0.128723
3 0.362945 0.753043 0.075828 0.122283
3 0.424969 0.859035 0.078156 0.133723
3 0.503047 0.844457 0.078750 0.110380
3 0.537734 0.578234 0.051875 0.127337
3 0.485297 0.551114 0.068219 0.102174
3 0.485891 0.464334 0.072344 0.100951
3 0.420609 0.302568 0.074031 0.083397
