0 0.517914 0.212894 0.062859 0.137962
0 0.427078 0.170625 0.068125 0.098859
0 0.462039 0.249851 0.064516 0.122092
0 0.493469 0.330054 0.069625 0.124402
0 0.615758 0.565027 0.059609 0.116141
0 0.620922 0.683084 0.063281 0.127364
0 0.395367 0.682269 0.081203 0.093560
0 0.392086 0.483098 0.071766 0.121196
0 0.302805 0.227133 0.064141 0.130408
2 0.477664 0.647677 0.070016 0.132255
2 0.574406 0.730204 0.068750 0.128668
2 0.510281 0.746046 0.069875 0.132255
2 0.443656 0.758166 0.071094 0.120462
2 0.349563 0.602568 0.071438 0.134864
2 0.529547 0.419484 0.059375 0.128696
2 0.377062 0.372935 0.056719 0.112935
4 0.253453 0.322976 0.064812 0.127473
4 0.219430 0.507038 0.075016 0.128804
4 0.346047 0.867582 0.064281 0.131141
4 0.407609 0.584688 0.067437 0.104701
4 0.336508 0.460435 0.053609 0.125272
4 0.432195 0.379416 0.064922 0.122908
1 0.369516 0.203057 0.063594 0.104103
1 0.560937 0.319062 0.063156 0.132147
1 0.595328 0.419891 0.070969 0.128315
1 0.576258 0.518492 0.059578 0.115462
1 0.568047 0.629212 0.067656 0.105815
1 0.281844 0.824090 0.080469 0.134266
1 0.304227 0.694334 0.074172 0.132473
1 0.295352 0.566495 0.066047 0.120543
3 0.315898 0.351399 0.066953 0.119755
3 0.275594 0.441739 0.067219 0.125815
3 0.235875 0.615299 0.073875 0.127337
3 0.231500 0.735815 0.077656 0.128696
3 0.343187 0.753981 0.079219 0.121005
3 0.407711 0.861929 0.078172 0.133696
3 0.484430 0.852772 0.084141 0.118750
3 0.520906 0.571427 0.051875 0.127310
3 0.469734 0.540245 0.072969 0.096304
3 0.468266 0.453302 0.072344 0.100951
3 0.399953 0.284171 0.074031 0.083397
