0 0.566805 0.084022 0.063609 0.109511
0 0.463781 0.048207 0.068125 0.094076
0 0.501922 0.121264 0.061719 0.124538
0 0.541578 0.212486 0.070844 0.127799
0 0.691266 0.468886 0.059625 0.116141
0 0.701734 0.605462 0.063281 0.127337
0 0.428219 0.602704 0.080625 0.101712
0 0.424164 0.377799 0.071766 0.121196
0 0.322344 0.105095 0.061375 0.120951
2 0.521719 0.569660 0.070781 0.132255
2 0.632625 0.669918 0.068750 0.128696
2 0.560914 0.677880 0.069641 0.129891
2 0.482398 0.700041 0.071078 0.120462
2 0.369281 0.509171 0.071438 0.134864
2 0.580688 0.315625 0.058719 0.128696
2 0.397625 0.264321 0.056719 0.112935
4 0.270344 0.193546 0.064812 0.127473
4 0.220906 0.391073 0.075000 0.131114
4 0.368773 0.828845 0.062234 0.145842
4 0.443094 0.497541 0.069437 0.095136
4 0.357570 0.353777 0.053609 0.125272
4 0.466852 0.266250 0.073047 0.108696
1 0.387875 0.088832 0.063594 0.104076
1 0.606633 0.225937 0.063141 0.133234
1 0.656188 0.323084 0.070969 0.128288
1 0.632586 0.414171 0.059578 0.115462
1 0.627391 0.552024 0.068969 0.118886
1 0.276500 0.782853 0.080469 0.134239
1 0.300664 0.617351 0.074172 0.132473
1 0.311414 0.463207 0.066047 0.120543
3 0.337375 0.232024 0.066969 0.119755
3 0.291047 0.326793 0.067219 0.125815
3 0.239438 0.526046 0.073875 0.127310
3 0.230297 0.657514 0.077656 0.128723
3 0.365719 0.685312 0.079219 0.121005
3 0.443914 0.813995 0.076078 0.136522
3 0.539758 0.799783 0.082734 0.118750
3 0.579625 0.474606 0.051875 0.127310
3 0.514141 0.443519 0.072969 0.096277
3 0.513188 0.340313 0.072344 0.100951
3 0.432578 0.159375 0.074031 0.083370
