0 0.528680 0.120829 0.065984 0.109538
0 0.436656 0.082758 0.068125 0.095462
0 0.468266 0.152296 0.060719 0.126712
0 0.503852 0.235204 0.070859 0.127799
0 0.637906 0.463601 0.059875 0.119266
0 0.645906 0.587826 0.063281 0.130978
0 0.406125 0.590503 0.079562 0.095788
0 0.401641 0.387880 0.067750 0.121196
0 0.308680 0.147228 0.061359 0.130652
2 0.485375 0.562215 0.071719 0.115625
2 0.586430 0.635571 0.068734 0.110761
2 0.522297 0.647446 0.055750 0.111793
2 0.454719 0.671970 0.065781 0.117582
2 0.355414 0.511929 0.060922 0.129565
2 0.540500 0.327622 0.055938 0.119810
2 0.381953 0.284810 0.051750 0.103370
4 0.256961 0.232079 0.066484 0.127473
4 0.219891 0.410408 0.074219 0.124130
4 0.354281 0.786114 0.057656 0.126848
4 0.421500 0.496141 0.069438 0.101087
4 0.340992 0.369918 0.053609 0.121685
4 0.440477 0.286372 0.067234 0.120408
1 0.369859 0.119932 0.063594 0.104103
1 0.567281 0.218886 0.055656 0.105978
1 0.612937 0.318329 0.065313 0.106440
1 0.583195 0.416766 0.051672 0.096739
1 0.588477 0.525394 0.065641 0.104864
1 0.276070 0.739130 0.061891 0.100217
1 0.303172 0.596549 0.072813 0.111141
1 0.300172 0.468682 0.056406 0.118288
3 0.323398 0.264755 0.066953 0.125163
3 0.280836 0.350082 0.065141 0.128804
3 0.239547 0.525231 0.072313 0.114755
3 0.234500 0.645095 0.077656 0.122201
3 0.351750 0.666440 0.079219 0.119022
3 0.421469 0.776087 0.073750 0.130978
3 0.502719 0.761087 0.076719 0.104891
3 0.536344 0.476454 0.051875 0.132310
3 0.480250 0.452459 0.072969 0.094429
3 0.479531 0.358424 0.072344 0.091576
3 0.407445 0.194293 0.074609 0.088315
