0 0.327359 0.232649 0.075094 0.116929
0 0.307453 0.348818 0.071531 0.131766
0 0.349258 0.441793 0.077828 0.134837
0 0.404641 0.619701 0.072719 0.115978
0 0.661555 0.413424 0.065391 0.136793
0 0.596148 0.602690 0.071859 0.140217
0 0.536086 0.555177 0.066672 0.124592
0 0.489289 0.834063 0.080234 0.148397
0 0.413227 0.864266 0.076766 0.139130
3 0.440000 0.081399 0.077094 0.108886
3 0.381625 0.161481 0.077125 0.120353
3 0.435953 0.300489 0.062781 0.129130
3 0.420625 0.412418 0.068813 0.122500
3 0.547617 0.152921 0.074859 0.133234
3 0.593570 0.224239 0.075797 0.128533
3 0.651352 0.291155 0.071078 0.121821
3 0.482094 0.502255 0.076438 0.118370
3 0.473438 0.617582 0.070219 0.126793
3 0.345141 0.677785 0.071937 0.124212
3 0.350070 0.790367 0.080578 0.121332
4 0.544086 0.447418 0.069922 0.122065
4 0.610602 0.489307 0.072922 0.128016
4 0.644313 0.705815 0.078906 0.139348
4 0.337430 0.557894 0.077016 0.125245
4 0.495797 0.291739 0.075406 0.127228
4 0.510680 0.227636 0.076047 0.107554
2 0.517867 0.028764 0.077016 0.057527
2 0.505570 0.118791 0.072266 0.134212
2 0.374555 0.320503 0.076359 0.133071
2 0.441648 0.737976 0.075859 0.134375
2 0.561906 0.787745 0.077812 0.140924
2 0.260875 0.569579 0.078469 0.135679
1 0.246289 0.457147 0.079172 0.118967
1 0.274680 0.702432 0.080422 0.140462
1 0.527750 0.676712 0.068594 0.124185
1 0.449086 0.184389 0.072859 0.118071
1 0.573344 0.083451 0.072219 0.110163
1 0.604516 0.369851 0.060969 0.134321
1 0.548672 0.337269 0.064812 0.128940
1 0.487328 0.394742 0.076844 0.103614
2 0.406125 0.514592 0.076156 0.116739
