3 0.352034 0.332245 0.050922 0.089083
4 0.458576 0.250981 0.061807 0.086574
3 0.442909 0.332032 0.049297 0.086861
4 0.383047 0.265222 0.057802 0.101815
0 0.140961 0.354833 0.046370 0.090667
0 0.187883 0.377046 0.053161 0.090926
0 0.211453 0.321500 0.058615 0.071981
0 0.401430 0.547153 0.052693 0.074880
1 0.196206 0.661546 0.053495 0.088315
1 0.153482 0.423301 0.041797 0.086120
0 0.178023 0.260856 0.049286 0.058361
0 0.225102 0.254292 0.042526 0.068731
1 0.173885 0.316514 0.043490 0.082472
3 0.266818 0.200394 0.050292 0.065843
3 0.312917 0.175463 0.057990 0.071759
1 0.269667 0.543403 0.052094 0.093454
4 0.199042 0.162625 0.056417 0.079009
4 0.447536 0.622894 0.049240 0.085861
2 0.423789 0.389782 0.044505 0.090824
1 0.323086 0.325176 0.038849 0.087574
3 0.409247 0.457407 0.053974 0.085852
3 0.475378 0.902028 0.059661 0.104352
4 0.282547 0.679269 0.063458 0.087574
1 0.375802 0.622727 0.048271 0.094269
1 0.254917 0.927986 0.077625 0.114398
3 0.420125 0.982662 0.065458 0.034676
3 0.517253 0.706634 0.065203 0.107269
3 0.415529 0.692523 0.049755 0.093250
3 0.747909 0.965167 0.084318 0.069667
1 0.227669 0.939120 0.076099 0.121759
4 0.340956 0.520380 0.062828 0.101389
0 0.275529 0.422218 0.050599 0.094213
3 0.557122 0.475375 0.058828 0.110269
1 0.484487 0.622833 0.048141 0.083907
1 0.462562 0.711449 0.055250 0.094769
1 0.469828 0.408819 0.049469 0.094491
2 0.399797 0.338083 0.050979 0.086778
2 0.186958 0.476269 0.049990 0.079352
2 0.271216 0.284208 0.050172 0.078806
2 0.300979 0.258662 0.045458 0.075731
2 0.443753 0.488667 0.059745 0.095704
3 0.332763 0.564468 0.059016 0.099491
3 0.460370 0.508116 0.063313 0.103065
3 0.362409 0.434407 0.056224 0.088833
