0 0.521016 0.218057 0.063625 0.109538
0 0.436672 0.183560 0.068125 0.094076
0 0.464094 0.249715 0.061719 0.124538
0 0.496031 0.320815 0.066063 0.103152
0 0.615148 0.517228 0.059609 0.116141
0 0.623812 0.627595 0.063281 0.127364
0 0.406531 0.627867 0.080625 0.101712
0 0.400742 0.448940 0.071766 0.121196
0 0.322953 0.234185 0.061375 0.120924
2 0.483891 0.600421 0.070781 0.132255
2 0.573328 0.676671 0.068750 0.128668
2 0.517375 0.679796 0.069875 0.132255
2 0.452383 0.698084 0.071078 0.120462
2 0.358844 0.555516 0.071438 0.134837
2 0.529516 0.400380 0.058719 0.128696
2 0.385594 0.350462 0.056719 0.112935
4 0.274328 0.313003 0.064812 0.127473
4 0.237922 0.464402 0.075000 0.131141
4 0.357961 0.814973 0.062234 0.145870
4 0.418891 0.547554 0.069437 0.095109
4 0.350187 0.428397 0.053594 0.125272
4 0.440852 0.360978 0.073047 0.108696
1 0.381672 0.198818 0.063594 0.104103
1 0.554188 0.297187 0.063156 0.133234
1 0.592977 0.390639 0.070953 0.128288
1 0.574477 0.464076 0.059578 0.115435
1 0.569781 0.573709 0.068969 0.118886
1 0.289234 0.765312 0.080469 0.134266
1 0.312352 0.629008 0.074172 0.132473
1 0.315695 0.522772 0.066047 0.120543
3 0.335539 0.334361 0.066953 0.119755
3 0.293953 0.411033 0.067219 0.125815
3 0.257445 0.567024 0.073859 0.127310
3 0.249891 0.677446 0.077656 0.128696
3 0.356187 0.690177 0.079219 0.121005
3 0.417602 0.800557 0.076078 0.136549
3 0.498961 0.783967 0.082734 0.118750
3 0.527922 0.525802 0.051875 0.127310
3 0.477016 0.503519 0.072969 0.096277
3 0.474031 0.418546 0.072344 0.100951
3 0.411016 0.282948 0.074031 0.083397
