4 0.544211 0.335435 0.078047 0.105163
0 0.335414 0.332690 0.086328 0.126576
0 0.307305 0.460625 0.079703 0.142391
0 0.356469 0.572880 0.085406 0.140924
0 0.412359 0.790516 0.078781 0.139022
0 0.705375 0.559063 0.070937 0.150734
0 0.629312 0.783940 0.076531 0.150761
0 0.564352 0.722582 0.074234 0.140000
0 0.511484 0.978437 0.087625 0.043125
0 0.420891 0.988750 0.084281 0.022500
3 0.464711 0.169022 0.079172 0.116087
3 0.399219 0.250177 0.081281 0.120353
3 0.457680 0.413274 0.072984 0.142255
3 0.433578 0.545788 0.072219 0.140380
3 0.586609 0.252228 0.074875 0.133207
3 0.631000 0.343084 0.081250 0.137962
3 0.697844 0.423641 0.075125 0.132446
3 0.501516 0.653247 0.082406 0.136223
3 0.489281 0.791807 0.080500 0.148071
3 0.347523 0.844185 0.082734 0.138207
3 0.349375 0.955639 0.086563 0.088723
4 0.576164 0.595842 0.074141 0.142989
4 0.649633 0.646902 0.077641 0.146902
4 0.682750 0.902378 0.087656 0.158342
4 0.339031 0.708682 0.086594 0.150136
4 0.523375 0.407337 0.079469 0.140163
2 0.552547 0.092813 0.080469 0.117038
2 0.535609 0.213356 0.072281 0.134212
2 0.383898 0.434837 0.081828 0.142446
2 0.452906 0.921128 0.087437 0.152201
2 0.591102 0.952310 0.083328 0.095380
2 0.253242 0.711467 0.085984 0.150815
1 0.235875 0.576359 0.086594 0.118967
1 0.264625 0.865965 0.089188 0.161223
1 0.553406 0.862052 0.072063 0.154973
1 0.471906 0.286834 0.076906 0.118071
1 0.614664 0.183587 0.077703 0.128043
1 0.647820 0.503193 0.060984 0.142582
1 0.581492 0.463954 0.074359 0.136114
1 0.510281 0.526793 0.078906 0.116467
2 0.417578 0.663940 0.080125 0.135272
