0 0.505953 0.183220 0.065062 0.120136
0 0.410469 0.143465 0.065406 0.101440
0 0.444305 0.217486 0.059891 0.122962
0 0.480984 0.307215 0.069594 0.121658
0 0.611898 0.548859 0.058141 0.112609
0 0.620453 0.671019 0.061219 0.126005
0 0.377719 0.679212 0.077000 0.092663
0 0.374516 0.470489 0.069469 0.119674
0 0.282758 0.209660 0.058266 0.127527
2 0.461906 0.636821 0.060250 0.103533
2 0.562688 0.726562 0.060937 0.105353
2 0.497023 0.736223 0.049766 0.109511
2 0.426531 0.755245 0.059000 0.097446
2 0.326961 0.596196 0.061391 0.130978
2 0.515516 0.400761 0.056094 0.125761
2 0.355641 0.363288 0.050969 0.106576
4 0.230930 0.301658 0.062641 0.125489
4 0.191969 0.489470 0.075688 0.126060
4 0.328594 0.879633 0.052500 0.126821
4 0.392484 0.579620 0.070344 0.101087
4 0.314609 0.449062 0.053594 0.126549
4 0.416484 0.359565 0.063688 0.114076
1 0.347422 0.193533 0.056406 0.104565
1 0.542609 0.300380 0.052094 0.106522
1 0.590172 0.404348 0.058219 0.096033
1 0.558578 0.497921 0.043969 0.090136
1 0.561422 0.614592 0.058531 0.104022
1 0.246969 0.828410 0.049875 0.087745
1 0.278500 0.685136 0.061313 0.107228
1 0.276266 0.555326 0.056969 0.108696
3 0.296406 0.335761 0.062938 0.127174
3 0.252586 0.431386 0.065141 0.126902
3 0.213414 0.610625 0.068922 0.124185
3 0.206953 0.733859 0.075094 0.119239
3 0.323484 0.754674 0.073906 0.107500
3 0.394000 0.867283 0.068188 0.123152
3 0.473563 0.853641 0.074094 0.098587
3 0.511477 0.559891 0.050641 0.124185
3 0.454891 0.533777 0.071219 0.097120
3 0.454336 0.438125 0.068203 0.091141
3 0.383227 0.264755 0.071266 0.087772
