0 0.551383 0.220842 0.062859 0.109511
0 0.456133 0.172337 0.068109 0.094076
0 0.487391 0.255720 0.061719 0.124538
0 0.523766 0.346101 0.062062 0.106603
0 0.660789 0.612908 0.059609 0.116141
0 0.666625 0.737459 0.063281 0.127364
0 0.413266 0.736291 0.080625 0.101712
0 0.413633 0.517880 0.071766 0.121196
0 0.317219 0.233940 0.061375 0.120924
2 0.498781 0.679823 0.070781 0.132255
2 0.605766 0.794538 0.068750 0.128696
2 0.538484 0.804552 0.069875 0.132255
2 0.465406 0.821019 0.071094 0.120462
2 0.366891 0.639198 0.071438 0.134864
2 0.557242 0.450815 0.059391 0.128696
2 0.391602 0.391196 0.056703 0.112935
4 0.263656 0.326508 0.064812 0.127473
4 0.218406 0.520326 0.075000 0.128804
4 0.358289 0.932595 0.062234 0.125842
4 0.430305 0.623954 0.067734 0.103342
4 0.349250 0.488533 0.053594 0.125272
4 0.459180 0.403370 0.073047 0.108696
1 0.380625 0.205842 0.063594 0.104076
1 0.585313 0.343356 0.063156 0.132147
1 0.629484 0.452405 0.070969 0.128288
1 0.601570 0.553655 0.059578 0.115462
1 0.599750 0.659592 0.068969 0.118859
1 0.283539 0.872554 0.080484 0.134239
1 0.306945 0.739647 0.074172 0.132500
1 0.304680 0.589103 0.066047 0.120543
3 0.332039 0.365598 0.066953 0.119783
3 0.283570 0.459484 0.067203 0.125815
3 0.240453 0.656073 0.073875 0.127310
3 0.230984 0.787527 0.077656 0.128696
3 0.357453 0.816916 0.079219 0.121005
3 0.425227 0.929592 0.076078 0.133696
3 0.514664 0.921929 0.082734 0.118750
3 0.558453 0.615462 0.051875 0.127337
3 0.498281 0.583383 0.072969 0.096277
3 0.499359 0.484918 0.072344 0.100978
3 0.421703 0.297473 0.074031 0.083370
