0 0.323875 0.241630 0.080875 0.128804
0 0.300523 0.357772 0.071516 0.131739
0 0.348641 0.459402 0.077844 0.140924
0 0.407250 0.644552 0.072719 0.126060
0 0.678805 0.410258 0.065391 0.136766
0 0.610250 0.616481 0.071844 0.140190
0 0.546992 0.568546 0.066672 0.124592
0 0.502688 0.871943 0.080219 0.155571
0 0.420555 0.901984 0.081547 0.147500
3 0.440375 0.088315 0.077094 0.108859
3 0.380016 0.165313 0.077125 0.120353
3 0.439000 0.305530 0.062781 0.129158
3 0.421672 0.417459 0.068812 0.122527
3 0.555961 0.146427 0.074859 0.133234
3 0.599773 0.226168 0.075797 0.128533
3 0.663188 0.291848 0.071063 0.121793
3 0.483500 0.510258 0.076437 0.124321
3 0.479367 0.639348 0.070234 0.126793
3 0.346953 0.694049 0.076000 0.128804
3 0.351484 0.825326 0.086563 0.134185
4 0.556430 0.454076 0.069922 0.122065
4 0.623602 0.492269 0.072922 0.128016
4 0.662703 0.726440 0.078906 0.139348
4 0.334258 0.574620 0.077016 0.125272
4 0.499320 0.284266 0.075391 0.127228
4 0.515023 0.230000 0.076047 0.107554
2 0.519617 0.028967 0.077016 0.056359
2 0.508430 0.121155 0.072266 0.134212
2 0.374125 0.327649 0.076375 0.133071
2 0.448906 0.764687 0.082000 0.134375
2 0.580328 0.811005 0.077813 0.145652
2 0.254914 0.586304 0.080484 0.140217
1 0.234594 0.467962 0.080469 0.118967
1 0.267992 0.727378 0.080422 0.148342
1 0.538828 0.697201 0.068594 0.134946
1 0.451336 0.188845 0.072859 0.118071
1 0.577492 0.085598 0.072203 0.110163
1 0.616969 0.364783 0.060969 0.134293
1 0.559953 0.338288 0.064813 0.128967
1 0.492617 0.401562 0.076859 0.103614
2 0.408531 0.523274 0.076156 0.116712
