0 0.553125 0.101454 0.063625 0.109538
0 0.454102 0.056087 0.068109 0.094076
0 0.488297 0.131997 0.061719 0.124538
0 0.528211 0.217215 0.070859 0.127799
0 0.671328 0.467514 0.059625 0.116114
0 0.681922 0.593845 0.063281 0.127364
0 0.417797 0.593247 0.080625 0.101712
0 0.416492 0.378641 0.071766 0.121196
0 0.318172 0.115734 0.061375 0.120924
2 0.511078 0.561970 0.070781 0.132255
2 0.624016 0.651005 0.068750 0.128696
2 0.552406 0.662704 0.069875 0.132255
2 0.476148 0.683818 0.071078 0.120462
2 0.367563 0.503505 0.071438 0.134837
2 0.565734 0.313696 0.058719 0.128696
2 0.396797 0.262717 0.056719 0.112935
4 0.262516 0.200421 0.064812 0.127473
4 0.217164 0.396345 0.075016 0.131114
4 0.359938 0.812853 0.062250 0.145870
4 0.435961 0.488899 0.069422 0.095136
4 0.350609 0.346087 0.053594 0.125272
4 0.458117 0.266250 0.073047 0.108696
1 0.384937 0.089633 0.063594 0.104103
1 0.600305 0.224470 0.063141 0.133234
1 0.653609 0.319728 0.070969 0.128315
1 0.621945 0.414171 0.059578 0.115462
1 0.621500 0.533111 0.068969 0.118886
1 0.280203 0.764035 0.080469 0.134266
1 0.309023 0.594905 0.074172 0.132473
1 0.307547 0.459484 0.066031 0.120543
3 0.331086 0.236291 0.066953 0.119755
3 0.286016 0.332772 0.067219 0.125815
3 0.234070 0.519198 0.073859 0.127310
3 0.229891 0.645924 0.077656 0.128696
3 0.357828 0.674755 0.079219 0.121033
3 0.433328 0.798628 0.076094 0.136549
3 0.524820 0.783641 0.082734 0.118750
3 0.564906 0.472432 0.051875 0.127310
3 0.502500 0.440367 0.072969 0.096277
3 0.498687 0.335978 0.072344 0.100978
3 0.424687 0.167459 0.074031 0.083397
