0 0.522734 0.210883 0.063625 0.109538
0 0.439094 0.177663 0.068125 0.094076
0 0.468953 0.237052 0.061719 0.124538
0 0.502531 0.311807 0.067187 0.108940
0 0.619430 0.509728 0.059609 0.116141
0 0.626906 0.622133 0.063281 0.127364
0 0.409562 0.622255 0.080625 0.101739
0 0.403477 0.443207 0.071766 0.121196
0 0.325859 0.224905 0.061375 0.120951
2 0.485141 0.593573 0.070781 0.132255
2 0.576250 0.670598 0.068750 0.128696
2 0.522703 0.672500 0.069875 0.132283
2 0.457445 0.689008 0.071078 0.120462
2 0.363203 0.546236 0.071438 0.134864
2 0.534328 0.392500 0.058719 0.128696
2 0.386484 0.342065 0.056719 0.112935
4 0.277891 0.305788 0.064812 0.127446
4 0.239344 0.460965 0.075000 0.131114
4 0.359344 0.810353 0.062250 0.145870
4 0.421508 0.541427 0.069422 0.095136
4 0.352734 0.423967 0.053594 0.125272
4 0.443445 0.349674 0.073047 0.108696
1 0.384219 0.188967 0.063594 0.104076
1 0.562438 0.282813 0.063156 0.133234
1 0.598320 0.390639 0.070953 0.128288
1 0.575195 0.456603 0.059578 0.115435
1 0.577742 0.571005 0.068953 0.118859
1 0.290078 0.760516 0.080469 0.134239
1 0.312094 0.625815 0.074187 0.132500
1 0.314461 0.514185 0.066047 0.120543
3 0.336508 0.329293 0.066953 0.119783
3 0.295125 0.403370 0.067219 0.125815
3 0.257453 0.563084 0.073875 0.127310
3 0.250531 0.672364 0.077656 0.128696
3 0.355094 0.691087 0.079219 0.121033
3 0.419680 0.796332 0.076078 0.136522
3 0.500461 0.779158 0.082734 0.118750
3 0.532969 0.520394 0.051875 0.127310
3 0.477797 0.498111 0.072969 0.096277
3 0.478937 0.415802 0.072344 0.100951
3 0.413328 0.270598 0.074031 0.083370
