0 0.536438 0.088492 0.062875 0.137962
0 0.437102 0.047038 0.068109 0.091739
0 0.473703 0.121128 0.061719 0.124538
0 0.509141 0.213084 0.066844 0.117201
0 0.641352 0.463723 0.059609 0.116141
0 0.647328 0.586861 0.063281 0.127364
0 0.404875 0.585149 0.080625 0.101712
0 0.401688 0.371821 0.071750 0.121196
0 0.308383 0.099185 0.061359 0.130380
2 0.488484 0.553791 0.070031 0.132255
2 0.589359 0.636821 0.068750 0.128696
2 0.525906 0.647351 0.069875 0.132255
2 0.457586 0.673655 0.071078 0.120462
2 0.355969 0.494307 0.071438 0.134864
2 0.547039 0.314891 0.059391 0.128696
2 0.383609 0.254891 0.056719 0.112935
4 0.255578 0.203057 0.064812 0.127473
4 0.214867 0.384239 0.075016 0.128804
4 0.352242 0.784402 0.062234 0.131141
4 0.421523 0.488438 0.067453 0.104701
4 0.341680 0.352011 0.053609 0.125272
4 0.441414 0.269633 0.073047 0.108668
1 0.378406 0.080421 0.063594 0.104103
1 0.578516 0.202242 0.063156 0.132147
1 0.618266 0.307908 0.070969 0.128315
1 0.591039 0.405897 0.059578 0.115435
1 0.590453 0.528791 0.068969 0.118886
1 0.276750 0.735014 0.080469 0.134266
1 0.304398 0.595041 0.074172 0.132473
1 0.300383 0.457935 0.066047 0.120543
3 0.321164 0.232024 0.066953 0.119755
3 0.276781 0.328043 0.067219 0.125815
3 0.235969 0.509035 0.073875 0.127310
3 0.230984 0.626793 0.077656 0.128696
3 0.349781 0.657079 0.079219 0.121005
3 0.416563 0.774755 0.076094 0.133696
3 0.501039 0.758560 0.082734 0.118750
3 0.539078 0.468886 0.051875 0.127337
3 0.481969 0.442731 0.072969 0.096277
3 0.481703 0.339524 0.072344 0.100951
3 0.409859 0.164579 0.074031 0.083397
