4 0.517398 0.251264 0.076047 0.107527
0 0.314375 0.261739 0.086281 0.128804
0 0.292367 0.383193 0.076953 0.138832
0 0.339492 0.483451 0.082641 0.140924
0 0.397383 0.683030 0.075422 0.128505
0 0.681562 0.443899 0.068187 0.147310
0 0.610617 0.661005 0.076516 0.150761
0 0.544906 0.611698 0.074219 0.139973
0 0.498906 0.919389 0.087625 0.159429
0 0.410695 0.933614 0.084266 0.132772
3 0.437203 0.099334 0.077094 0.108886
3 0.372539 0.184226 0.077109 0.120353
3 0.433672 0.328601 0.072969 0.128016
3 0.414875 0.444701 0.072219 0.127337
3 0.555273 0.168899 0.074859 0.133234
3 0.600109 0.245353 0.079219 0.127989
3 0.666914 0.317867 0.075141 0.121821
3 0.479766 0.548084 0.082406 0.124321
3 0.475641 0.677174 0.077000 0.148098
3 0.334719 0.742541 0.076000 0.133505
3 0.341297 0.876916 0.086563 0.138940
4 0.554734 0.484810 0.069906 0.122065
4 0.625273 0.530068 0.077641 0.146875
4 0.665078 0.773533 0.087656 0.158370
4 0.324648 0.613179 0.080453 0.144293
4 0.497961 0.317948 0.075391 0.127201
2 0.520289 0.037255 0.077016 0.074511
2 0.505023 0.135340 0.072266 0.134212
2 0.363930 0.356576 0.079766 0.142446
2 0.438930 0.810448 0.087422 0.153397
2 0.577648 0.864226 0.083328 0.164647
2 0.241289 0.627690 0.085984 0.140217
1 0.222023 0.498098 0.083891 0.118967
1 0.252055 0.774008 0.089203 0.161223
1 0.538453 0.743288 0.072063 0.143207
1 0.445195 0.205992 0.076891 0.118071
1 0.581344 0.105557 0.072219 0.118560
1 0.617812 0.398465 0.060969 0.142582
1 0.555711 0.370476 0.074359 0.136114
1 0.487852 0.430530 0.078891 0.103614
2 0.400234 0.564022 0.078125 0.121413
