0 0.527164 0.201454 0.063609 0.109538
0 0.442680 0.166658 0.068109 0.094076
0 0.471625 0.228302 0.061719 0.124538
0 0.506664 0.305245 0.069734 0.122011
0 0.626812 0.508288 0.059625 0.116141
0 0.634344 0.621617 0.063281 0.127364
0 0.412437 0.620992 0.080625 0.101712
0 0.408148 0.440082 0.071766 0.121196
0 0.327961 0.217147 0.061359 0.120924
2 0.489359 0.584443 0.070781 0.132255
2 0.582828 0.661889 0.068750 0.128668
2 0.528469 0.669144 0.069875 0.132255
2 0.462008 0.684416 0.071078 0.120462
2 0.366563 0.542269 0.071437 0.134864
2 0.538672 0.385408 0.058719 0.128696
2 0.390156 0.331264 0.056719 0.112962
4 0.279328 0.296399 0.064812 0.127473
4 0.240609 0.457853 0.075000 0.131141
4 0.360586 0.806209 0.062234 0.145842
4 0.427984 0.533274 0.069437 0.095136
4 0.355023 0.419973 0.053609 0.125272
4 0.445320 0.341685 0.073047 0.108696
1 0.386500 0.180095 0.063594 0.104103
1 0.566273 0.276155 0.063141 0.133234
1 0.605898 0.380245 0.070953 0.128315
1 0.580305 0.448696 0.059578 0.115435
1 0.584344 0.561889 0.068969 0.118886
1 0.289516 0.759783 0.080469 0.134239
1 0.311859 0.622948 0.074188 0.132473
1 0.313352 0.506440 0.066047 0.120543
3 0.337203 0.324226 0.066969 0.119755
3 0.295125 0.402120 0.067219 0.125815
3 0.257453 0.559552 0.073875 0.127310
3 0.251109 0.667813 0.077656 0.128723
3 0.360484 0.688587 0.079219 0.121033
3 0.423641 0.793832 0.076094 0.136522
3 0.504164 0.778424 0.082734 0.118750
3 0.536016 0.519117 0.051875 0.127310
3 0.481281 0.492378 0.072969 0.096277
3 0.483453 0.411875 0.072344 0.100978
3 0.415906 0.263329 0.074031 0.083397
