4 0.572125 0.367378 0.090313 0.129375
0 0.348961 0.343601 0.091141 0.132201
0 0.316609 0.478587 0.080281 0.161304
0 0.364094 0.605842 0.088719 0.159239
0 0.419562 0.848573 0.083625 0.147418
0 0.741969 0.628668 0.074219 0.167772
0 0.649188 0.864198 0.084000 0.160734
0 0.581836 0.796943 0.077516 0.154158
0 0.512492 0.991223 0.087609 0.017554
0 0.431055 0.992242 0.084266 0.015516
3 0.494461 0.169959 0.085953 0.125245
3 0.419469 0.258234 0.088844 0.137663
3 0.478555 0.446712 0.072984 0.146196
3 0.450234 0.581997 0.077813 0.141168
3 0.626586 0.292024 0.082328 0.146114
3 0.671516 0.385394 0.084563 0.142310
3 0.734430 0.476073 0.084078 0.132418
3 0.518102 0.712242 0.089797 0.136223
3 0.501688 0.856943 0.081937 0.153668
3 0.346594 0.903954 0.086875 0.147853
3 0.346953 0.984470 0.086563 0.031060
4 0.599836 0.656861 0.080609 0.143016
4 0.675039 0.718329 0.083328 0.154049
4 0.698352 0.953152 0.091797 0.093696
4 0.341172 0.752935 0.089969 0.150163
4 0.549664 0.458152 0.088359 0.155163
2 0.593203 0.094973 0.086313 0.133913
2 0.573180 0.228872 0.083766 0.141277
2 0.400828 0.459565 0.085937 0.146087
2 0.454688 0.954443 0.087438 0.091114
2 0.600320 0.984837 0.083328 0.030326
2 0.250719 0.752378 0.090937 0.157799
1 0.235320 0.604063 0.093141 0.137582
1 0.257500 0.914008 0.094063 0.166875
1 0.563367 0.932867 0.080297 0.134266
1 0.500945 0.304552 0.085047 0.134918
1 0.656937 0.208071 0.082875 0.138804
1 0.677562 0.566753 0.070688 0.155299
1 0.611773 0.514755 0.074359 0.146739
1 0.532703 0.580285 0.087812 0.122092
2 0.427023 0.712228 0.089828 0.135272
