3 0.353815 0.247394 0.062599 0.095806
4 0.543768 0.163278 0.061807 0.086574
3 0.421445 0.197579 0.049297 0.086861
4 0.466112 0.162569 0.048318 0.101824
0 0.197083 0.229204 0.046375 0.072185
0 0.254609 0.261194 0.053156 0.085907
0 0.277802 0.191042 0.055281 0.083787
0 0.351388 0.159398 0.065005 0.082815
1 0.433617 0.494769 0.043745 0.079944
1 0.215615 0.275199 0.041792 0.072639
0 0.246023 0.128764 0.049286 0.058361
0 0.293232 0.138736 0.042526 0.068731
1 0.238039 0.181532 0.043495 0.082472
3 0.329404 0.084102 0.051224 0.069185
3 0.387115 0.080690 0.057990 0.071769
1 0.296521 0.257727 0.044479 0.081657
4 0.277641 0.058722 0.056417 0.084426
4 0.357797 0.333273 0.049240 0.085861
2 0.469695 0.348148 0.044505 0.070704
3 0.483612 0.925296 0.065203 0.078704
3 0.535927 0.540495 0.071521 0.115120
3 0.855294 0.929352 0.084318 0.104259
1 0.227669 0.939120 0.076099 0.121759
4 0.325221 0.565963 0.062828 0.101389
0 0.245958 0.327546 0.044865 0.087500
3 0.506221 0.416815 0.053151 0.110259
1 0.515888 0.497444 0.048141 0.083907
1 0.490120 0.538162 0.055250 0.094769
1 0.520464 0.324681 0.061792 0.111324
2 0.446503 0.275968 0.057630 0.105324
2 0.250547 0.521889 0.053354 0.096259
2 0.220776 0.395292 0.055813 0.102324
2 0.285901 0.374639 0.048396 0.092389
2 0.443753 0.488667 0.059745 0.095704
3 0.340044 0.454880 0.051922 0.086037
3 0.466602 0.404185 0.057630 0.089648
3 0.399781 0.280986 0.056219 0.088824
