0 0.313656 0.198587 0.075094 0.116902
0 0.290492 0.311359 0.071516 0.131739
0 0.332453 0.417391 0.077844 0.134837
0 0.386563 0.603505 0.072719 0.115978
0 0.652914 0.390448 0.065391 0.136766
0 0.583914 0.591630 0.071859 0.140217
0 0.521000 0.540285 0.066687 0.124592
0 0.475094 0.822147 0.080219 0.148370
0 0.397180 0.845870 0.076766 0.139130
3 0.429039 0.046671 0.077109 0.093342
3 0.367094 0.115217 0.077125 0.120380
3 0.426000 0.265014 0.062781 0.129158
3 0.406242 0.384715 0.068797 0.122527
3 0.541125 0.119049 0.074875 0.133207
3 0.585008 0.193016 0.075797 0.128533
3 0.642383 0.264470 0.071078 0.121821
3 0.466594 0.476739 0.076437 0.118370
3 0.456039 0.606957 0.070234 0.126793
3 0.329563 0.656087 0.071937 0.124185
3 0.334242 0.768696 0.080578 0.121304
4 0.533242 0.428125 0.069922 0.122065
4 0.599008 0.468302 0.072922 0.128016
4 0.629219 0.697038 0.078906 0.139348
4 0.321797 0.537092 0.077000 0.125272
4 0.482750 0.270109 0.075406 0.127228
4 0.502227 0.201739 0.076047 0.107554
2 0.513523 0.008139 0.077016 0.016277
2 0.497820 0.078519 0.072266 0.134212
2 0.359063 0.289851 0.076375 0.133071
2 0.421906 0.718981 0.075875 0.134375
2 0.545758 0.767024 0.077828 0.140951
2 0.246844 0.545177 0.078469 0.135679
1 0.227289 0.422391 0.079172 0.118967
1 0.257484 0.674457 0.080437 0.140489
1 0.513891 0.663383 0.068594 0.124158
1 0.438492 0.144090 0.072859 0.118071
1 0.569187 0.056087 0.072219 0.110163
1 0.597172 0.345448 0.060969 0.134321
1 0.539766 0.311861 0.064813 0.128940
1 0.475141 0.385761 0.076844 0.103641
2 0.389328 0.491128 0.076156 0.116712
