0 0.535953 0.091861 0.062875 0.137962
0 0.437234 0.047514 0.068125 0.091712
0 0.473313 0.122989 0.061719 0.124565
0 0.508266 0.216291 0.066844 0.117201
0 0.641492 0.466576 0.059609 0.116141
0 0.647188 0.588981 0.063281 0.127364
0 0.404875 0.586997 0.080625 0.101712
0 0.401492 0.375027 0.071766 0.121196
0 0.307977 0.102962 0.061359 0.130380
2 0.487547 0.554253 0.070031 0.132255
2 0.589078 0.638003 0.068750 0.128668
2 0.525234 0.650652 0.069875 0.132283
2 0.457250 0.673655 0.071094 0.120462
2 0.355781 0.496345 0.071438 0.134864
2 0.546633 0.317255 0.059391 0.128696
2 0.383078 0.256332 0.056719 0.112935
4 0.255266 0.206345 0.064813 0.127473
4 0.214969 0.387092 0.075000 0.128804
4 0.351516 0.785082 0.062250 0.131141
4 0.421422 0.489361 0.067438 0.104701
4 0.341289 0.354375 0.053609 0.125272
4 0.441023 0.271332 0.073047 0.108696
1 0.377922 0.080421 0.063594 0.104103
1 0.577156 0.204361 0.063156 0.132147
1 0.618266 0.309552 0.070969 0.128288
1 0.590773 0.406848 0.059578 0.115435
1 0.590188 0.530679 0.068969 0.118859
1 0.276750 0.735095 0.080469 0.134266
1 0.304227 0.595041 0.074172 0.132473
1 0.299117 0.458777 0.066047 0.120543
3 0.321164 0.234389 0.066953 0.119755
3 0.276781 0.329701 0.067219 0.125815
3 0.236109 0.511155 0.073875 0.127310
3 0.230313 0.629158 0.077656 0.128696
3 0.349688 0.659620 0.079219 0.121033
3 0.416109 0.775937 0.076094 0.133723
3 0.500758 0.760217 0.082734 0.118750
3 0.538531 0.472201 0.051875 0.127337
3 0.481281 0.443913 0.072969 0.096304
3 0.481156 0.342595 0.072344 0.100951
3 0.409953 0.165924 0.074031 0.083370
