0 0.551391 0.246658 0.062875 0.123696
0 0.462875 0.208859 0.068125 0.098859
0 0.494305 0.279144 0.064516 0.122092
0 0.522188 0.359524 0.069625 0.124375
0 0.645141 0.582840 0.058219 0.116114
0 0.650953 0.696481 0.065313 0.127364
0 0.432328 0.697935 0.081188 0.093587
0 0.428086 0.502500 0.071766 0.121196
0 0.343680 0.267024 0.064141 0.130408
2 0.503367 0.660448 0.072016 0.133397
2 0.593625 0.744986 0.068750 0.118071
2 0.542391 0.748709 0.069875 0.132255
2 0.476664 0.771128 0.064203 0.120571
2 0.383594 0.614307 0.071438 0.134864
2 0.554977 0.446087 0.059391 0.128696
2 0.409180 0.396861 0.060141 0.114103
4 0.294219 0.347785 0.060656 0.127473
4 0.259672 0.516793 0.075000 0.128804
4 0.380758 0.881549 0.064297 0.131141
4 0.445500 0.604198 0.067437 0.104701
4 0.370906 0.483179 0.053594 0.125272
4 0.460266 0.397812 0.064906 0.122908
1 0.397141 0.226997 0.063594 0.104103
1 0.579500 0.341318 0.063156 0.132147
1 0.616445 0.432459 0.070953 0.128288
1 0.588117 0.534511 0.059578 0.115435
1 0.594313 0.634185 0.065531 0.107989
1 0.310422 0.834728 0.080469 0.134239
1 0.336344 0.698764 0.074187 0.132473
1 0.334039 0.573397 0.066047 0.120543
3 0.356320 0.376236 0.066953 0.119755
3 0.318063 0.456957 0.067219 0.125815
3 0.278188 0.629361 0.073875 0.127310
3 0.273164 0.743913 0.075672 0.128696
3 0.377656 0.765068 0.079219 0.121005
3 0.442398 0.869103 0.078172 0.133696
3 0.515359 0.858207 0.078750 0.110380
3 0.554781 0.595136 0.051875 0.127337
3 0.500922 0.566875 0.068219 0.102174
3 0.503328 0.479117 0.072344 0.100951
3 0.436578 0.317568 0.074031 0.083397
