0 0.314797 0.203546 0.075094 0.116929
0 0.294406 0.311359 0.071531 0.131739
0 0.337023 0.413424 0.077828 0.134837
0 0.391266 0.599429 0.072719 0.115978
0 0.652859 0.391359 0.065406 0.136793
0 0.583914 0.589389 0.071859 0.140190
0 0.523445 0.543764 0.066672 0.124592
0 0.475953 0.816182 0.080219 0.148397
0 0.400039 0.838913 0.076766 0.139130
3 0.433148 0.040204 0.077109 0.080408
3 0.370031 0.111250 0.077125 0.120380
3 0.427297 0.268750 0.062781 0.129130
3 0.410352 0.380639 0.068797 0.122527
3 0.543180 0.117853 0.074859 0.133207
3 0.585008 0.194728 0.075797 0.128533
3 0.641047 0.263465 0.071063 0.121821
3 0.467812 0.481413 0.076438 0.118370
3 0.458070 0.608016 0.070234 0.126793
3 0.333367 0.653628 0.071953 0.124212
3 0.335961 0.762745 0.080578 0.121304
4 0.534570 0.427554 0.069922 0.122065
4 0.600352 0.470068 0.072922 0.128016
4 0.632641 0.687092 0.078906 0.139348
4 0.323430 0.540992 0.077016 0.125245
4 0.482750 0.271304 0.075406 0.127228
4 0.504289 0.199348 0.076047 0.107554
2 0.513523 0.011766 0.077016 0.023533
2 0.497820 0.085313 0.072266 0.134212
2 0.359063 0.289973 0.076375 0.133043
2 0.427781 0.713872 0.075875 0.134375
2 0.549672 0.760217 0.077813 0.140924
2 0.249297 0.540068 0.078469 0.135679
1 0.232430 0.416005 0.079172 0.118967
1 0.260227 0.669687 0.080422 0.140462
1 0.516328 0.658288 0.068594 0.124185
1 0.439961 0.147500 0.072859 0.118043
1 0.568945 0.059049 0.072203 0.110163
1 0.597172 0.342894 0.060969 0.134321
1 0.539984 0.316508 0.064812 0.128940
1 0.475719 0.380788 0.076844 0.103641
2 0.393234 0.488302 0.076156 0.116712
