3 0.358456 0.200176 0.053214 0.084074
4 0.537724 0.172477 0.063781 0.104435
3 0.417391 0.165634 0.058948 0.097583
4 0.453156 0.161111 0.043490 0.082481
0 0.184964 0.167972 0.046375 0.072185
0 0.243427 0.204755 0.053156 0.085917
0 0.271940 0.146708 0.040589 0.083787
0 0.351870 0.131755 0.058958 0.075213
1 0.288367 0.220384 0.042526 0.067009
1 0.195586 0.233278 0.040589 0.096222
0 0.244201 0.094292 0.058953 0.049787
0 0.296747 0.092958 0.042526 0.068731
1 0.232797 0.138773 0.043490 0.082472
3 0.333310 0.076259 0.051224 0.056296
3 0.386953 0.080556 0.057990 0.071759
1 0.309633 0.152523 0.034797 0.068731
4 0.282474 0.043097 0.047354 0.068324
3 0.433190 0.905167 0.082130 0.128315
3 0.503703 0.512264 0.071521 0.115120
3 0.785365 0.836514 0.083333 0.129898
1 0.252654 0.760958 0.083120 0.132306
4 0.304987 0.510759 0.067651 0.109963
0 0.227964 0.274324 0.044865 0.087500
3 0.240414 0.391264 0.053151 0.103787
1 0.364063 0.367764 0.067271 0.092787
1 0.393919 0.407625 0.066109 0.098972
1 0.443112 0.342088 0.063786 0.111343
2 0.436805 0.248287 0.062443 0.085926
2 0.212849 0.456926 0.053354 0.096259
2 0.202224 0.315736 0.056187 0.105194
2 0.267242 0.295245 0.042339 0.089083
2 0.317831 0.301194 0.048891 0.080704
3 0.289018 0.362486 0.063786 0.101028
3 0.343047 0.444315 0.060031 0.104630
3 0.386130 0.267718 0.067094 0.088824
