0 0.550031 0.246386 0.062875 0.123696
0 0.460781 0.208682 0.068125 0.098832
0 0.493094 0.278872 0.064500 0.122092
0 0.521172 0.359973 0.069625 0.124402
0 0.643781 0.582310 0.058219 0.116141
0 0.649898 0.695693 0.065297 0.127364
0 0.431578 0.697935 0.081188 0.093587
0 0.427289 0.502500 0.071766 0.121196
0 0.342727 0.267024 0.064141 0.130408
2 0.501711 0.660285 0.072016 0.133397
2 0.593438 0.744986 0.068750 0.118071
2 0.541594 0.748505 0.069875 0.132283
2 0.476437 0.770734 0.064187 0.120598
2 0.382719 0.613465 0.071438 0.134864
2 0.554070 0.446087 0.059391 0.128696
2 0.408508 0.396861 0.060141 0.114103
4 0.293656 0.347785 0.060656 0.127473
4 0.258469 0.516793 0.075000 0.128804
4 0.380156 0.881685 0.064281 0.131141
4 0.444141 0.604198 0.067437 0.104701
4 0.370320 0.483179 0.053609 0.125272
4 0.460187 0.398261 0.064906 0.122935
1 0.396625 0.226997 0.063594 0.104103
1 0.579000 0.341209 0.063156 0.132147
1 0.615680 0.432745 0.070953 0.128315
1 0.587492 0.534402 0.059578 0.115435
1 0.593437 0.633845 0.065531 0.108016
1 0.310219 0.834728 0.080469 0.134239
1 0.335555 0.698573 0.074172 0.132473
1 0.333492 0.572690 0.066047 0.120543
3 0.355453 0.376236 0.066969 0.119755
3 0.316367 0.456685 0.067203 0.125815
3 0.277500 0.628899 0.073875 0.127310
3 0.272078 0.743207 0.075687 0.128696
3 0.376484 0.764905 0.079219 0.121005
3 0.441406 0.868886 0.078156 0.133696
3 0.514875 0.858043 0.078750 0.110380
3 0.553562 0.594660 0.051875 0.127310
3 0.499141 0.566332 0.068219 0.102174
3 0.501844 0.478043 0.072344 0.100978
3 0.435625 0.317568 0.074031 0.083397
