0 0.317570 0.224117 0.075078 0.116929
0 0.298484 0.337473 0.071531 0.131739
0 0.341313 0.432038 0.077844 0.134837
0 0.392406 0.617582 0.072719 0.115978
0 0.650953 0.403505 0.065406 0.136793
0 0.586094 0.596073 0.071844 0.140190
0 0.529156 0.551889 0.066688 0.124592
0 0.477875 0.829796 0.080219 0.148397
0 0.405070 0.856467 0.076766 0.139130
3 0.433477 0.067921 0.077109 0.108886
3 0.373461 0.147296 0.077109 0.120353
3 0.427797 0.286304 0.062781 0.129130
3 0.409750 0.401073 0.068812 0.122527
3 0.541094 0.147255 0.074875 0.133207
3 0.584195 0.217147 0.075797 0.128533
3 0.644016 0.278383 0.071063 0.121821
3 0.470672 0.492337 0.076438 0.118370
3 0.462836 0.610489 0.070234 0.126793
3 0.333313 0.665734 0.071937 0.124185
3 0.341102 0.785163 0.080578 0.121304
4 0.538383 0.437500 0.069922 0.122065
4 0.601617 0.482215 0.072922 0.128016
4 0.633563 0.702514 0.078906 0.139321
4 0.327234 0.550095 0.077000 0.125245
4 0.486820 0.280380 0.075391 0.127228
4 0.503336 0.216997 0.076047 0.107527
2 0.513523 0.021155 0.077016 0.042310
2 0.499453 0.104606 0.072281 0.134212
2 0.363953 0.309144 0.076375 0.133071
2 0.428594 0.729470 0.075875 0.134375
2 0.552117 0.782079 0.077828 0.140951
2 0.250000 0.556807 0.078469 0.135679
1 0.234055 0.444389 0.079172 0.118940
1 0.263805 0.689674 0.080422 0.140489
1 0.516328 0.669620 0.068594 0.124185
1 0.441758 0.178709 0.072859 0.118071
1 0.567641 0.076359 0.072219 0.110163
1 0.595539 0.357079 0.060984 0.134321
1 0.540508 0.327337 0.064797 0.128967
1 0.475906 0.390068 0.076844 0.103614
2 0.395516 0.505611 0.076156 0.116712
