0 0.505484 0.183995 0.064719 0.120109
0 0.410211 0.144226 0.064984 0.101223
0 0.443867 0.218043 0.059391 0.122500
0 0.480633 0.307541 0.069328 0.120897
0 0.611359 0.548845 0.058094 0.111875
0 0.619953 0.670679 0.060969 0.125380
0 0.377492 0.679212 0.076547 0.092663
0 0.374203 0.470774 0.069281 0.119484
0 0.282805 0.210285 0.058109 0.127310
2 0.461813 0.636821 0.060437 0.103533
2 0.562148 0.725883 0.060172 0.104647
2 0.496594 0.735503 0.049656 0.109375
2 0.426273 0.754117 0.058328 0.094647
2 0.326867 0.596196 0.061578 0.130978
2 0.514992 0.400924 0.055641 0.126196
2 0.355687 0.364022 0.050875 0.105598
4 0.230914 0.302052 0.062453 0.125245
4 0.191969 0.489429 0.075875 0.125815
4 0.328594 0.879429 0.052500 0.126576
4 0.392391 0.579620 0.070531 0.101087
4 0.314609 0.449497 0.053594 0.126658
4 0.416266 0.359959 0.063250 0.113288
1 0.347719 0.195965 0.055500 0.104647
1 0.541859 0.301644 0.051656 0.106603
1 0.589867 0.405543 0.057547 0.095435
1 0.558078 0.499348 0.044094 0.088315
1 0.560750 0.615380 0.057938 0.104728
1 0.247156 0.828410 0.049469 0.087745
1 0.278547 0.685503 0.060656 0.106332
1 0.276391 0.555543 0.057031 0.108913
3 0.296328 0.336155 0.062562 0.127310
3 0.252586 0.431916 0.065141 0.126658
3 0.213461 0.610856 0.068922 0.124375
3 0.207000 0.733981 0.075187 0.118995
3 0.323289 0.754511 0.073547 0.107283
3 0.393836 0.866793 0.067922 0.122174
3 0.472984 0.853451 0.073781 0.098207
3 0.511047 0.559891 0.050312 0.124185
3 0.454516 0.533872 0.071000 0.096929
3 0.453891 0.438424 0.067687 0.091087
3 0.383016 0.265312 0.070844 0.087582
