0 0.566383 0.084918 0.063609 0.109511
0 0.462937 0.048207 0.068125 0.094076
0 0.501328 0.120965 0.061719 0.124538
0 0.541352 0.213668 0.070859 0.127826
0 0.691148 0.470272 0.059609 0.116141
0 0.701516 0.607038 0.063281 0.127337
0 0.427078 0.605068 0.080625 0.101712
0 0.423148 0.378397 0.071766 0.121196
0 0.322656 0.105095 0.061375 0.120951
2 0.521203 0.573791 0.070781 0.132255
2 0.632812 0.672038 0.068750 0.128696
2 0.560578 0.680041 0.069406 0.127527
2 0.482398 0.701617 0.071078 0.120462
2 0.368594 0.510747 0.071438 0.134864
2 0.580016 0.318723 0.058719 0.128696
2 0.396953 0.265951 0.056719 0.112935
4 0.268187 0.195312 0.064812 0.127473
4 0.218977 0.393030 0.075016 0.131114
4 0.366055 0.835938 0.062234 0.145842
4 0.443094 0.498954 0.069437 0.095136
4 0.356047 0.356739 0.053594 0.125272
4 0.467336 0.266250 0.073047 0.108696
1 0.388078 0.089035 0.063594 0.104103
1 0.606984 0.226019 0.063156 0.133234
1 0.656328 0.323274 0.070969 0.128288
1 0.633180 0.414171 0.059578 0.115462
1 0.627344 0.553995 0.068969 0.118859
1 0.276344 0.784524 0.080469 0.134266
1 0.300492 0.618383 0.074172 0.132473
1 0.309711 0.465435 0.066047 0.120543
3 0.336797 0.233207 0.066969 0.119783
3 0.289687 0.328886 0.067219 0.125815
3 0.237734 0.529606 0.073875 0.127310
3 0.228266 0.658696 0.077656 0.128696
3 0.364469 0.687867 0.079219 0.121005
3 0.442727 0.818723 0.076078 0.136522
3 0.539195 0.802935 0.082734 0.118750
3 0.579406 0.476766 0.051875 0.127337
3 0.513687 0.446671 0.072969 0.096277
3 0.512734 0.342283 0.072344 0.100978
3 0.431219 0.160747 0.074031 0.083397
