4 0.580797 0.386780 0.090313 0.129375
0 0.354109 0.357785 0.094562 0.146386
0 0.319141 0.494348 0.081969 0.161304
0 0.366586 0.621617 0.096234 0.159266
0 0.423531 0.881535 0.091125 0.147418
0 0.755617 0.654293 0.081078 0.167772
0 0.658117 0.889715 0.087078 0.160734
0 0.590344 0.822446 0.081625 0.154185
0 0.512992 0.991671 0.087609 0.016658
0 0.436133 0.991019 0.084266 0.017962
3 0.503398 0.181128 0.088391 0.134538
3 0.428008 0.269117 0.088859 0.137690
3 0.487602 0.464280 0.077016 0.154103
3 0.456555 0.603302 0.082578 0.153342
3 0.638742 0.307391 0.085734 0.159130
3 0.683781 0.397948 0.091188 0.156060
3 0.750258 0.498383 0.087391 0.147853
3 0.522719 0.741318 0.094500 0.150353
3 0.503781 0.886372 0.086250 0.153668
3 0.347570 0.922867 0.086859 0.146875
3 0.346000 0.985625 0.086562 0.028750
4 0.610500 0.682541 0.080594 0.143016
4 0.686250 0.747446 0.086781 0.154076
4 0.711133 0.966386 0.091797 0.067228
4 0.345883 0.778628 0.096828 0.150136
4 0.560086 0.477595 0.093734 0.163016
2 0.605609 0.102079 0.089031 0.142201
2 0.585281 0.241957 0.083781 0.155217
2 0.406328 0.473043 0.085938 0.149130
2 0.457227 0.968614 0.087422 0.062772
2 0.604352 0.987432 0.083328 0.025136
2 0.250906 0.767418 0.096406 0.157826
1 0.233656 0.623247 0.099188 0.142310
1 0.258172 0.922649 0.098156 0.153505
1 0.572273 0.946522 0.080297 0.106957
1 0.509797 0.316766 0.085031 0.134946
1 0.670219 0.218601 0.082875 0.149321
1 0.690188 0.589905 0.070687 0.162418
1 0.620852 0.531318 0.079828 0.163342
1 0.540547 0.603736 0.089844 0.128125
2 0.430664 0.738451 0.089828 0.135272
