4 0.545844 0.336848 0.078031 0.105163
0 0.336773 0.335054 0.086328 0.126576
0 0.310570 0.466291 0.079703 0.142364
0 0.358102 0.573601 0.085391 0.140897
0 0.416437 0.791943 0.078781 0.138995
0 0.709445 0.559063 0.070953 0.150734
0 0.632570 0.785353 0.076516 0.150761
0 0.564766 0.728247 0.074219 0.139973
0 0.511484 0.980136 0.087625 0.039728
0 0.420891 0.989592 0.084281 0.020815
3 0.467156 0.170448 0.079188 0.116060
3 0.401664 0.253003 0.081266 0.120353
3 0.459719 0.413981 0.072969 0.142255
3 0.437656 0.547201 0.072219 0.140380
3 0.591094 0.255774 0.074875 0.133234
3 0.633453 0.343084 0.081250 0.137962
3 0.699070 0.425761 0.075141 0.132446
3 0.503141 0.661753 0.082406 0.136223
3 0.490906 0.791807 0.080500 0.148071
3 0.348750 0.847731 0.082719 0.138234
3 0.350000 0.956522 0.086562 0.086957
4 0.580242 0.598668 0.074141 0.142989
4 0.650039 0.650448 0.077641 0.146875
4 0.683156 0.905217 0.087656 0.158370
4 0.339844 0.709402 0.086594 0.150163
4 0.525000 0.408043 0.079469 0.140163
2 0.556625 0.092813 0.080469 0.117038
2 0.537648 0.216889 0.072266 0.134212
2 0.385531 0.436250 0.081813 0.142446
2 0.453523 0.922649 0.087422 0.151005
2 0.591648 0.953954 0.083328 0.092092
2 0.254063 0.713587 0.085969 0.150815
1 0.237102 0.579185 0.086609 0.118967
1 0.265648 0.870231 0.089203 0.161223
1 0.554633 0.864171 0.072047 0.154973
1 0.473133 0.289674 0.076891 0.118043
1 0.617117 0.186413 0.077703 0.128043
1 0.649453 0.507459 0.060969 0.142582
1 0.582305 0.466087 0.074359 0.136087
1 0.515172 0.533886 0.078906 0.116467
2 0.419211 0.665367 0.080141 0.135299
