0 0.562641 0.087269 0.063625 0.109538
0 0.460891 0.048207 0.068125 0.094076
0 0.496906 0.122160 0.061719 0.124538
0 0.537047 0.210122 0.070844 0.127799
0 0.687305 0.459239 0.059609 0.116141
0 0.695172 0.592065 0.063281 0.127337
0 0.426625 0.587351 0.080625 0.101712
0 0.422695 0.370136 0.071766 0.121196
0 0.319203 0.105095 0.061375 0.120951
2 0.518141 0.557242 0.070781 0.132255
2 0.630812 0.648641 0.068750 0.128696
2 0.558531 0.661535 0.069875 0.132255
2 0.482398 0.684280 0.071078 0.120462
2 0.369562 0.504008 0.071438 0.134864
2 0.576609 0.313696 0.058719 0.128696
2 0.397516 0.262717 0.056719 0.112935
4 0.267484 0.193696 0.064813 0.127446
4 0.217656 0.389090 0.075000 0.131114
4 0.368094 0.813478 0.062250 0.145870
4 0.443094 0.483573 0.069437 0.095136
4 0.356727 0.344918 0.053609 0.125272
4 0.462000 0.266250 0.073062 0.108696
1 0.385891 0.086753 0.063594 0.104103
1 0.603117 0.225122 0.063141 0.133234
1 0.654758 0.321223 0.070953 0.128315
1 0.626680 0.414171 0.059578 0.115462
1 0.627844 0.532323 0.068969 0.118886
1 0.278094 0.766168 0.080469 0.134239
1 0.309664 0.592677 0.074172 0.132473
1 0.309852 0.459565 0.066047 0.120543
3 0.335437 0.229660 0.066969 0.119755
3 0.286844 0.323777 0.067219 0.125815
3 0.237242 0.518641 0.073859 0.127337
3 0.229469 0.645571 0.077656 0.128696
3 0.364250 0.670924 0.079219 0.121033
3 0.439672 0.793899 0.076094 0.136549
3 0.531977 0.786005 0.082734 0.118750
3 0.573734 0.468886 0.051875 0.127337
3 0.507359 0.440367 0.072969 0.096277
3 0.507516 0.337160 0.072344 0.100951
3 0.429859 0.163913 0.074031 0.083370
