3 0.312750 0.719532 0.086021 0.137454
3 0.415443 0.299847 0.071521 0.115120
3 0.755174 0.779259 0.083120 0.142611
1 0.103518 0.537838 0.083120 0.132306
4 0.184393 0.260954 0.067651 0.109963
0 0.108411 0.029301 0.060313 0.058602
3 0.116440 0.130968 0.057995 0.117528
1 0.249169 0.109278 0.067266 0.092778
1 0.298549 0.174227 0.066109 0.098972
1 0.356029 0.114431 0.063786 0.111343
2 0.348797 0.025796 0.061469 0.051593
2 0.081508 0.208694 0.076547 0.113407
2 0.066385 0.052602 0.053354 0.105204
2 0.148107 0.032046 0.056828 0.053611
2 0.206229 0.038005 0.061469 0.076009
3 0.171948 0.112190 0.063792 0.101028
3 0.233221 0.203139 0.064974 0.113407
3 0.288898 0.029921 0.060307 0.059843
