0 0.565953 0.085802 0.063625 0.109538
0 0.462422 0.048519 0.068125 0.095245
0 0.500734 0.120666 0.061719 0.124538
0 0.541125 0.214851 0.070844 0.127799
0 0.691039 0.471658 0.059609 0.116141
0 0.701281 0.608614 0.063281 0.127337
0 0.425953 0.607432 0.080625 0.101712
0 0.422016 0.380380 0.071750 0.121196
0 0.321641 0.105095 0.061375 0.120951
2 0.520687 0.577921 0.070781 0.132255
2 0.632984 0.674171 0.068750 0.128668
2 0.560242 0.682215 0.069172 0.125190
2 0.482398 0.703193 0.071078 0.120462
2 0.367922 0.512323 0.071437 0.134864
2 0.579328 0.321834 0.058719 0.128668
2 0.396266 0.267582 0.056719 0.112935
4 0.266031 0.197079 0.064812 0.127473
4 0.217047 0.395014 0.075000 0.131114
4 0.365375 0.837717 0.062250 0.145870
4 0.442078 0.500421 0.069437 0.095136
4 0.355023 0.357038 0.053609 0.125272
4 0.466547 0.267636 0.073063 0.108696
1 0.388281 0.089253 0.063594 0.104103
1 0.607336 0.226101 0.063141 0.133234
1 0.655992 0.326821 0.070953 0.128315
1 0.631477 0.417908 0.059578 0.115435
1 0.627297 0.555965 0.068969 0.118886
1 0.276180 0.786196 0.080484 0.134239
1 0.300320 0.619416 0.074172 0.132473
1 0.308008 0.467636 0.066047 0.120543
3 0.335437 0.233791 0.066969 0.119755
3 0.288328 0.330951 0.067219 0.125815
3 0.236719 0.531372 0.073875 0.127310
3 0.226234 0.661658 0.077656 0.128696
3 0.363234 0.690435 0.079219 0.121033
3 0.441539 0.823451 0.076078 0.136522
3 0.538617 0.806087 0.082734 0.118750
3 0.579172 0.478927 0.051875 0.127310
3 0.513234 0.449823 0.072969 0.096277
3 0.512281 0.344253 0.072344 0.100951
3 0.429859 0.162133 0.074031 0.083397
