0 0.528797 0.198261 0.063625 0.109511
0 0.444109 0.162038 0.068125 0.094076
0 0.472234 0.225802 0.061719 0.124538
0 0.508039 0.303043 0.070578 0.126359
0 0.629188 0.508587 0.059625 0.116141
0 0.636891 0.621617 0.063281 0.127364
0 0.413391 0.620584 0.080625 0.101712
0 0.409711 0.439022 0.071766 0.121196
0 0.328570 0.214674 0.061359 0.120924
2 0.491281 0.580883 0.070781 0.132255
2 0.585687 0.659049 0.068750 0.128696
2 0.529750 0.668220 0.069875 0.132255
2 0.462695 0.683899 0.071078 0.120462
2 0.367578 0.541671 0.071438 0.134864
2 0.540109 0.383043 0.058719 0.128696
2 0.391844 0.327120 0.056719 0.112935
4 0.279812 0.293274 0.064812 0.127473
4 0.241039 0.456821 0.075016 0.131141
4 0.361000 0.804837 0.062250 0.145870
4 0.430141 0.530584 0.069437 0.095136
4 0.355789 0.418641 0.053609 0.125272
4 0.445523 0.340951 0.073047 0.108696
1 0.387266 0.177147 0.063594 0.104076
1 0.566953 0.274973 0.063156 0.133261
1 0.608891 0.375041 0.070969 0.128288
1 0.582742 0.445842 0.059578 0.115435
1 0.587063 0.558342 0.068969 0.118859
1 0.289109 0.760136 0.080469 0.134239
1 0.311781 0.621997 0.074187 0.132473
1 0.314133 0.504728 0.066047 0.120543
3 0.337406 0.322459 0.066969 0.119755
3 0.295125 0.401712 0.067219 0.125815
3 0.257453 0.558356 0.073875 0.127310
3 0.251312 0.666304 0.077656 0.128696
3 0.362289 0.687758 0.079234 0.121005
3 0.424961 0.792989 0.076078 0.136522
3 0.505789 0.778777 0.082734 0.118750
3 0.536531 0.518247 0.051875 0.127310
3 0.482312 0.490014 0.072969 0.096277
3 0.484953 0.410571 0.072344 0.100978
3 0.416766 0.260897 0.074031 0.083370
