0 0.531680 0.225639 0.062859 0.123723
0 0.446617 0.187772 0.068109 0.098859
0 0.475805 0.255761 0.064516 0.122120
0 0.510461 0.334783 0.069641 0.124402
0 0.625437 0.563261 0.058219 0.116141
0 0.632977 0.671264 0.065297 0.127364
0 0.414734 0.671929 0.081188 0.093587
0 0.412281 0.482418 0.071750 0.121196
0 0.325398 0.237473 0.064141 0.130380
2 0.488852 0.646522 0.072016 0.133370
2 0.579844 0.724905 0.068750 0.118071
2 0.523188 0.730679 0.069875 0.132283
2 0.457633 0.752215 0.064203 0.120571
2 0.367234 0.591929 0.071438 0.134837
2 0.539227 0.426590 0.059391 0.128668
2 0.392523 0.376780 0.060141 0.114103
4 0.280680 0.321780 0.060672 0.127473
4 0.243219 0.496101 0.075000 0.128777
4 0.367297 0.851630 0.064281 0.131141
4 0.427484 0.582351 0.067438 0.104701
4 0.358422 0.464266 0.053594 0.125272
4 0.450375 0.378533 0.064906 0.122935
1 0.377344 0.212812 0.063594 0.104103
1 0.564453 0.329878 0.063156 0.132147
1 0.602414 0.419402 0.070953 0.128315
1 0.579930 0.513071 0.059578 0.115435
1 0.579648 0.618139 0.065516 0.108016
1 0.289656 0.808723 0.080469 0.134239
1 0.317141 0.675421 0.074188 0.132473
1 0.311742 0.552011 0.066047 0.120543
3 0.339516 0.356128 0.066969 0.119755
3 0.298531 0.439375 0.067219 0.125815
3 0.262891 0.605258 0.073875 0.127310
3 0.255086 0.718967 0.075672 0.128696
3 0.369016 0.741861 0.079219 0.121005
3 0.425719 0.842120 0.078156 0.133696
3 0.499578 0.831440 0.078750 0.110380
3 0.534672 0.569959 0.051875 0.127310
3 0.485703 0.537880 0.068219 0.102174
3 0.486453 0.456549 0.072344 0.100978
3 0.416937 0.293927 0.074031 0.083397
