3 0.388841 0.368236 0.053214 0.094861
4 0.563089 0.312898 0.063781 0.104444
3 0.445656 0.336125 0.058948 0.097583
4 0.483352 0.307778 0.048318 0.101815
0 0.232714 0.351574 0.046375 0.072185
0 0.286820 0.389806 0.053161 0.085907
0 0.311859 0.327833 0.040594 0.083796
0 0.380302 0.308051 0.058958 0.065528
1 0.327867 0.394667 0.042526 0.071037
1 0.239201 0.409088 0.041797 0.070917
0 0.283500 0.263644 0.058958 0.049787
0 0.336799 0.259292 0.042526 0.068731
1 0.270479 0.306829 0.043490 0.082472
3 0.370674 0.235296 0.051224 0.069185
3 0.421255 0.240954 0.057990 0.071759
1 0.352750 0.331500 0.034792 0.068722
4 0.313250 0.200148 0.047354 0.068333
3 0.438672 0.951977 0.076083 0.096046
3 0.545979 0.678894 0.071521 0.115120
3 0.800273 0.887671 0.083724 0.106417
1 0.301260 0.905875 0.080312 0.118898
4 0.350466 0.677171 0.062828 0.101380
0 0.272693 0.467667 0.044865 0.087500
3 0.285974 0.561856 0.053146 0.103787
1 0.400719 0.536431 0.067271 0.092787
1 0.443576 0.575023 0.058891 0.086120
1 0.480935 0.502255 0.053724 0.109157
2 0.477508 0.407250 0.056401 0.088093
2 0.268229 0.653500 0.053354 0.096259
2 0.237362 0.501051 0.047755 0.077269
2 0.309466 0.468764 0.042339 0.089083
2 0.352552 0.482384 0.048885 0.080694
3 0.329078 0.532116 0.063792 0.101028
3 0.391229 0.607528 0.056385 0.100370
3 0.420672 0.425324 0.067094 0.088833
