0 0.527078 0.109959 0.066125 0.123397
0 0.429266 0.068709 0.068437 0.103125
0 0.463672 0.142201 0.064781 0.128152
0 0.500203 0.232269 0.070937 0.127799
0 0.634922 0.472079 0.060687 0.119266
0 0.643250 0.600136 0.063281 0.130978
0 0.397453 0.604674 0.080625 0.095489
0 0.393977 0.392745 0.068078 0.121196
0 0.298719 0.135245 0.061375 0.130652
2 0.481820 0.567785 0.071109 0.114429
2 0.586078 0.648111 0.068000 0.109701
2 0.521156 0.655829 0.054781 0.098995
2 0.447344 0.676997 0.064094 0.112418
2 0.346672 0.517880 0.059844 0.130978
2 0.535391 0.326916 0.056125 0.120462
2 0.372492 0.286549 0.051891 0.114402
4 0.248023 0.227894 0.066484 0.127473
4 0.209219 0.415394 0.074219 0.128016
4 0.345484 0.803125 0.057656 0.128804
4 0.412312 0.505870 0.069438 0.101087
4 0.333313 0.369891 0.053594 0.125815
4 0.434492 0.285149 0.067234 0.120408
1 0.360797 0.105149 0.063594 0.104103
1 0.563219 0.211196 0.055656 0.105978
1 0.607898 0.323207 0.066203 0.106467
1 0.581281 0.417609 0.048438 0.101467
1 0.584453 0.531889 0.065625 0.104864
1 0.266328 0.746250 0.059688 0.088587
1 0.290000 0.605652 0.072812 0.111141
1 0.293063 0.466848 0.056406 0.117554
3 0.314828 0.259253 0.067094 0.125245
3 0.270414 0.352120 0.065141 0.128804
3 0.230156 0.535516 0.074531 0.122935
3 0.225359 0.659592 0.077656 0.126087
3 0.340953 0.680245 0.079219 0.119022
3 0.413375 0.792337 0.074062 0.130978
3 0.495562 0.777582 0.076719 0.104891
3 0.533781 0.486155 0.051875 0.132310
3 0.473516 0.456005 0.072969 0.098641
3 0.473047 0.360027 0.072344 0.091576
3 0.400563 0.189090 0.074594 0.091603
