0 0.562945 0.212595 0.062859 0.137962
0 0.470406 0.164130 0.068125 0.098859
0 0.505703 0.241576 0.064500 0.122120
0 0.538328 0.321780 0.069625 0.124375
0 0.660789 0.560897 0.059609 0.116141
0 0.668000 0.674810 0.063281 0.127337
0 0.434445 0.676658 0.081203 0.093587
0 0.433352 0.475326 0.071766 0.121196
0 0.346477 0.224484 0.064141 0.130380
2 0.521844 0.644715 0.070031 0.132255
2 0.616547 0.727840 0.068750 0.128668
2 0.561250 0.734823 0.069875 0.132255
2 0.488516 0.763492 0.071094 0.120462
2 0.397141 0.594293 0.071437 0.134837
2 0.575594 0.414185 0.059375 0.128696
2 0.420047 0.371440 0.056719 0.112935
4 0.300344 0.309959 0.064813 0.127473
4 0.258172 0.493152 0.075000 0.128804
4 0.392438 0.869348 0.064281 0.131141
4 0.451617 0.582921 0.067453 0.104701
4 0.378477 0.454823 0.053609 0.125299
4 0.474164 0.373804 0.064922 0.122935
1 0.416766 0.189171 0.063594 0.104103
1 0.605016 0.310965 0.063156 0.132147
1 0.648172 0.417826 0.070969 0.128315
1 0.618227 0.512283 0.059578 0.115435
1 0.616313 0.615693 0.067656 0.105788
1 0.323375 0.818886 0.080469 0.134239
1 0.349086 0.687242 0.074172 0.132473
1 0.349805 0.562636 0.066047 0.120543
3 0.359227 0.340761 0.066953 0.119783
3 0.319594 0.433478 0.067219 0.125815
3 0.281242 0.607622 0.073859 0.127310
3 0.273797 0.724891 0.077656 0.128696
3 0.385328 0.748954 0.079219 0.121005
3 0.449508 0.859864 0.078172 0.133696
3 0.530141 0.848641 0.084125 0.118750
3 0.564906 0.571726 0.051875 0.127310
3 0.512562 0.539660 0.072969 0.096277
3 0.512281 0.447092 0.072344 0.100978
3 0.444812 0.278560 0.074031 0.083370
