3 0.314953 0.045528 0.049323 0.077222
4 0.509698 0.039310 0.061854 0.064917
3 0.372932 0.044287 0.058948 0.068796
3 0.383695 0.796708 0.086016 0.137454
3 0.468911 0.410032 0.071521 0.115120
3 0.778534 0.813069 0.083151 0.140657
1 0.201430 0.628657 0.083120 0.132296
4 0.254729 0.371583 0.067656 0.109963
0 0.180307 0.136519 0.057417 0.066926
3 0.186997 0.246250 0.056380 0.112944
1 0.324438 0.223435 0.067271 0.092778
1 0.362026 0.287352 0.066104 0.098963
1 0.412185 0.225245 0.063786 0.111343
2 0.400078 0.111694 0.062437 0.085926
2 0.165466 0.334912 0.076547 0.113398
2 0.134568 0.180000 0.056187 0.105204
2 0.242216 0.134093 0.056828 0.082185
2 0.273370 0.156009 0.048885 0.099593
3 0.235701 0.221019 0.063786 0.101037
3 0.308250 0.315449 0.060031 0.104620
3 0.339734 0.118236 0.067094 0.088824
