0 0.578578 0.118030 0.062875 0.137962
0 0.484000 0.065380 0.068125 0.099946
0 0.517266 0.150557 0.064500 0.122092
0 0.551961 0.229633 0.066828 0.117201
0 0.673695 0.479334 0.059609 0.116114
0 0.680906 0.602704 0.063281 0.127364
0 0.446000 0.596277 0.081188 0.093587
0 0.446937 0.387853 0.071750 0.121196
0 0.354633 0.120462 0.064141 0.130380
2 0.525922 0.570258 0.070031 0.132255
2 0.624016 0.655734 0.068750 0.128696
2 0.565328 0.662704 0.069875 0.132255
2 0.495992 0.676019 0.071078 0.120462
2 0.397820 0.510367 0.071422 0.134864
2 0.585102 0.337337 0.059391 0.128696
2 0.432953 0.278071 0.056719 0.112935
4 0.308500 0.213043 0.064813 0.127446
4 0.271086 0.398587 0.075016 0.128804
4 0.398562 0.786630 0.064281 0.131141
4 0.463852 0.506101 0.067453 0.104701
4 0.391391 0.369728 0.053594 0.125272
4 0.491156 0.282772 0.064906 0.122935
1 0.418109 0.092242 0.063594 0.104103
1 0.610453 0.224688 0.063156 0.132147
1 0.654969 0.333899 0.070969 0.128288
1 0.624680 0.429538 0.059578 0.115435
1 0.623789 0.545951 0.067641 0.105815
1 0.314797 0.729524 0.080469 0.134266
1 0.350789 0.598003 0.074172 0.132473
1 0.342320 0.468071 0.066047 0.120543
3 0.370102 0.245014 0.066953 0.119755
3 0.330477 0.344810 0.067203 0.125815
3 0.288719 0.521332 0.073875 0.127337
3 0.284672 0.637418 0.077656 0.128696
3 0.397562 0.665027 0.079219 0.121033
3 0.462102 0.775937 0.076078 0.133723
3 0.541016 0.771793 0.084125 0.118750
3 0.581906 0.490177 0.051875 0.127310
3 0.525469 0.454552 0.072969 0.096277
3 0.526547 0.363166 0.072344 0.100951
3 0.452969 0.185177 0.074031 0.083397
