0 0.496750 0.239552 0.060094 0.107582
0 0.409805 0.203601 0.059609 0.091984
0 0.440531 0.271332 0.058125 0.111957
0 0.473617 0.352310 0.062891 0.113859
0 0.592266 0.572364 0.050469 0.103315
0 0.598383 0.683342 0.057141 0.114946
0 0.378703 0.689565 0.069313 0.082337
0 0.376992 0.499796 0.063359 0.109647
0 0.292305 0.266033 0.054609 0.114674
2 0.454656 0.650149 0.060906 0.102201
2 0.546047 0.725788 0.062437 0.096196
2 0.486906 0.739823 0.051562 0.090571
2 0.422766 0.760788 0.057906 0.097663
2 0.333781 0.609239 0.052438 0.116848
2 0.504867 0.438234 0.054891 0.105054
2 0.357719 0.398247 0.050000 0.095136
4 0.244680 0.345829 0.058141 0.110951
4 0.211055 0.519158 0.066641 0.114130
4 0.332562 0.869402 0.049844 0.116576
4 0.393453 0.601304 0.063031 0.090272
4 0.322258 0.480829 0.048141 0.113560
4 0.413977 0.400394 0.061547 0.105679
1 0.347148 0.237514 0.055859 0.099973
1 0.531086 0.336005 0.052828 0.105978
1 0.571758 0.434579 0.059516 0.082853
1 0.543641 0.518043 0.047344 0.086793
1 0.544961 0.624592 0.057734 0.095652
1 0.261586 0.822799 0.055859 0.082500
1 0.286008 0.692880 0.057984 0.097880
1 0.277633 0.564049 0.054578 0.110326
3 0.306211 0.377826 0.060234 0.113967
3 0.265375 0.462432 0.059844 0.112364
3 0.229930 0.628274 0.063703 0.112473
3 0.224703 0.738016 0.067156 0.104891
3 0.329750 0.758668 0.069844 0.104348
3 0.392188 0.861033 0.062625 0.113315
3 0.467500 0.850353 0.070125 0.093207
3 0.500898 0.581073 0.046609 0.114049
3 0.449945 0.555163 0.062547 0.083696
3 0.449367 0.470639 0.063766 0.081005
3 0.383391 0.313533 0.066969 0.079783
