0 0.523219 0.166467 0.063625 0.109511
0 0.416719 0.123247 0.068125 0.095462
0 0.454766 0.202527 0.061719 0.124565
0 0.494227 0.295231 0.070859 0.127799
0 0.645164 0.550245 0.059609 0.116141
0 0.657109 0.688995 0.063281 0.127337
0 0.380063 0.690774 0.078594 0.095788
0 0.374922 0.457582 0.067750 0.121196
0 0.277797 0.186658 0.061375 0.120924
2 0.475672 0.654171 0.070781 0.132255
2 0.588000 0.758573 0.068750 0.128668
2 0.519477 0.758438 0.059641 0.118125
2 0.436867 0.791848 0.071078 0.120489
2 0.323734 0.599008 0.071438 0.134864
2 0.537875 0.395272 0.058719 0.128696
2 0.354133 0.337174 0.056703 0.112935
4 0.218117 0.279226 0.064828 0.127473
4 0.169141 0.478927 0.075000 0.131114
4 0.317117 0.917500 0.062234 0.145870
4 0.396875 0.578139 0.069438 0.095136
4 0.308469 0.436522 0.053594 0.125272
4 0.422141 0.341902 0.068281 0.108696
1 0.346750 0.157242 0.063594 0.104103
1 0.565594 0.283220 0.057156 0.111440
1 0.614461 0.394429 0.070953 0.128315
1 0.583586 0.498641 0.054203 0.100000
1 0.590461 0.617432 0.068953 0.118886
1 0.228484 0.877283 0.080469 0.134239
1 0.258688 0.698424 0.074188 0.121739
1 0.257336 0.544918 0.059172 0.120543
3 0.288531 0.315951 0.066969 0.119783
3 0.241758 0.411033 0.065141 0.125815
3 0.186086 0.609973 0.073859 0.127337
3 0.174563 0.744973 0.077656 0.128696
3 0.313281 0.776128 0.079219 0.121005
3 0.394500 0.913288 0.074094 0.136522
3 0.492062 0.895924 0.082750 0.118750
3 0.532281 0.559905 0.051875 0.127310
3 0.467688 0.531929 0.072969 0.088098
3 0.469453 0.422269 0.072344 0.100951
3 0.387375 0.243098 0.074031 0.083370
