0 0.545102 0.093818 0.062859 0.137962
0 0.448656 0.047038 0.068125 0.094076
0 0.483141 0.113872 0.061719 0.124538
0 0.516758 0.213084 0.066828 0.117201
0 0.649570 0.461603 0.059609 0.116141
0 0.655016 0.587976 0.063281 0.127364
0 0.411344 0.585285 0.080625 0.101712
0 0.408367 0.373370 0.071766 0.121196
0 0.315016 0.100068 0.061375 0.130408
2 0.499281 0.555829 0.070031 0.132255
2 0.597516 0.648818 0.068750 0.128668
2 0.531687 0.657976 0.069875 0.132255
2 0.461664 0.673655 0.071078 0.120462
2 0.364172 0.494986 0.071438 0.134864
2 0.553164 0.321984 0.059391 0.128696
2 0.393539 0.253832 0.056703 0.112935
4 0.264000 0.190285 0.064812 0.127473
4 0.225211 0.382038 0.075016 0.128804
4 0.360328 0.782772 0.062250 0.131141
4 0.426984 0.487188 0.067438 0.104701
4 0.346781 0.347283 0.053594 0.125272
4 0.452070 0.259810 0.073047 0.108696
1 0.383562 0.083139 0.063594 0.104103
1 0.582750 0.211101 0.063156 0.132147
1 0.627508 0.317364 0.070953 0.128315
1 0.599820 0.418995 0.059578 0.115435
1 0.601750 0.532065 0.068969 0.118859
1 0.278266 0.743995 0.080469 0.134239
1 0.306430 0.595041 0.074172 0.132473
1 0.304477 0.456250 0.066047 0.120543
3 0.329484 0.222867 0.066969 0.119755
3 0.284250 0.321467 0.067219 0.125815
3 0.243852 0.508329 0.073859 0.127310
3 0.236422 0.632092 0.077656 0.128696
3 0.360172 0.655272 0.079219 0.121033
3 0.424211 0.772092 0.076078 0.133696
3 0.506844 0.764130 0.082750 0.118750
3 0.550641 0.471834 0.051875 0.127310
3 0.490906 0.441372 0.072969 0.096277
3 0.490016 0.344851 0.072344 0.100951
3 0.415500 0.154959 0.074031 0.083397
