3 0.339911 0.259176 0.055667 0.099167
4 0.523474 0.180833 0.061813 0.086574
3 0.395562 0.214412 0.049302 0.086861
4 0.445143 0.196481 0.048318 0.101815
0 0.167729 0.252773 0.046375 0.072176
0 0.233776 0.293181 0.053156 0.085917
0 0.263596 0.221343 0.055286 0.083796
0 0.337859 0.176829 0.065000 0.081602
1 0.217143 0.427481 0.043745 0.079944
1 0.185693 0.302606 0.041792 0.072639
0 0.232763 0.143921 0.049286 0.058361
0 0.279026 0.150519 0.042521 0.068722
1 0.214365 0.215199 0.043490 0.082472
3 0.318581 0.105745 0.051224 0.069194
3 0.373589 0.099931 0.057990 0.071769
1 0.286375 0.279375 0.044479 0.081657
4 0.259648 0.072185 0.056411 0.084426
3 0.454190 0.966745 0.065203 0.066509
3 0.509687 0.577144 0.071521 0.115120
3 0.829888 0.960106 0.084318 0.079787
1 0.227669 0.939120 0.076099 0.121759
4 0.315388 0.594454 0.062828 0.101389
0 0.224182 0.342704 0.044865 0.087500
3 0.374422 0.452671 0.053146 0.110269
1 0.469526 0.507968 0.048135 0.083898
1 0.411813 0.508995 0.061302 0.094769
1 0.443745 0.409556 0.067469 0.111333
2 0.426615 0.304588 0.057625 0.105324
2 0.311370 0.739005 0.053354 0.096250
2 0.217146 0.422227 0.055813 0.102324
2 0.284271 0.370634 0.048396 0.077231
2 0.357154 0.452222 0.059745 0.095704
3 0.304182 0.460491 0.050510 0.086037
3 0.346794 0.522657 0.057630 0.089648
3 0.377750 0.303181 0.056219 0.088824
