0 0.504211 0.215082 0.064391 0.113315
0 0.413156 0.174796 0.063187 0.095516
0 0.445383 0.245027 0.059234 0.113207
0 0.478109 0.330679 0.063594 0.113859
0 0.601906 0.558043 0.055563 0.108370
0 0.611055 0.675761 0.061328 0.122391
0 0.382797 0.677446 0.071594 0.088587
0 0.379141 0.484361 0.064062 0.115516
0 0.292031 0.240965 0.054375 0.118614
2 0.461156 0.643342 0.059250 0.110598
2 0.556797 0.718682 0.062656 0.090897
2 0.493453 0.737337 0.052781 0.113261
2 0.427016 0.748478 0.056281 0.094348
2 0.335000 0.600842 0.052813 0.124402
2 0.511313 0.420190 0.052688 0.103261
2 0.358711 0.378315 0.049141 0.101522
4 0.245625 0.326413 0.059375 0.118913
4 0.207750 0.501889 0.068875 0.121766
4 0.334672 0.867092 0.049844 0.116576
4 0.396719 0.585421 0.065000 0.091114
4 0.322695 0.463641 0.049297 0.118913
4 0.417344 0.381060 0.062812 0.106250
1 0.349648 0.215870 0.058516 0.101359
1 0.537875 0.313967 0.052500 0.105978
1 0.581156 0.416223 0.060812 0.092554
1 0.553500 0.508791 0.043875 0.094375
1 0.554937 0.618560 0.053000 0.092228
1 0.260937 0.817038 0.047500 0.081902
1 0.286016 0.686141 0.062969 0.099457
1 0.277734 0.560639 0.056406 0.110788
3 0.305008 0.355897 0.060922 0.112120
3 0.265633 0.442378 0.063422 0.117962
3 0.227977 0.615068 0.068109 0.116603
3 0.222508 0.728981 0.070609 0.106277
3 0.331711 0.752446 0.070328 0.104348
3 0.397047 0.856793 0.063063 0.120109
3 0.474461 0.843179 0.071516 0.093207
3 0.510227 0.567894 0.047297 0.119103
3 0.454609 0.540734 0.066719 0.087011
3 0.454680 0.452758 0.067172 0.084321
3 0.385703 0.290000 0.067813 0.082772
