0 0.587070 0.209063 0.062859 0.137962
0 0.495891 0.158804 0.068125 0.098859
0 0.530172 0.236264 0.064500 0.122092
0 0.562289 0.318818 0.069641 0.124375
0 0.684570 0.561495 0.059609 0.116141
0 0.691109 0.677758 0.063281 0.127364
0 0.462313 0.672514 0.081188 0.093560
0 0.460195 0.468832 0.071766 0.121196
0 0.371273 0.220924 0.064141 0.130380
2 0.544953 0.637622 0.070031 0.132255
2 0.639984 0.726658 0.068750 0.128696
2 0.577906 0.735992 0.069875 0.132255
2 0.513320 0.751073 0.071078 0.120462
2 0.420594 0.584837 0.071438 0.134837
2 0.600742 0.414484 0.059391 0.128696
2 0.446547 0.359620 0.056719 0.112935
4 0.323453 0.302867 0.064812 0.127473
4 0.285359 0.478967 0.075000 0.128804
4 0.420641 0.861671 0.064281 0.131114
4 0.478805 0.576427 0.067453 0.104701
4 0.404984 0.447147 0.053594 0.125272
4 0.500672 0.369076 0.064906 0.122935
1 0.437156 0.189171 0.063594 0.104103
1 0.630500 0.303872 0.063156 0.132147
1 0.668227 0.407187 0.070953 0.128288
1 0.644055 0.507554 0.059578 0.115435
1 0.641461 0.611563 0.067641 0.105788
1 0.344703 0.811087 0.080469 0.134239
1 0.373211 0.672459 0.074172 0.132473
1 0.369508 0.548451 0.066047 0.120543
3 0.384719 0.336617 0.066969 0.119755
3 0.343391 0.426984 0.067219 0.125815
3 0.302992 0.601128 0.073859 0.127310
3 0.298609 0.713641 0.077656 0.128696
3 0.410469 0.743030 0.079219 0.121005
3 0.475672 0.853356 0.078156 0.133723
3 0.552227 0.844484 0.084141 0.118750
3 0.590062 0.565231 0.051875 0.127310
3 0.536344 0.535516 0.072969 0.096304
3 0.535391 0.442351 0.072344 0.100951
3 0.468938 0.275014 0.074031 0.083397
