0 0.525484 0.134307 0.066687 0.124049
0 0.426930 0.092405 0.069734 0.103125
0 0.461992 0.167174 0.064797 0.128152
0 0.498313 0.257921 0.071281 0.127799
0 0.634180 0.502921 0.060703 0.119266
0 0.641953 0.630625 0.063281 0.130978
0 0.394453 0.634565 0.080625 0.094239
0 0.391625 0.421957 0.069344 0.121196
0 0.294805 0.159266 0.061359 0.130652
2 0.480039 0.598465 0.068672 0.109592
2 0.584766 0.679443 0.065000 0.105516
2 0.518906 0.690870 0.055156 0.104185
2 0.444531 0.712160 0.064844 0.112092
2 0.342203 0.548723 0.059844 0.130978
2 0.534453 0.353533 0.056875 0.123098
2 0.370344 0.314457 0.052438 0.114402
4 0.243922 0.253872 0.066469 0.127473
4 0.205484 0.442337 0.074219 0.127989
4 0.342875 0.837840 0.057656 0.128832
4 0.409328 0.535408 0.069437 0.101087
4 0.329773 0.398451 0.053609 0.125815
4 0.432258 0.311780 0.067234 0.120408
1 0.358375 0.131440 0.063594 0.104076
1 0.561906 0.239103 0.055656 0.105978
1 0.609492 0.350462 0.069766 0.106467
1 0.579594 0.447120 0.048438 0.101467
1 0.582953 0.564334 0.065625 0.104864
1 0.261844 0.779674 0.059688 0.088587
1 0.287016 0.638098 0.072813 0.111141
1 0.289703 0.496875 0.056406 0.114674
3 0.311180 0.285734 0.067641 0.125598
3 0.267055 0.379701 0.065141 0.128804
3 0.225672 0.566046 0.074531 0.126875
3 0.221063 0.691087 0.077656 0.126087
3 0.338344 0.711739 0.079219 0.119022
3 0.410766 0.827391 0.074062 0.130978
3 0.494062 0.811332 0.076719 0.104891
3 0.531547 0.515666 0.051875 0.132310
3 0.472594 0.485543 0.072969 0.098641
3 0.472125 0.388261 0.072344 0.091576
3 0.397953 0.214402 0.074594 0.091576
