0 0.538516 0.136332 0.063625 0.109511
0 0.447984 0.094918 0.068125 0.094076
0 0.482188 0.165095 0.061719 0.124538
0 0.517563 0.251495 0.070844 0.127826
0 0.650938 0.478152 0.059625 0.116141
0 0.661531 0.603886 0.063281 0.127337
0 0.413984 0.599402 0.080625 0.101739
0 0.412453 0.392120 0.071750 0.121196
0 0.317219 0.150027 0.061375 0.120924
2 0.503531 0.569959 0.070781 0.132255
2 0.600828 0.654293 0.068750 0.128696
2 0.539578 0.662704 0.069875 0.132255
2 0.468305 0.681318 0.071078 0.120462
2 0.369703 0.512840 0.071438 0.134864
2 0.553844 0.334389 0.058719 0.128668
2 0.393203 0.283995 0.056719 0.112935
4 0.268406 0.231943 0.064813 0.127473
4 0.225687 0.417228 0.075000 0.131141
4 0.359938 0.808207 0.062250 0.145870
4 0.434500 0.501929 0.069437 0.095109
4 0.351016 0.370679 0.053594 0.125272
4 0.454523 0.298016 0.073047 0.108696
1 0.383219 0.120992 0.063594 0.104103
1 0.588875 0.240258 0.063156 0.133234
1 0.635328 0.336508 0.070969 0.128288
1 0.599414 0.421264 0.059578 0.115462
1 0.605563 0.535217 0.068969 0.118859
1 0.284156 0.760027 0.080469 0.134239
1 0.309180 0.598927 0.074172 0.132473
1 0.309023 0.467908 0.066047 0.120543
3 0.331359 0.271617 0.066969 0.119755
3 0.288664 0.350163 0.067203 0.125815
3 0.244195 0.529008 0.073859 0.127310
3 0.236187 0.652391 0.077656 0.128696
3 0.360687 0.676889 0.079219 0.121005
3 0.428797 0.795082 0.076094 0.136522
3 0.515305 0.778424 0.082734 0.118750
3 0.550906 0.486617 0.051875 0.127310
3 0.494422 0.455340 0.072969 0.096277
3 0.489844 0.362378 0.072344 0.100951
3 0.420797 0.211196 0.074031 0.083370
