0 0.523516 0.238655 0.066906 0.123723
0 0.436422 0.194266 0.068125 0.098859
0 0.468344 0.268424 0.067187 0.122011
0 0.501406 0.354484 0.069625 0.124402
0 0.617281 0.569185 0.058219 0.116141
0 0.624148 0.687813 0.065297 0.127364
0 0.404531 0.688478 0.077094 0.093587
0 0.399141 0.493859 0.071750 0.121196
0 0.316570 0.257174 0.064141 0.130380
2 0.483414 0.650068 0.072016 0.133397
2 0.571688 0.731997 0.068750 0.118071
2 0.514727 0.744293 0.066422 0.132228
2 0.450492 0.759905 0.064203 0.120571
2 0.363609 0.610054 0.071438 0.134837
2 0.534359 0.444918 0.059375 0.128696
2 0.387086 0.387405 0.060141 0.114103
4 0.269125 0.336562 0.060656 0.127473
4 0.232680 0.506739 0.075016 0.128804
4 0.358797 0.869375 0.064281 0.131141
4 0.421711 0.591196 0.067453 0.104728
4 0.347211 0.479239 0.053609 0.125272
4 0.440859 0.395082 0.064906 0.122935
1 0.377797 0.218329 0.063594 0.104103
1 0.560328 0.333736 0.063156 0.132147
1 0.598563 0.426101 0.070969 0.128288
1 0.574039 0.541128 0.059578 0.115462
1 0.573195 0.629375 0.065516 0.107989
1 0.291359 0.819361 0.080469 0.134266
1 0.310805 0.692378 0.074172 0.132473
1 0.304719 0.568940 0.066031 0.120543
3 0.329320 0.369144 0.066953 0.119755
3 0.289695 0.452962 0.067203 0.125815
3 0.251344 0.618274 0.073875 0.127310
3 0.246930 0.734348 0.075672 0.128696
3 0.353891 0.753043 0.075813 0.122283
3 0.413141 0.861046 0.078156 0.133723
3 0.491078 0.846821 0.078750 0.110380
3 0.527531 0.580000 0.051875 0.127337
3 0.472117 0.555598 0.068203 0.102174
3 0.476250 0.467188 0.072344 0.100951
3 0.410141 0.303397 0.074031 0.083370
