3 0.423268 0.200259 0.057568 0.089074
4 0.543078 0.137231 0.061812 0.086574
3 0.467534 0.236296 0.049297 0.086870
4 0.464430 0.130824 0.053307 0.101815
0 0.208042 0.211926 0.046375 0.090667
0 0.261911 0.247583 0.053156 0.085907
0 0.292341 0.175394 0.055286 0.083787
0 0.344487 0.270269 0.065005 0.083296
1 0.289096 0.346620 0.043745 0.079944
1 0.219404 0.268676 0.041797 0.086130
0 0.256034 0.112745 0.049286 0.058361
0 0.303648 0.113083 0.042526 0.068722
1 0.245003 0.168755 0.043495 0.082472
3 0.338529 0.071444 0.051224 0.069185
3 0.394083 0.052551 0.057990 0.071769
1 0.328844 0.294671 0.045448 0.095139
4 0.285216 0.044153 0.056411 0.075676
4 0.416193 0.393148 0.049240 0.085852
2 0.506802 0.289782 0.044510 0.099713
1 0.391570 0.178958 0.045453 0.099324
3 0.589672 0.596153 0.065198 0.097194
3 0.480057 0.527032 0.071521 0.115120
3 0.844221 0.914083 0.084318 0.121593
1 0.227669 0.939120 0.076099 0.121759
4 0.340956 0.520380 0.062828 0.101389
0 0.276260 0.304824 0.044865 0.087500
3 0.637849 0.347792 0.053146 0.110269
1 0.559211 0.499972 0.048141 0.083907
1 0.523263 0.578569 0.055245 0.094769
1 0.553435 0.304620 0.058026 0.106185
2 0.465443 0.244815 0.057625 0.086778
2 0.220245 0.377782 0.053354 0.096250
2 0.328729 0.181505 0.055812 0.088880
2 0.369747 0.150708 0.051224 0.085713
2 0.443753 0.488667 0.059745 0.095704
3 0.360581 0.414690 0.059016 0.099491
3 0.527445 0.399532 0.063307 0.103065
3 0.416195 0.279866 0.056224 0.088824
