0 0.519437 0.242785 0.066906 0.123723
0 0.429625 0.200761 0.068125 0.098859
0 0.463578 0.270000 0.067187 0.122011
0 0.498234 0.356060 0.069625 0.124402
0 0.613203 0.578641 0.058219 0.116141
0 0.620070 0.690177 0.065297 0.127364
0 0.398750 0.692622 0.077094 0.093560
0 0.395289 0.494239 0.071766 0.121196
0 0.312492 0.256386 0.064141 0.130380
2 0.477305 0.659524 0.072016 0.133397
2 0.571688 0.731997 0.068750 0.118071
2 0.509969 0.744293 0.066406 0.132228
2 0.446219 0.765978 0.064187 0.120598
2 0.356359 0.615571 0.071438 0.134837
2 0.529367 0.449647 0.059391 0.128696
2 0.383008 0.387405 0.060141 0.114103
4 0.267766 0.339524 0.060656 0.127473
4 0.226906 0.511467 0.075000 0.128804
4 0.353703 0.877038 0.064281 0.131141
4 0.415594 0.600652 0.067437 0.104728
4 0.340414 0.480815 0.053609 0.125272
4 0.436781 0.404538 0.064906 0.122935
1 0.374625 0.217541 0.063594 0.104103
1 0.557953 0.341399 0.063156 0.132147
1 0.594484 0.426101 0.070969 0.128288
1 0.573367 0.543016 0.059578 0.115435
1 0.569117 0.631141 0.065516 0.107989
1 0.290687 0.824090 0.080469 0.134266
1 0.307633 0.697894 0.074172 0.132473
1 0.298828 0.579185 0.066031 0.120543
3 0.325242 0.371508 0.066953 0.119755
3 0.282219 0.455924 0.067219 0.125815
3 0.245906 0.627731 0.073875 0.127310
3 0.240813 0.741440 0.075687 0.128696
3 0.348148 0.761549 0.075828 0.122283
3 0.411438 0.868139 0.078156 0.133723
3 0.486656 0.856277 0.078750 0.110380
3 0.524813 0.588274 0.051875 0.127310
3 0.469781 0.561005 0.068219 0.102174
3 0.472172 0.471916 0.072344 0.100951
3 0.403344 0.311671 0.074031 0.083397
