3 0.351286 0.260861 0.065115 0.099167
4 0.542417 0.170741 0.061812 0.086574
3 0.419237 0.207676 0.049297 0.086870
4 0.465977 0.167861 0.048318 0.101815
0 0.191214 0.233917 0.046375 0.072185
0 0.250443 0.267593 0.053156 0.085907
0 0.274961 0.197102 0.055286 0.083796
0 0.348682 0.162880 0.065000 0.082574
1 0.443263 0.504870 0.043745 0.079944
1 0.201411 0.300454 0.041792 0.072630
0 0.243372 0.131796 0.049286 0.058352
0 0.290388 0.141088 0.042526 0.068731
1 0.233305 0.188264 0.043495 0.082472
3 0.327237 0.088426 0.051224 0.069185
3 0.384411 0.084537 0.057990 0.071759
1 0.294490 0.262060 0.044479 0.081657
4 0.274042 0.061417 0.056417 0.084426
4 0.358427 0.342255 0.049240 0.085861
2 0.452651 0.361616 0.044510 0.070713
3 0.478875 0.934130 0.065198 0.078704
3 0.530245 0.555653 0.071521 0.115120
3 0.849852 0.936505 0.084318 0.099213
1 0.227669 0.939120 0.076099 0.121759
4 0.323255 0.571662 0.062823 0.101380
0 0.241604 0.330574 0.044865 0.087500
3 0.494857 0.428597 0.053151 0.110269
1 0.506617 0.499546 0.048141 0.083907
1 0.482544 0.534796 0.055245 0.094759
1 0.500578 0.336468 0.067469 0.111324
2 0.443661 0.287750 0.057625 0.105315
2 0.244865 0.521889 0.053354 0.096259
2 0.220776 0.404273 0.055813 0.102324
2 0.284956 0.383333 0.048401 0.087333
2 0.433336 0.503815 0.059745 0.095704
3 0.336023 0.454042 0.050516 0.086028
3 0.456898 0.407130 0.057630 0.089648
3 0.399151 0.288282 0.056219 0.088824
