0 0.544969 0.248030 0.063625 0.109538
0 0.448656 0.204837 0.068125 0.094076
0 0.478562 0.281726 0.061719 0.124538
0 0.514250 0.365014 0.062063 0.106603
0 0.649914 0.621168 0.059609 0.116141
0 0.653031 0.745734 0.063281 0.127337
0 0.413719 0.746916 0.080625 0.101712
0 0.409211 0.528533 0.071766 0.121196
0 0.320961 0.264076 0.061359 0.120924
2 0.496734 0.677704 0.070781 0.132255
2 0.602266 0.804674 0.068750 0.128696
2 0.529305 0.783274 0.069859 0.132255
2 0.461328 0.810774 0.071094 0.120462
2 0.368594 0.649837 0.071438 0.134837
2 0.548633 0.457120 0.059391 0.128696
2 0.392188 0.410462 0.056719 0.112935
4 0.265688 0.357242 0.064812 0.127473
4 0.228945 0.534511 0.075016 0.128804
4 0.355742 0.931739 0.062234 0.136522
4 0.432906 0.643139 0.069437 0.095136
4 0.354953 0.508030 0.053594 0.125299
4 0.449664 0.421114 0.073047 0.108696
1 0.380031 0.213723 0.063594 0.104076
1 0.575797 0.354715 0.063156 0.132147
1 0.622672 0.455720 0.070969 0.128288
1 0.593758 0.552867 0.059578 0.115462
1 0.594313 0.663927 0.068969 0.118886
1 0.286094 0.874321 0.080469 0.134239
1 0.314414 0.748709 0.074172 0.132473
1 0.312430 0.599293 0.066047 0.120543
3 0.331016 0.381943 0.066969 0.119755
3 0.287984 0.474864 0.067219 0.125815
3 0.241812 0.667106 0.073875 0.127310
3 0.234844 0.792663 0.077656 0.128696
3 0.359492 0.816318 0.079234 0.121005
3 0.422680 0.929823 0.076078 0.136549
3 0.508375 0.926658 0.082750 0.118750
3 0.546562 0.629647 0.051875 0.127337
3 0.492391 0.595598 0.072969 0.096304
3 0.490531 0.498709 0.072344 0.100951
3 0.421563 0.317568 0.074031 0.083397
