0 0.521469 0.238655 0.066906 0.123723
0 0.433703 0.196033 0.068125 0.098859
0 0.465625 0.268804 0.067187 0.122011
0 0.499812 0.355272 0.069625 0.124402
0 0.615234 0.573913 0.058219 0.116141
0 0.622109 0.688995 0.065313 0.127337
0 0.401812 0.688478 0.077094 0.093587
0 0.397328 0.495435 0.071750 0.121196
0 0.314523 0.256766 0.064141 0.130380
2 0.480359 0.654796 0.072000 0.133397
2 0.571688 0.731997 0.068750 0.118071
2 0.512687 0.743098 0.066406 0.132228
2 0.448359 0.762935 0.064187 0.120598
2 0.359984 0.612812 0.071438 0.134864
2 0.531867 0.447283 0.059391 0.128696
2 0.385055 0.387405 0.060141 0.114103
4 0.267086 0.337160 0.060672 0.127473
4 0.230984 0.507337 0.075000 0.128804
4 0.357781 0.869375 0.064281 0.131141
4 0.416953 0.600652 0.067437 0.104728
4 0.343812 0.480027 0.053594 0.125272
4 0.437453 0.395082 0.064906 0.122935
1 0.376203 0.217948 0.063594 0.104103
1 0.559141 0.337568 0.063156 0.132147
1 0.596523 0.426101 0.070953 0.128288
1 0.573711 0.542065 0.059578 0.115435
1 0.571148 0.630258 0.065516 0.108016
1 0.291016 0.821726 0.080469 0.134266
1 0.309211 0.695136 0.074172 0.132500
1 0.301773 0.574076 0.066047 0.120543
3 0.327281 0.370312 0.066969 0.119755
3 0.288336 0.453560 0.067203 0.125815
3 0.248625 0.623003 0.073875 0.127310
3 0.243867 0.737880 0.075672 0.128696
3 0.351687 0.753043 0.075813 0.122283
3 0.412797 0.861046 0.078156 0.133723
3 0.488703 0.847989 0.078750 0.110380
3 0.526172 0.584144 0.051875 0.127310
3 0.470945 0.558315 0.068203 0.102174
3 0.473531 0.467188 0.072344 0.100951
3 0.408781 0.303397 0.074031 0.083370
