3 0.393911 0.200259 0.057563 0.089074
4 0.547151 0.129769 0.061812 0.086574
3 0.447174 0.198417 0.049297 0.086870
4 0.465677 0.130824 0.050812 0.101815
0 0.207365 0.206398 0.046375 0.090667
0 0.259885 0.242287 0.053156 0.085907
0 0.291227 0.171431 0.055286 0.083787
0 0.348885 0.228181 0.065000 0.083306
1 0.327497 0.383657 0.043745 0.079944
1 0.219404 0.261000 0.041797 0.086130
0 0.255357 0.106255 0.049286 0.058361
0 0.303648 0.111597 0.042526 0.068731
1 0.243888 0.160838 0.043495 0.082472
3 0.338971 0.066708 0.051224 0.069194
3 0.394250 0.050148 0.057990 0.071759
1 0.317792 0.263458 0.045448 0.095139
4 0.285216 0.040995 0.056411 0.075676
4 0.392518 0.347824 0.049245 0.085852
2 0.504185 0.281810 0.044505 0.101491
3 0.602659 0.584852 0.065203 0.097185
3 0.488578 0.520292 0.071521 0.115120
3 0.851930 0.915898 0.084318 0.121074
1 0.227669 0.939120 0.076099 0.121759
4 0.340956 0.520380 0.062828 0.101389
0 0.266365 0.308269 0.044865 0.087500
3 0.653677 0.342259 0.053146 0.110259
1 0.565367 0.492394 0.048141 0.083898
1 0.530839 0.562569 0.055250 0.094769
1 0.551794 0.296907 0.059734 0.108519
2 0.460471 0.249866 0.057630 0.086787
2 0.233188 0.427241 0.053354 0.096259
2 0.283750 0.257958 0.055812 0.088880
2 0.332815 0.244139 0.051224 0.085704
2 0.443753 0.488667 0.059745 0.095704
3 0.348482 0.417181 0.059016 0.099491
3 0.544404 0.379634 0.058484 0.095102
3 0.409094 0.258819 0.056219 0.088824
