0 0.510000 0.155516 0.063625 0.109511
0 0.406070 0.115747 0.068109 0.095462
0 0.441688 0.188043 0.061719 0.124565
0 0.481141 0.284891 0.070844 0.127826
0 0.628852 0.533696 0.059609 0.116141
0 0.636719 0.668899 0.063281 0.127364
0 0.363766 0.664769 0.078594 0.095788
0 0.362687 0.441033 0.067750 0.121196
0 0.265898 0.177201 0.061359 0.120924
2 0.460719 0.628764 0.070781 0.132255
2 0.571688 0.724293 0.068750 0.128696
2 0.501805 0.721780 0.059641 0.118125
2 0.423273 0.758750 0.071078 0.120489
2 0.311500 0.578913 0.071438 0.134837
2 0.517484 0.383451 0.058719 0.128696
2 0.342578 0.318261 0.056719 0.112935
4 0.209961 0.269769 0.064828 0.127473
4 0.158938 0.463573 0.075000 0.131114
4 0.305563 0.893859 0.062250 0.145870
4 0.381922 0.559226 0.069437 0.095136
4 0.297258 0.422935 0.053609 0.125272
4 0.406500 0.330082 0.068281 0.108696
1 0.338438 0.157351 0.063594 0.104103
1 0.544187 0.253071 0.055656 0.105978
1 0.599422 0.376929 0.066125 0.107120
1 0.569312 0.473832 0.054188 0.100000
1 0.565312 0.600883 0.068969 0.118886
1 0.219984 0.846549 0.080469 0.134239
1 0.245773 0.675951 0.074172 0.121739
1 0.247148 0.527201 0.059172 0.120543
3 0.276297 0.304130 0.066969 0.119783
3 0.228164 0.393288 0.065141 0.125815
3 0.175891 0.591060 0.073875 0.127337
3 0.165734 0.718981 0.077656 0.128723
3 0.301719 0.751318 0.079219 0.121005
3 0.379547 0.884918 0.074094 0.136522
3 0.471672 0.864022 0.082750 0.118750
3 0.518344 0.541590 0.051875 0.127310
3 0.452063 0.507106 0.072969 0.088125
3 0.453156 0.408084 0.072344 0.100951
3 0.370719 0.228913 0.074031 0.083370
