0 0.528820 0.178791 0.062859 0.137962
0 0.430875 0.137283 0.068125 0.099946
0 0.465297 0.212772 0.061719 0.124565
0 0.500984 0.311780 0.066844 0.117201
0 0.632922 0.556168 0.059625 0.116141
0 0.637406 0.679538 0.063281 0.127337
0 0.394469 0.688696 0.080125 0.095435
0 0.395281 0.471793 0.071750 0.121196
0 0.300492 0.201630 0.064141 0.130380
2 0.479234 0.627079 0.070031 0.132255
2 0.581547 0.744986 0.068750 0.128668
2 0.521156 0.749946 0.069875 0.132283
2 0.446039 0.765856 0.071078 0.120462
2 0.344711 0.596821 0.071422 0.134837
2 0.538211 0.406372 0.059391 0.128668
2 0.373641 0.357446 0.056719 0.112935
4 0.244844 0.290666 0.064812 0.127473
4 0.206516 0.484484 0.075000 0.128804
4 0.343500 0.889457 0.064281 0.131141
4 0.410156 0.586467 0.067437 0.104728
4 0.332484 0.449701 0.053594 0.125272
4 0.432289 0.355394 0.073047 0.122908
1 0.368219 0.144864 0.063594 0.104076
1 0.568703 0.289524 0.063156 0.132147
1 0.613141 0.396114 0.070969 0.128315
1 0.579383 0.483370 0.059578 0.115435
1 0.582070 0.617174 0.067641 0.105815
1 0.271781 0.786712 0.080469 0.134239
1 0.289953 0.683098 0.074187 0.132500
1 0.288367 0.546793 0.066047 0.120543
3 0.313234 0.328166 0.066969 0.119755
3 0.267945 0.422255 0.067203 0.125815
3 0.228906 0.616685 0.073875 0.127337
3 0.221875 0.741671 0.077656 0.128723
3 0.340469 0.769035 0.079219 0.121005
3 0.410445 0.878764 0.076078 0.133723
3 0.494773 0.865190 0.082734 0.118750
3 0.532281 0.571726 0.051875 0.127310
3 0.475859 0.544389 0.072969 0.096277
3 0.476938 0.440000 0.072344 0.100978
3 0.402438 0.256889 0.074031 0.083397
