4 0.530664 0.272554 0.076047 0.107554
0 0.328641 0.283655 0.086281 0.120625
0 0.303242 0.402106 0.076953 0.138832
0 0.349688 0.506698 0.082656 0.140897
0 0.411320 0.709606 0.075422 0.128505
0 0.695156 0.472255 0.068188 0.147337
0 0.623867 0.692921 0.076516 0.150734
0 0.558500 0.642432 0.074219 0.139973
0 0.509445 0.937867 0.087609 0.124266
0 0.421570 0.953125 0.084266 0.093750
3 0.449437 0.119443 0.077094 0.108886
3 0.386813 0.205503 0.077125 0.120353
3 0.450203 0.354606 0.072969 0.128016
3 0.430172 0.473071 0.072219 0.127337
3 0.569555 0.194307 0.074859 0.133234
3 0.615391 0.271630 0.078563 0.127446
3 0.680172 0.345041 0.075125 0.121821
3 0.496078 0.578818 0.082406 0.124321
3 0.485492 0.707908 0.077016 0.148098
3 0.344906 0.768546 0.076000 0.133505
3 0.352172 0.909239 0.086563 0.138913
4 0.569656 0.513179 0.073375 0.122065
4 0.638180 0.559620 0.077641 0.146902
4 0.677312 0.807799 0.087656 0.158370
4 0.335977 0.638397 0.080453 0.144293
4 0.510867 0.343356 0.075391 0.127201
2 0.535250 0.047894 0.077000 0.095788
2 0.518617 0.157799 0.072266 0.134185
2 0.377859 0.375489 0.079750 0.142446
2 0.452297 0.840394 0.087437 0.153397
2 0.589883 0.900883 0.083328 0.164647
2 0.250805 0.654864 0.085984 0.140217
1 0.231523 0.524103 0.083891 0.118967
1 0.265648 0.800014 0.089203 0.161223
1 0.550008 0.773424 0.072047 0.143207
1 0.461852 0.231984 0.076891 0.118043
1 0.594250 0.129198 0.072219 0.118560
1 0.632594 0.426834 0.060969 0.142582
1 0.568117 0.396182 0.074359 0.136114
1 0.498719 0.460068 0.078906 0.103614
2 0.413828 0.588899 0.078125 0.127201
