0 0.469828 0.209063 0.062875 0.137962
0 0.378648 0.160584 0.068109 0.098832
0 0.414633 0.236861 0.064516 0.122092
0 0.443344 0.320611 0.069625 0.124375
0 0.563602 0.541984 0.059609 0.116141
0 0.570125 0.657079 0.063281 0.127364
0 0.348469 0.665421 0.081188 0.093560
0 0.344313 0.470000 0.071750 0.121196
0 0.257430 0.226834 0.064141 0.130408
2 0.424312 0.644280 0.070031 0.132255
2 0.516969 0.693261 0.068750 0.128696
2 0.461000 0.717677 0.069875 0.132255
2 0.391664 0.746345 0.071078 0.120462
2 0.301641 0.587785 0.071438 0.134864
2 0.474148 0.413288 0.059391 0.128696
2 0.326336 0.362432 0.057578 0.113234
4 0.210641 0.311726 0.064813 0.127473
4 0.171852 0.484891 0.075016 0.128804
4 0.299156 0.851630 0.064281 0.131141
4 0.361898 0.576427 0.067453 0.104701
4 0.288766 0.451277 0.053594 0.125272
4 0.381734 0.370842 0.064906 0.122935
1 0.318297 0.196114 0.063594 0.104076
1 0.504766 0.306834 0.063156 0.132147
1 0.546562 0.411916 0.070969 0.128288
1 0.525820 0.506386 0.059578 0.115435
1 0.516781 0.613614 0.065531 0.107989
1 0.230750 0.801617 0.080469 0.134266
1 0.248156 0.669511 0.074187 0.132500
1 0.244789 0.538125 0.066047 0.120543
3 0.270531 0.338397 0.066969 0.119783
3 0.230055 0.429049 0.067203 0.125815
3 0.193906 0.605258 0.073875 0.127310
3 0.188500 0.714538 0.077656 0.128696
3 0.297312 0.732405 0.079219 0.121005
3 0.360125 0.840951 0.078156 0.133696
3 0.440430 0.827364 0.084141 0.118750
3 0.472813 0.555177 0.051875 0.127310
3 0.419109 0.527242 0.072969 0.096277
3 0.419172 0.439416 0.072344 0.100951
3 0.352031 0.276196 0.074031 0.083370
