0 0.540125 0.088492 0.062875 0.137962
0 0.442383 0.046372 0.068109 0.091712
0 0.475938 0.113872 0.061719 0.124538
0 0.512734 0.206834 0.066844 0.117201
0 0.643797 0.458451 0.059625 0.116141
0 0.649828 0.584226 0.063281 0.127364
0 0.406469 0.581834 0.080625 0.101712
0 0.404117 0.366929 0.071766 0.121196
0 0.309742 0.094783 0.061359 0.130380
2 0.493195 0.551508 0.070016 0.132255
2 0.592750 0.641821 0.068750 0.128696
2 0.528555 0.651291 0.069859 0.132255
2 0.459289 0.673655 0.071078 0.120462
2 0.358906 0.490258 0.071438 0.134864
2 0.549305 0.314891 0.059391 0.128696
2 0.387617 0.252065 0.056703 0.112935
4 0.259094 0.190408 0.064812 0.127446
4 0.217875 0.378478 0.075000 0.128804
4 0.355883 0.781033 0.062234 0.131141
4 0.422008 0.483791 0.067453 0.104701
4 0.343750 0.347283 0.053594 0.125272
4 0.445156 0.264321 0.073062 0.108696
1 0.380625 0.081236 0.063594 0.104103
1 0.580016 0.202242 0.063156 0.132147
1 0.622117 0.311848 0.070953 0.128315
1 0.594695 0.411359 0.059578 0.115435
1 0.595164 0.530149 0.068953 0.118886
1 0.276750 0.734592 0.080469 0.134239
1 0.305242 0.595041 0.074172 0.132473
1 0.303383 0.456250 0.066047 0.120543
3 0.323203 0.224253 0.066969 0.119755
3 0.278305 0.316766 0.067203 0.125815
3 0.238906 0.503261 0.073875 0.127337
3 0.233516 0.623071 0.077656 0.128696
3 0.351719 0.651508 0.079219 0.121005
3 0.418828 0.768845 0.076094 0.133723
3 0.503617 0.755245 0.082734 0.118750
3 0.543063 0.462976 0.051875 0.127310
3 0.485359 0.436821 0.072969 0.096304
3 0.485781 0.338845 0.072344 0.100951
3 0.410219 0.158641 0.074031 0.083370
