0 0.515703 0.213193 0.062875 0.137962
0 0.423852 0.171223 0.068109 0.098859
0 0.459148 0.249851 0.064516 0.122092
0 0.490078 0.328872 0.069625 0.124375
0 0.612195 0.564443 0.059609 0.116114
0 0.618031 0.681902 0.063281 0.127337
0 0.390953 0.681970 0.081188 0.093560
0 0.388391 0.483261 0.071750 0.121196
0 0.299914 0.227418 0.064141 0.130380
2 0.474266 0.646698 0.070031 0.132255
2 0.570547 0.728628 0.068750 0.128668
2 0.506656 0.745448 0.069875 0.132255
2 0.441391 0.757568 0.071094 0.120462
2 0.346172 0.602568 0.071438 0.134864
2 0.525633 0.420082 0.059391 0.128696
2 0.374172 0.374402 0.056719 0.112935
4 0.251406 0.322976 0.064812 0.127473
4 0.216711 0.506739 0.075016 0.128804
4 0.343844 0.866984 0.064281 0.131141
4 0.403703 0.582921 0.067437 0.104701
4 0.333281 0.460136 0.053594 0.125272
4 0.429648 0.380299 0.064922 0.122935
1 0.367141 0.203954 0.063594 0.104103
1 0.555688 0.318736 0.063156 0.132147
1 0.590062 0.420788 0.070969 0.128315
1 0.573023 0.517609 0.059578 0.115435
1 0.563977 0.629035 0.067641 0.105788
1 0.280141 0.824090 0.080469 0.134266
1 0.301961 0.694334 0.074172 0.132473
1 0.292367 0.566196 0.066047 0.120543
3 0.314031 0.351399 0.066969 0.119755
3 0.271000 0.441739 0.067219 0.125815
3 0.233328 0.615883 0.073875 0.127310
3 0.229281 0.734918 0.077656 0.128696
3 0.339109 0.754266 0.079219 0.121033
3 0.404648 0.861630 0.078172 0.133696
3 0.480867 0.852174 0.084141 0.118750
3 0.518359 0.571128 0.051875 0.127310
3 0.465656 0.539660 0.072969 0.096277
3 0.465047 0.453601 0.072344 0.100951
3 0.396547 0.285054 0.074031 0.083370
