0 0.493563 0.240204 0.059594 0.106277
0 0.407461 0.204959 0.059922 0.092527
0 0.437906 0.272962 0.058125 0.111957
0 0.470211 0.352310 0.061953 0.113859
0 0.588203 0.570217 0.049844 0.102826
0 0.594484 0.680353 0.056812 0.114946
0 0.376367 0.685516 0.068359 0.082337
0 0.374648 0.497894 0.062422 0.109103
0 0.290586 0.266033 0.054922 0.114674
2 0.452172 0.650530 0.061813 0.106223
2 0.542633 0.723641 0.058984 0.096196
2 0.485187 0.736861 0.051562 0.092690
2 0.420430 0.756875 0.056328 0.102880
2 0.332156 0.609239 0.051937 0.116848
2 0.501148 0.437038 0.053078 0.107446
2 0.355406 0.398628 0.048125 0.099158
4 0.244461 0.346101 0.058578 0.110408
4 0.210586 0.516454 0.066328 0.111984
4 0.331328 0.866168 0.049844 0.116576
4 0.390898 0.598071 0.061922 0.090870
4 0.320164 0.479361 0.046703 0.111712
4 0.411570 0.400014 0.059859 0.104918
1 0.346367 0.238438 0.054297 0.098125
1 0.527742 0.336549 0.053266 0.105978
1 0.569625 0.433424 0.059906 0.083533
1 0.542469 0.518179 0.046719 0.086522
1 0.543555 0.624049 0.059922 0.095652
1 0.261664 0.822038 0.058578 0.090326
1 0.284766 0.688397 0.057969 0.093804
1 0.277602 0.565109 0.054016 0.110163
3 0.305742 0.375992 0.059297 0.111929
3 0.264000 0.458899 0.059219 0.107473
3 0.229477 0.625543 0.063109 0.111413
3 0.223531 0.733845 0.065750 0.103016
3 0.327664 0.754321 0.068141 0.104348
3 0.389867 0.855897 0.062016 0.113315
3 0.463930 0.842772 0.068266 0.093207
3 0.497797 0.578764 0.045687 0.112690
3 0.446359 0.554076 0.062250 0.083696
3 0.446648 0.470258 0.062953 0.081766
3 0.380820 0.314185 0.065859 0.081087
