0 0.642461 0.155272 0.062859 0.137989
0 0.550945 0.107935 0.068109 0.099946
0 0.583867 0.186019 0.064516 0.122092
0 0.613133 0.269226 0.066828 0.117201
0 0.739633 0.513614 0.059609 0.116141
0 0.742422 0.635802 0.063281 0.127364
0 0.514305 0.624062 0.081203 0.093560
0 0.511508 0.422147 0.071766 0.121196
0 0.424977 0.164198 0.064141 0.130408
2 0.589125 0.593003 0.070031 0.132255
2 0.686547 0.682921 0.068750 0.128668
2 0.627859 0.690476 0.069875 0.132255
2 0.558352 0.695231 0.071078 0.120462
2 0.468000 0.527514 0.071437 0.134864
2 0.647461 0.363342 0.059391 0.128696
2 0.491750 0.307038 0.056719 0.112935
4 0.375797 0.244959 0.064812 0.127473
4 0.336000 0.424592 0.075000 0.128804
4 0.464484 0.810258 0.064281 0.131114
4 0.529102 0.523818 0.067453 0.104701
4 0.457188 0.396196 0.053594 0.125272
4 0.551656 0.316467 0.064906 0.122935
1 0.484391 0.128886 0.063594 0.104076
1 0.671625 0.245666 0.063156 0.132147
1 0.714445 0.359321 0.070953 0.128315
1 0.689086 0.461168 0.059578 0.115435
1 0.690398 0.567826 0.067641 0.105815
1 0.383789 0.746073 0.080484 0.134266
1 0.415180 0.611889 0.074172 0.132473
1 0.414195 0.492011 0.066047 0.120543
3 0.438750 0.282840 0.066969 0.119755
3 0.396398 0.372609 0.067203 0.125815
3 0.357023 0.539647 0.073859 0.127337
3 0.351625 0.656332 0.077656 0.128696
3 0.461453 0.688071 0.079219 0.121033
3 0.522586 0.801943 0.076078 0.133723
3 0.605586 0.794266 0.084141 0.118750
3 0.641375 0.519130 0.051875 0.127337
3 0.589703 0.490611 0.072969 0.096277
3 0.588063 0.396264 0.072344 0.100951
3 0.520937 0.221807 0.074031 0.083397
