0 0.330891 0.230598 0.080875 0.128804
0 0.310375 0.344769 0.071531 0.131766
0 0.356797 0.442867 0.077844 0.140897
0 0.414734 0.626033 0.072719 0.126033
0 0.686961 0.400217 0.065391 0.136793
0 0.618812 0.601943 0.071844 0.140190
0 0.556844 0.555937 0.066688 0.124592
0 0.510844 0.857174 0.080219 0.155598
0 0.428711 0.887201 0.081547 0.147500
3 0.448078 0.073342 0.077094 0.108859
3 0.387492 0.147568 0.077109 0.120353
3 0.446250 0.292541 0.062781 0.129158
3 0.430844 0.404470 0.068812 0.122527
3 0.565133 0.131658 0.074859 0.133207
3 0.607930 0.203723 0.075797 0.128533
3 0.671344 0.274117 0.071062 0.121821
3 0.495398 0.500815 0.076422 0.118370
3 0.487750 0.625951 0.070219 0.126793
3 0.353883 0.683329 0.071953 0.124212
3 0.361180 0.812649 0.080578 0.129538
4 0.565273 0.441087 0.069922 0.122065
4 0.632086 0.476318 0.072922 0.128016
4 0.670859 0.712255 0.078906 0.139348
4 0.345133 0.565340 0.077016 0.125245
4 0.508289 0.283084 0.075391 0.127201
4 0.524320 0.223696 0.076047 0.107554
2 0.528445 0.022418 0.077016 0.044837
2 0.515906 0.097514 0.072281 0.134212
2 0.379758 0.312378 0.076359 0.133071
2 0.457391 0.751101 0.077937 0.134375
2 0.588711 0.799185 0.077828 0.145652
2 0.262945 0.575272 0.078453 0.135652
1 0.245102 0.457310 0.079172 0.118967
1 0.276148 0.714769 0.080422 0.148342
1 0.546750 0.681821 0.068594 0.134946
1 0.461648 0.179986 0.072859 0.118071
1 0.587461 0.070625 0.072203 0.110163
1 0.625633 0.355326 0.060984 0.134293
1 0.566062 0.328601 0.064812 0.128940
1 0.500703 0.386318 0.076844 0.103614
2 0.416578 0.511454 0.076156 0.116712
