0 0.505023 0.188818 0.064391 0.119212
0 0.410727 0.149253 0.064516 0.101005
0 0.443953 0.222310 0.058906 0.121413
0 0.480531 0.311250 0.069062 0.120109
0 0.610227 0.550353 0.057672 0.111141
0 0.618680 0.671481 0.060703 0.124755
0 0.378422 0.679946 0.075281 0.092283
0 0.374945 0.473152 0.068516 0.118750
0 0.284125 0.214932 0.057969 0.126658
2 0.461719 0.638234 0.060625 0.106141
2 0.561344 0.725204 0.059375 0.103940
2 0.496133 0.736467 0.049484 0.107717
2 0.426531 0.752649 0.056625 0.091984
2 0.327594 0.596658 0.060875 0.130326
2 0.514234 0.403533 0.054844 0.123152
2 0.356516 0.366766 0.050781 0.104620
4 0.232836 0.305503 0.062266 0.124321
4 0.194547 0.491997 0.074625 0.124810
4 0.329969 0.877079 0.051969 0.124375
4 0.393047 0.580788 0.070094 0.100815
4 0.316063 0.452486 0.053062 0.125571
4 0.416297 0.363505 0.062812 0.112500
1 0.348531 0.200421 0.055375 0.104701
1 0.541117 0.304049 0.051203 0.107120
1 0.588406 0.407880 0.056875 0.094837
1 0.557578 0.502418 0.044219 0.088859
1 0.560078 0.616875 0.057344 0.105435
1 0.249219 0.827826 0.048750 0.086576
1 0.279336 0.685897 0.060297 0.104837
1 0.276781 0.556209 0.057250 0.109538
3 0.297422 0.339253 0.061937 0.125625
3 0.254383 0.434130 0.064609 0.125761
3 0.215820 0.612908 0.068766 0.122935
3 0.209102 0.734552 0.074609 0.117582
3 0.324344 0.753886 0.073250 0.106685
3 0.394539 0.865516 0.066984 0.120978
3 0.472750 0.852826 0.073062 0.096902
3 0.510898 0.561685 0.049672 0.124185
3 0.454703 0.535109 0.070031 0.095435
3 0.453961 0.440584 0.067172 0.090136
3 0.383453 0.268804 0.070437 0.087391
