3 0.386089 0.381583 0.050146 0.089370
4 0.559742 0.308444 0.063786 0.104444
3 0.436721 0.343213 0.049297 0.086870
4 0.479180 0.308361 0.048318 0.101815
0 0.222651 0.371356 0.046375 0.072176
0 0.275799 0.399463 0.053161 0.085907
0 0.304312 0.331231 0.040594 0.083796
0 0.373901 0.313310 0.058958 0.066602
1 0.324544 0.399764 0.042526 0.073454
1 0.236440 0.426324 0.041797 0.072630
0 0.280029 0.265255 0.058953 0.049787
0 0.333966 0.255931 0.042526 0.068731
1 0.264844 0.320431 0.043490 0.082472
3 0.361820 0.236444 0.051224 0.069185
3 0.409422 0.236875 0.057990 0.071769
1 0.340638 0.330014 0.034797 0.068731
4 0.304190 0.203370 0.047359 0.068333
3 0.437313 0.958718 0.073365 0.082565
3 0.542151 0.678468 0.071521 0.115120
3 0.805865 0.906852 0.083875 0.097611
1 0.305643 0.928241 0.078203 0.108852
4 0.353237 0.696588 0.062828 0.101380
0 0.265599 0.480546 0.044865 0.087500
3 0.282352 0.577282 0.053151 0.103787
1 0.396417 0.550787 0.067271 0.092778
1 0.443424 0.584681 0.057380 0.082898
1 0.474581 0.515500 0.051755 0.100574
2 0.467716 0.421056 0.056401 0.088093
2 0.260281 0.663102 0.053354 0.096259
2 0.233268 0.511866 0.047755 0.077269
2 0.307049 0.471181 0.042339 0.089083
2 0.350760 0.495681 0.048885 0.080694
3 0.323648 0.555870 0.050516 0.094593
3 0.385518 0.634926 0.047932 0.091741
3 0.416292 0.428213 0.056219 0.088833
