3 0.383620 0.378361 0.047844 0.085259
4 0.558628 0.306954 0.063786 0.104444
3 0.434549 0.338060 0.049297 0.086861
4 0.477862 0.300750 0.048318 0.101815
0 0.219026 0.367676 0.046375 0.072185
0 0.270969 0.399463 0.053156 0.085907
0 0.301896 0.330519 0.040594 0.083796
0 0.373174 0.308801 0.058953 0.066602
1 0.323789 0.398088 0.042526 0.073454
1 0.234370 0.425403 0.041792 0.072639
0 0.278518 0.263644 0.058953 0.049787
0 0.333018 0.254810 0.042526 0.068731
1 0.262026 0.320431 0.043490 0.082472
3 0.358195 0.231935 0.051224 0.069185
3 0.405073 0.229787 0.057990 0.071759
1 0.335487 0.326856 0.034797 0.068731
4 0.301474 0.201222 0.047354 0.068333
3 0.436859 0.960963 0.072458 0.078074
3 0.541594 0.672023 0.071521 0.115120
3 0.807727 0.913245 0.083922 0.094676
1 0.307102 0.935694 0.077505 0.105500
4 0.351919 0.694245 0.062828 0.101380
0 0.263182 0.480546 0.044865 0.087500
3 0.279333 0.574440 0.053146 0.103787
1 0.394716 0.549111 0.067266 0.092778
1 0.441464 0.580921 0.055875 0.079676
1 0.472971 0.513352 0.051755 0.100574
2 0.464898 0.420343 0.056401 0.088093
2 0.257260 0.660241 0.053354 0.096259
2 0.229893 0.509968 0.047755 0.077269
2 0.305164 0.465139 0.042339 0.089074
2 0.350193 0.495009 0.048885 0.080704
3 0.322138 0.552185 0.050516 0.094593
3 0.383565 0.631454 0.047932 0.091741
3 0.415633 0.425870 0.056224 0.088833
