4 0.556453 0.345421 0.082906 0.119484
0 0.345742 0.332228 0.086328 0.126576
0 0.315977 0.464620 0.079703 0.142391
0 0.362992 0.577133 0.085391 0.140897
0 0.417250 0.806128 0.078781 0.138995
0 0.726570 0.580340 0.070953 0.150734
0 0.640727 0.809457 0.076516 0.150761
0 0.572922 0.749524 0.074219 0.139973
0 0.511484 0.990353 0.087625 0.019293
0 0.420891 0.994701 0.084281 0.010598
3 0.480758 0.160937 0.082953 0.120897
3 0.407375 0.245204 0.081281 0.124647
3 0.473586 0.424986 0.072984 0.142255
3 0.445359 0.551440 0.074594 0.140380
3 0.606609 0.265707 0.078906 0.133207
3 0.652211 0.348764 0.081266 0.137962
3 0.715758 0.433573 0.081609 0.132418
3 0.512125 0.670258 0.087312 0.136223
3 0.499891 0.808832 0.080500 0.148043
3 0.353641 0.861155 0.082719 0.148071
3 0.351219 0.963940 0.086562 0.072120
4 0.590852 0.610014 0.074141 0.143016
4 0.664305 0.668207 0.077641 0.141250
4 0.692406 0.925774 0.089031 0.148451
4 0.344250 0.718899 0.086594 0.150136
4 0.540875 0.427908 0.085125 0.140163
2 0.573766 0.084307 0.080469 0.117038
2 0.554336 0.211943 0.078047 0.141277
2 0.395328 0.439076 0.083469 0.142446
2 0.456836 0.931685 0.087422 0.136630
2 0.597898 0.965557 0.083328 0.068886
2 0.256094 0.717853 0.088437 0.150815
1 0.239930 0.580571 0.092359 0.124728
1 0.265625 0.877323 0.092500 0.161223
1 0.559117 0.883329 0.075328 0.154973
1 0.490258 0.285367 0.076891 0.129266
1 0.635875 0.187840 0.077687 0.128016
1 0.662469 0.522296 0.064313 0.146712
1 0.596984 0.479552 0.074344 0.136114
1 0.524141 0.542391 0.078906 0.116467
2 0.424539 0.678125 0.082516 0.135272
