0 0.504477 0.238641 0.066922 0.123696
0 0.415352 0.196033 0.068109 0.098859
0 0.450648 0.265231 0.064516 0.122092
0 0.481922 0.348967 0.069625 0.124402
0 0.599609 0.576277 0.058219 0.116141
0 0.610102 0.685448 0.065297 0.127364
0 0.383469 0.688478 0.081187 0.093587
0 0.381695 0.494239 0.071766 0.121196
0 0.298898 0.255190 0.064141 0.130380
2 0.463703 0.664253 0.072000 0.133397
2 0.556734 0.736726 0.068750 0.118071
2 0.499406 0.740720 0.069875 0.132255
2 0.435852 0.768166 0.064203 0.120571
2 0.344125 0.607296 0.071438 0.134864
2 0.519867 0.437826 0.059391 0.128696
2 0.364664 0.389769 0.060141 0.114103
4 0.250094 0.341889 0.060656 0.127473
4 0.211266 0.509701 0.075000 0.128804
4 0.338750 0.872908 0.064281 0.131141
4 0.401320 0.597106 0.067453 0.104701
4 0.332078 0.477269 0.053594 0.125299
4 0.421141 0.398628 0.064906 0.122908
1 0.362484 0.224293 0.063594 0.104076
1 0.550938 0.335530 0.063156 0.132147
1 0.584289 0.428465 0.070953 0.128288
1 0.563852 0.531196 0.059578 0.115435
1 0.561453 0.634253 0.065531 0.108016
1 0.274031 0.821726 0.080469 0.134266
1 0.294523 0.696698 0.074172 0.132473
1 0.291125 0.572092 0.066031 0.120543
3 0.312195 0.369063 0.066953 0.119755
3 0.270211 0.453560 0.067203 0.125815
3 0.231625 0.624171 0.073875 0.127310
3 0.226539 0.734348 0.075672 0.128696
3 0.336586 0.762948 0.078234 0.121386
3 0.399883 0.863397 0.078172 0.133696
3 0.474422 0.851549 0.078750 0.110380
3 0.509859 0.580000 0.051875 0.127337
3 0.461242 0.556793 0.068203 0.102174
3 0.460250 0.471916 0.072344 0.100951
3 0.392758 0.308628 0.074016 0.083397
