0 0.468133 0.210829 0.062859 0.137962
0 0.377289 0.170041 0.068109 0.098832
0 0.409531 0.240992 0.064500 0.122092
0 0.443516 0.321780 0.069625 0.124375
0 0.564617 0.552038 0.059609 0.116141
0 0.573187 0.663573 0.063281 0.127364
0 0.346094 0.677242 0.081187 0.093560
0 0.342953 0.481223 0.071750 0.121196
0 0.254383 0.229783 0.064141 0.130380
2 0.428734 0.644715 0.070031 0.132255
2 0.518328 0.721929 0.068750 0.128696
2 0.461344 0.732459 0.069875 0.132255
2 0.396758 0.752269 0.071078 0.120462
2 0.301438 0.597595 0.071438 0.134864
2 0.481461 0.414755 0.059391 0.128696
2 0.326594 0.375000 0.056719 0.112935
4 0.208250 0.321780 0.064813 0.127473
4 0.170492 0.499076 0.075016 0.128804
4 0.299656 0.864035 0.064281 0.131114
4 0.360539 0.579959 0.067453 0.104701
4 0.286047 0.459552 0.053594 0.125299
4 0.381734 0.378533 0.064906 0.122935
1 0.318547 0.203356 0.063594 0.104103
1 0.510203 0.314524 0.063156 0.132147
1 0.552227 0.417242 0.070953 0.128288
1 0.533602 0.506386 0.059578 0.115435
1 0.522172 0.606236 0.067656 0.105788
1 0.233922 0.821128 0.080469 0.134266
1 0.249344 0.684878 0.074187 0.132473
1 0.249437 0.558696 0.066031 0.120543
3 0.267469 0.349633 0.066969 0.119755
3 0.227391 0.434647 0.067219 0.125815
3 0.189828 0.614117 0.073875 0.127310
3 0.185109 0.727840 0.077656 0.128723
3 0.294930 0.750720 0.079234 0.121005
3 0.360805 0.853954 0.078172 0.133723
3 0.438047 0.837989 0.084125 0.118750
3 0.474859 0.566997 0.051875 0.127310
3 0.418984 0.537283 0.072969 0.096304
3 0.418141 0.448872 0.072344 0.100951
3 0.350000 0.281508 0.074031 0.083397
