4 0.511633 0.242704 0.076047 0.107527
0 0.306891 0.254647 0.086281 0.128804
0 0.283531 0.371372 0.076969 0.138832
0 0.332695 0.471236 0.082641 0.140897
0 0.391609 0.669429 0.075406 0.128478
0 0.676125 0.432079 0.068188 0.147310
0 0.604156 0.648003 0.076531 0.150734
0 0.538797 0.598709 0.074219 0.139973
0 0.493133 0.912147 0.087609 0.161467
0 0.404578 0.928003 0.084281 0.143995
3 0.429719 0.089891 0.077094 0.108859
3 0.365062 0.168845 0.077125 0.120353
3 0.429141 0.319144 0.072969 0.128016
3 0.408422 0.435245 0.072219 0.127337
3 0.550930 0.160149 0.074859 0.133234
3 0.594344 0.231495 0.079875 0.128533
3 0.660461 0.304266 0.075141 0.121793
3 0.476703 0.538628 0.082406 0.124321
3 0.469859 0.667147 0.077000 0.148098
3 0.329953 0.731304 0.076000 0.133478
3 0.334500 0.864307 0.086563 0.138940
4 0.547937 0.474185 0.069906 0.122065
4 0.619492 0.516481 0.077641 0.146875
4 0.659641 0.760516 0.087656 0.158370
4 0.318758 0.601753 0.080453 0.144321
4 0.490820 0.305543 0.075391 0.127228
2 0.512633 0.032351 0.077016 0.062690
2 0.496867 0.121155 0.072266 0.134212
2 0.357477 0.342391 0.079766 0.142446
2 0.433945 0.800204 0.087422 0.153397
2 0.572211 0.852405 0.083328 0.164647
2 0.234148 0.617636 0.085984 0.140217
1 0.213867 0.487459 0.083891 0.118940
1 0.245258 0.759823 0.089203 0.161223
1 0.530977 0.726141 0.072047 0.143207
1 0.440102 0.197120 0.076891 0.118043
1 0.573188 0.092554 0.072219 0.118533
1 0.614078 0.384280 0.060969 0.142582
1 0.548578 0.361603 0.074344 0.136087
1 0.483602 0.420774 0.078891 0.103614
2 0.395469 0.552785 0.078125 0.121386
