3 0.346352 0.286792 0.050922 0.089083
4 0.449370 0.206139 0.061812 0.086574
3 0.432911 0.286171 0.049302 0.086861
4 0.371432 0.227380 0.057802 0.101815
0 0.113687 0.289380 0.046375 0.090667
0 0.162719 0.340968 0.053156 0.090917
0 0.207477 0.269481 0.058620 0.071981
0 0.390161 0.525542 0.052698 0.074880
1 0.170638 0.613056 0.053495 0.088315
1 0.123255 0.368759 0.041792 0.086130
0 0.160070 0.206718 0.049286 0.058361
0 0.219872 0.201356 0.042526 0.068731
1 0.157294 0.277319 0.043495 0.082472
3 0.258297 0.158727 0.050292 0.065843
3 0.300130 0.142634 0.057990 0.071769
1 0.256258 0.502190 0.052099 0.093454
4 0.188307 0.119977 0.056417 0.079009
4 0.431628 0.570366 0.049245 0.085861
2 0.408164 0.369579 0.044505 0.090824
1 0.296951 0.274000 0.038849 0.087574
3 0.395706 0.430528 0.053974 0.085852
3 0.475378 0.902028 0.059661 0.104352
4 0.265630 0.637296 0.063458 0.087574
1 0.364182 0.578282 0.048271 0.094269
1 0.234841 0.901046 0.077630 0.114407
3 0.394935 0.972037 0.065453 0.055926
3 0.505888 0.661519 0.065203 0.107259
3 0.393940 0.635958 0.049755 0.093250
3 0.738818 0.954444 0.084323 0.091111
1 0.227669 0.939120 0.076099 0.121759
4 0.340956 0.520380 0.062828 0.101389
0 0.260299 0.389491 0.050599 0.094222
3 0.548602 0.444060 0.058828 0.110269
1 0.477997 0.609847 0.048141 0.083898
1 0.446654 0.693273 0.055245 0.094769
1 0.457518 0.387782 0.049474 0.094491
2 0.388432 0.315352 0.050979 0.086778
2 0.155367 0.436671 0.049984 0.079361
2 0.247638 0.275116 0.050172 0.078806
2 0.281091 0.208162 0.045453 0.075731
2 0.443753 0.488667 0.059745 0.095704
3 0.317357 0.521597 0.059016 0.099491
3 0.445026 0.489875 0.063313 0.103065
3 0.348773 0.383398 0.056224 0.088833
