3 0.430432 0.242681 0.052781 0.089083
4 0.543182 0.148222 0.061812 0.086574
3 0.524112 0.222407 0.049297 0.086870
4 0.464844 0.150713 0.057802 0.101815
0 0.210479 0.231843 0.046375 0.090667
0 0.269219 0.266630 0.053156 0.085907
0 0.296352 0.189653 0.055286 0.083787
0 0.476544 0.411991 0.060526 0.080241
1 0.260977 0.497708 0.049432 0.089194
1 0.219404 0.296306 0.041797 0.086130
0 0.258466 0.136125 0.049286 0.058361
0 0.303648 0.118431 0.042526 0.068731
1 0.249013 0.197278 0.043495 0.082481
3 0.336930 0.088491 0.051224 0.069185
3 0.393474 0.061208 0.057990 0.071769
1 0.343677 0.391338 0.045448 0.095139
4 0.285216 0.055519 0.056411 0.075685
4 0.505208 0.466833 0.049240 0.085852
2 0.516221 0.318500 0.044505 0.093315
1 0.391570 0.199157 0.045453 0.099333
3 0.489297 0.338718 0.053979 0.085861
3 0.461003 0.819537 0.059661 0.102519
4 0.348289 0.518630 0.071974 0.112796
1 0.446576 0.471046 0.047734 0.094278
1 0.293484 0.727556 0.073865 0.121204
3 0.594784 0.584380 0.065203 0.107259
3 0.489115 0.543870 0.052865 0.096370
3 0.847284 0.912523 0.084318 0.127824
1 0.227669 0.939120 0.076099 0.121759
4 0.340956 0.520380 0.062828 0.101389
0 0.353435 0.273403 0.048359 0.091435
3 0.642583 0.346444 0.058833 0.110259
1 0.570430 0.514731 0.048141 0.083907
1 0.525956 0.580162 0.055245 0.094769
1 0.559354 0.332398 0.051865 0.097759
2 0.470508 0.252917 0.053891 0.086778
2 0.261904 0.344278 0.059964 0.096259
2 0.336237 0.206963 0.051734 0.081630
2 0.379984 0.170097 0.047073 0.078528
2 0.443753 0.488667 0.059745 0.095704
3 0.404143 0.405708 0.059016 0.099491
3 0.539461 0.412051 0.063307 0.103065
3 0.437685 0.290870 0.056224 0.088833
