3 0.405654 0.200259 0.057568 0.089074
4 0.545255 0.134259 0.061813 0.086574
3 0.455315 0.213569 0.049297 0.086861
4 0.465177 0.130824 0.051813 0.101815
0 0.207635 0.208611 0.046375 0.090667
0 0.260695 0.244407 0.053161 0.085907
0 0.291672 0.173014 0.055281 0.083787
0 0.347125 0.245014 0.065000 0.083306
1 0.308201 0.363454 0.043745 0.079944
1 0.219404 0.264069 0.041797 0.086120
0 0.255628 0.108856 0.049286 0.058361
0 0.303648 0.112194 0.042526 0.068722
1 0.244333 0.164005 0.043490 0.082472
3 0.338794 0.068602 0.051224 0.069185
3 0.394182 0.051111 0.057990 0.071759
1 0.322214 0.275944 0.045448 0.095148
4 0.285216 0.042259 0.056411 0.075685
4 0.401987 0.365954 0.049245 0.085852
2 0.505232 0.285000 0.044505 0.100778
3 0.598060 0.586292 0.065203 0.097194
3 0.485172 0.522986 0.071521 0.115120
3 0.847930 0.915898 0.084318 0.121074
1 0.227669 0.939120 0.076099 0.121759
4 0.340956 0.520380 0.062828 0.101389
0 0.270323 0.306889 0.044865 0.087500
3 0.647185 0.344181 0.053151 0.110269
1 0.562904 0.495426 0.048141 0.083907
1 0.527810 0.568968 0.055245 0.094769
1 0.552451 0.299995 0.059057 0.107583
2 0.461891 0.245375 0.057625 0.086787
2 0.226240 0.402176 0.053354 0.096259
2 0.301740 0.227375 0.055812 0.088880
2 0.347586 0.206769 0.051224 0.085704
2 0.443753 0.488667 0.059745 0.095704
3 0.353320 0.416190 0.059016 0.099491
3 0.539237 0.382847 0.060901 0.099083
3 0.411935 0.267236 0.056224 0.088824
