0 0.528594 0.150978 0.066000 0.109511
0 0.433875 0.115231 0.068125 0.095462
0 0.466594 0.186345 0.057938 0.124538
0 0.502461 0.265978 0.070859 0.127826
0 0.636891 0.490082 0.058656 0.119239
0 0.647156 0.612704 0.063281 0.129321
0 0.404891 0.621359 0.078469 0.095815
0 0.400164 0.417582 0.067734 0.121196
0 0.307875 0.179103 0.061375 0.122880
2 0.486406 0.588560 0.076187 0.121848
2 0.590547 0.662677 0.068750 0.110734
2 0.526406 0.677065 0.057344 0.118098
2 0.455047 0.703505 0.071719 0.121359
2 0.353406 0.542106 0.062562 0.127473
2 0.537859 0.355122 0.055938 0.113614
2 0.379797 0.309090 0.052469 0.102527
4 0.255211 0.268546 0.065141 0.127473
4 0.217281 0.441997 0.073406 0.121495
4 0.352781 0.817704 0.056781 0.129321
4 0.420344 0.523410 0.069437 0.100299
4 0.339469 0.397147 0.053594 0.123315
4 0.438609 0.316332 0.068062 0.111033
1 0.370516 0.164660 0.063594 0.104103
1 0.567688 0.256603 0.055656 0.105978
1 0.610328 0.349484 0.062563 0.100217
1 0.584969 0.431753 0.054656 0.092799
1 0.589305 0.558193 0.066953 0.101929
1 0.273852 0.770571 0.058422 0.094402
1 0.301102 0.633247 0.073359 0.107853
1 0.299500 0.488207 0.056406 0.113696
3 0.320477 0.296916 0.066953 0.118940
3 0.278414 0.381712 0.065141 0.126413
3 0.238406 0.554049 0.072062 0.120163
3 0.232703 0.677432 0.077656 0.122201
3 0.349781 0.694851 0.079219 0.116766
3 0.420781 0.806413 0.073937 0.130978
3 0.503437 0.789049 0.076719 0.104891
3 0.536438 0.512799 0.051875 0.130326
3 0.479734 0.486087 0.072969 0.088098
3 0.478734 0.395802 0.072344 0.089647
3 0.406148 0.224647 0.074141 0.083370
