3 0.350896 0.201944 0.050917 0.089074
4 0.448917 0.131796 0.061812 0.086574
3 0.445185 0.191630 0.049297 0.086870
4 0.371052 0.156130 0.057802 0.101815
0 0.114448 0.225407 0.046375 0.090667
0 0.181661 0.252083 0.053156 0.090926
0 0.226794 0.122009 0.058620 0.071981
0 0.401240 0.424032 0.052698 0.074880
1 0.185789 0.525519 0.053495 0.088315
1 0.136510 0.295352 0.041792 0.086130
0 0.171435 0.125903 0.049286 0.058361
0 0.209643 0.177116 0.042526 0.068731
1 0.156156 0.187088 0.043490 0.082472
3 0.246932 0.065292 0.050292 0.065843
3 0.298427 0.072940 0.057990 0.071769
1 0.262698 0.407241 0.052094 0.093463
4 0.195000 0.057792 0.056417 0.079009
4 0.436930 0.492255 0.049245 0.085861
2 0.435440 0.279694 0.044495 0.084796
1 0.312859 0.166926 0.038854 0.087574
3 0.406753 0.357056 0.053974 0.085852
3 0.475378 0.902028 0.059661 0.104352
4 0.267714 0.534935 0.063458 0.087574
1 0.372823 0.508384 0.048271 0.094269
1 0.240143 0.813505 0.077630 0.114398
3 0.404596 0.906861 0.065453 0.097389
3 0.513086 0.594176 0.065203 0.107259
3 0.403029 0.566060 0.049755 0.093250
3 0.749039 0.865556 0.091130 0.103241
1 0.227669 0.939120 0.076099 0.121759
4 0.340956 0.520380 0.062828 0.101389
0 0.276789 0.315759 0.040349 0.104296
3 0.554227 0.345880 0.058828 0.110259
1 0.482539 0.537120 0.048141 0.083907
1 0.454607 0.612458 0.055245 0.094769
1 0.484789 0.300912 0.049474 0.094491
2 0.504859 0.274218 0.050979 0.086787
2 0.184534 0.361921 0.049984 0.079361
2 0.247638 0.192292 0.050172 0.078806
2 0.287911 0.137449 0.045458 0.075731
2 0.443753 0.488667 0.059745 0.095704
3 0.324174 0.441801 0.059016 0.099491
3 0.455443 0.413616 0.063313 0.103065
3 0.355591 0.258144 0.056224 0.088824
