0 0.506656 0.238641 0.066906 0.123696
0 0.418070 0.196033 0.068109 0.098859
0 0.451820 0.265231 0.064516 0.122092
0 0.484250 0.348967 0.069625 0.124402
0 0.601547 0.576943 0.058219 0.116114
0 0.611914 0.685448 0.065297 0.127364
0 0.388414 0.687622 0.081203 0.093560
0 0.385617 0.494239 0.071766 0.121196
0 0.301008 0.254158 0.064141 0.130380
2 0.464477 0.664253 0.072016 0.133397
2 0.558297 0.736726 0.068750 0.118071
2 0.501344 0.742079 0.069875 0.132255
2 0.437828 0.768166 0.064187 0.120571
2 0.346063 0.607976 0.071438 0.134864
2 0.521336 0.437826 0.059391 0.128696
2 0.367680 0.389253 0.060141 0.114103
4 0.254625 0.340313 0.060656 0.127473
4 0.215797 0.509158 0.075000 0.128804
4 0.341766 0.872908 0.064281 0.131141
4 0.405500 0.596753 0.067438 0.104701
4 0.333062 0.477269 0.053594 0.125299
4 0.424766 0.398628 0.064906 0.122908
1 0.361328 0.223628 0.063594 0.104103
1 0.551547 0.335014 0.063156 0.132147
1 0.585070 0.428465 0.070953 0.128288
1 0.565398 0.531196 0.059578 0.115435
1 0.561945 0.633832 0.065516 0.107989
1 0.275281 0.821726 0.080469 0.134266
1 0.295023 0.696698 0.074172 0.132473
1 0.292031 0.572092 0.066031 0.120543
3 0.316000 0.366535 0.066969 0.119755
3 0.272023 0.453560 0.067203 0.125815
3 0.234344 0.624171 0.073875 0.127310
3 0.228164 0.734348 0.075672 0.128696
3 0.335617 0.762595 0.076297 0.122092
3 0.402305 0.863397 0.078172 0.133696
3 0.476547 0.851549 0.078750 0.110380
3 0.511969 0.580000 0.051875 0.127337
3 0.463961 0.556793 0.068203 0.102174
3 0.462234 0.471916 0.072344 0.100951
3 0.394703 0.307283 0.074031 0.083370
