3 0.388039 0.200259 0.057568 0.089074
4 0.548099 0.127528 0.061813 0.086574
3 0.443102 0.190843 0.049297 0.086870
4 0.465927 0.130824 0.050313 0.101815
0 0.207229 0.205292 0.046375 0.090657
0 0.259479 0.241231 0.053156 0.085907
0 0.291003 0.170639 0.055286 0.083796
0 0.349763 0.219764 0.065005 0.083306
1 0.337143 0.393759 0.043745 0.079944
1 0.219404 0.259463 0.041797 0.086130
0 0.255221 0.104958 0.049286 0.058361
0 0.303648 0.111301 0.042526 0.068731
1 0.243664 0.159250 0.043495 0.082481
3 0.339060 0.065759 0.051224 0.069185
3 0.394286 0.049667 0.057990 0.071759
1 0.315583 0.257218 0.045448 0.095139
4 0.285216 0.040366 0.056411 0.075676
4 0.387784 0.338755 0.049245 0.085861
2 0.503661 0.280213 0.044510 0.101852
3 0.604958 0.584130 0.065198 0.097185
3 0.490284 0.518949 0.071516 0.115120
3 0.853927 0.915898 0.084323 0.121074
1 0.227669 0.939120 0.076099 0.121759
4 0.340956 0.520380 0.062828 0.101389
0 0.264380 0.308954 0.044865 0.087500
3 0.656924 0.341296 0.053151 0.110259
1 0.566596 0.490880 0.048141 0.083907
1 0.532354 0.559375 0.055250 0.094769
1 0.551466 0.295361 0.060078 0.108981
2 0.459760 0.252111 0.057625 0.086778
2 0.236656 0.439769 0.053354 0.096259
2 0.274755 0.273255 0.055813 0.088880
2 0.325430 0.262829 0.051224 0.085713
2 0.443753 0.488667 0.059745 0.095704
3 0.346060 0.417681 0.059016 0.099491
3 0.546984 0.378023 0.057281 0.093120
3 0.407674 0.254611 0.056224 0.088833
