0 0.537117 0.088492 0.062859 0.137962
0 0.438156 0.046916 0.068125 0.091712
0 0.474094 0.119280 0.061719 0.124538
0 0.510500 0.208954 0.066844 0.117201
0 0.641211 0.460897 0.059609 0.116141
0 0.647469 0.584742 0.063281 0.127364
0 0.404875 0.583302 0.080625 0.101712
0 0.401883 0.368614 0.071766 0.121196
0 0.308047 0.097989 0.061375 0.130380
2 0.489430 0.553329 0.070016 0.132255
2 0.590031 0.637826 0.068750 0.128696
2 0.526437 0.648139 0.069875 0.132255
2 0.457930 0.673655 0.071078 0.120462
2 0.356172 0.492283 0.071438 0.134837
2 0.547492 0.314891 0.059391 0.128696
2 0.384156 0.253478 0.056719 0.112935
4 0.255875 0.199769 0.064812 0.127473
4 0.214766 0.381359 0.075000 0.128804
4 0.352969 0.783750 0.062250 0.131141
4 0.421617 0.487514 0.067453 0.104701
4 0.342063 0.349647 0.053594 0.125272
4 0.441805 0.267935 0.073047 0.108696
1 0.378891 0.080421 0.063594 0.104103
1 0.578812 0.202242 0.063156 0.132147
1 0.619039 0.308696 0.070953 0.128315
1 0.591773 0.406984 0.059578 0.115435
1 0.591398 0.529062 0.068953 0.118886
1 0.276750 0.734918 0.080469 0.134239
1 0.304570 0.595041 0.074172 0.132473
1 0.301648 0.457092 0.066047 0.120543
3 0.321164 0.229660 0.066953 0.119755
3 0.276781 0.326386 0.067219 0.125815
3 0.235836 0.506916 0.073859 0.127310
3 0.231672 0.624429 0.077656 0.128696
3 0.349875 0.654552 0.079219 0.121005
3 0.417016 0.773573 0.076094 0.133723
3 0.501305 0.756902 0.082734 0.118750
3 0.539766 0.465937 0.051875 0.127310
3 0.482641 0.441549 0.072969 0.096304
3 0.482719 0.338927 0.072344 0.100951
3 0.409750 0.163220 0.074031 0.083397
