0 0.511273 0.239823 0.066922 0.123723
0 0.423164 0.200761 0.068109 0.098859
0 0.458125 0.272323 0.064500 0.122092
0 0.488031 0.351332 0.069625 0.124402
0 0.605727 0.577446 0.058234 0.116141
0 0.612594 0.688995 0.065312 0.127337
0 0.388227 0.690842 0.081203 0.093587
0 0.387133 0.495408 0.071766 0.121196
0 0.302289 0.257568 0.064141 0.130408
2 0.475258 0.663071 0.072016 0.133370
2 0.558094 0.739090 0.068750 0.118071
2 0.503484 0.744266 0.069875 0.132283
2 0.438937 0.769361 0.064187 0.120571
2 0.348875 0.608478 0.071438 0.134837
2 0.523945 0.440190 0.059391 0.128696
2 0.373273 0.395285 0.060141 0.114103
4 0.254172 0.335965 0.060656 0.127473
4 0.218750 0.504973 0.075000 0.128804
4 0.344187 0.875272 0.064281 0.131141
4 0.414914 0.601834 0.067453 0.104701
4 0.336336 0.479647 0.053609 0.125272
4 0.427937 0.399810 0.064906 0.122935
1 0.368172 0.225231 0.063594 0.104103
1 0.553359 0.336970 0.063156 0.132147
1 0.589727 0.430829 0.070953 0.128288
1 0.568602 0.533560 0.059578 0.115435
1 0.560961 0.634687 0.065516 0.108016
1 0.283547 0.822908 0.080469 0.134239
1 0.294039 0.696698 0.074172 0.132473
1 0.299281 0.571712 0.066031 0.120543
3 0.317086 0.372677 0.066953 0.119755
3 0.273719 0.455924 0.067219 0.125815
3 0.235031 0.626535 0.073875 0.127310
3 0.231977 0.734348 0.075672 0.128696
3 0.340469 0.764307 0.079219 0.121005
3 0.403961 0.864592 0.078172 0.133696
3 0.480547 0.853913 0.078750 0.110380
3 0.515297 0.582962 0.051875 0.127337
3 0.463961 0.557962 0.068203 0.102174
3 0.463344 0.472514 0.072344 0.100951
3 0.397906 0.306943 0.074031 0.083397
