0 0.512648 0.223274 0.062859 0.123723
0 0.425211 0.177717 0.068109 0.098859
0 0.456094 0.246889 0.064500 0.122092
0 0.487687 0.327106 0.069625 0.124375
0 0.603344 0.560312 0.058219 0.116114
0 0.612266 0.669375 0.063281 0.127337
0 0.387891 0.667201 0.081188 0.093587
0 0.388711 0.476114 0.071766 0.121196
0 0.302977 0.239837 0.064141 0.130380
2 0.470500 0.644158 0.072000 0.133370
2 0.561156 0.721943 0.068750 0.118071
2 0.499742 0.729198 0.069859 0.132255
2 0.440984 0.749253 0.064187 0.120571
2 0.344125 0.595462 0.071438 0.134837
2 0.521227 0.429538 0.059391 0.128696
2 0.371148 0.376128 0.060141 0.114103
4 0.254922 0.323071 0.060656 0.127446
4 0.218297 0.491957 0.075000 0.128804
4 0.343500 0.849266 0.064281 0.131141
4 0.405023 0.581318 0.067453 0.104701
4 0.332937 0.460734 0.053594 0.125272
4 0.425227 0.379117 0.064922 0.122908
1 0.362687 0.219769 0.063594 0.104103
1 0.550188 0.331644 0.063156 0.132147
1 0.592445 0.427283 0.070953 0.128315
1 0.567930 0.512283 0.059578 0.115435
1 0.564070 0.618478 0.065516 0.107989
1 0.268594 0.802813 0.080469 0.134266
1 0.295391 0.670707 0.074187 0.132500
1 0.289320 0.548451 0.066047 0.120543
3 0.315047 0.351807 0.066969 0.119755
3 0.275648 0.436630 0.067203 0.125815
3 0.237063 0.599334 0.073875 0.127310
3 0.231977 0.713071 0.075672 0.128696
3 0.343359 0.739198 0.079219 0.121005
3 0.401250 0.840938 0.078156 0.133723
3 0.477148 0.830272 0.078766 0.110380
3 0.513719 0.564633 0.051875 0.127310
3 0.461234 0.540625 0.068219 0.102174
3 0.464016 0.449062 0.072344 0.100951
3 0.397227 0.288030 0.074016 0.083397
