0 0.527813 0.227935 0.063625 0.109511
0 0.439484 0.188886 0.068125 0.094076
0 0.473719 0.258220 0.061719 0.124538
0 0.504625 0.339416 0.062062 0.106603
0 0.625281 0.560000 0.059625 0.116141
0 0.635016 0.677473 0.063281 0.127337
0 0.409297 0.676155 0.080625 0.101712
0 0.404680 0.481440 0.071766 0.121196
0 0.318484 0.245707 0.061375 0.120924
2 0.486875 0.643383 0.070781 0.132255
2 0.579414 0.720598 0.068734 0.128696
2 0.522844 0.726535 0.069875 0.132255
2 0.454078 0.751671 0.071094 0.120462
2 0.359875 0.589946 0.071438 0.134837
2 0.537109 0.428954 0.058719 0.128668
2 0.385781 0.372500 0.056719 0.112935
4 0.273766 0.331291 0.064812 0.127473
4 0.238406 0.499891 0.075000 0.131141
4 0.358242 0.858397 0.062234 0.145870
4 0.424320 0.583451 0.069422 0.095109
4 0.353461 0.466902 0.053609 0.125272
4 0.444570 0.379158 0.073047 0.108696
1 0.378781 0.223302 0.063594 0.104103
1 0.560156 0.328356 0.063156 0.132147
1 0.602297 0.411332 0.070969 0.128315
1 0.577102 0.502038 0.059578 0.115435
1 0.578484 0.608723 0.068969 0.118859
1 0.286516 0.813628 0.080469 0.134266
1 0.309664 0.668927 0.074172 0.132473
1 0.305797 0.553478 0.066031 0.120543
3 0.331867 0.355258 0.066953 0.119755
3 0.291383 0.441168 0.067203 0.125815
3 0.252805 0.607812 0.073859 0.127310
3 0.243438 0.725489 0.077656 0.128696
3 0.358297 0.746427 0.079219 0.121005
3 0.420641 0.854171 0.076094 0.136549
3 0.499023 0.838886 0.082734 0.118750
3 0.533813 0.566997 0.051875 0.127310
3 0.481453 0.537880 0.072969 0.096304
3 0.481016 0.453302 0.072344 0.100951
3 0.411844 0.292160 0.074031 0.083397
