0 0.537797 0.232147 0.062875 0.123696
0 0.452055 0.192500 0.068109 0.098859
0 0.484633 0.260489 0.064516 0.122120
0 0.513859 0.344823 0.069625 0.124375
0 0.633602 0.565625 0.059609 0.116141
0 0.638094 0.684266 0.063281 0.127337
0 0.417453 0.682568 0.081187 0.093560
0 0.417711 0.482418 0.071766 0.121196
0 0.333555 0.246929 0.064141 0.130380
2 0.492477 0.653220 0.072016 0.133397
2 0.583578 0.730204 0.068750 0.118071
2 0.528859 0.742296 0.069875 0.132255
2 0.462703 0.752215 0.066281 0.121766
2 0.369953 0.599008 0.071438 0.134864
2 0.543430 0.427582 0.059391 0.128696
2 0.397969 0.382677 0.060125 0.114103
4 0.284078 0.328872 0.060656 0.127473
4 0.247977 0.501413 0.075016 0.128804
4 0.373406 0.865815 0.064281 0.131141
4 0.432586 0.588845 0.067453 0.104701
4 0.363523 0.467826 0.053609 0.125272
4 0.454453 0.395082 0.064906 0.122935
1 0.387531 0.218709 0.063594 0.104103
1 0.571031 0.329878 0.063156 0.132147
1 0.606719 0.427880 0.070969 0.128315
1 0.581523 0.518995 0.059578 0.115435
1 0.584750 0.625231 0.065531 0.108016
1 0.289656 0.812255 0.080469 0.134239
1 0.317141 0.678383 0.074188 0.132473
1 0.315477 0.558505 0.066047 0.120543
3 0.345633 0.362432 0.066953 0.119755
3 0.303281 0.439375 0.067219 0.125815
3 0.268328 0.617079 0.073875 0.127310
3 0.258859 0.724891 0.077656 0.128696
3 0.371062 0.751318 0.079219 0.121005
3 0.431148 0.861046 0.078172 0.133723
3 0.505703 0.844457 0.078750 0.110380
3 0.542484 0.578424 0.051875 0.127337
3 0.491820 0.549674 0.068203 0.102174
3 0.491203 0.464823 0.072344 0.100951
3 0.424422 0.299837 0.074031 0.083370
