0 0.538625 0.146182 0.063625 0.109538
0 0.447867 0.102582 0.068109 0.094076
0 0.480484 0.169226 0.061719 0.124538
0 0.516883 0.258587 0.070859 0.127826
0 0.647117 0.479035 0.059609 0.116114
0 0.658219 0.603003 0.063281 0.127364
0 0.413852 0.599878 0.080641 0.101712
0 0.412320 0.394239 0.071766 0.121196
0 0.320273 0.155326 0.061359 0.120924
2 0.503016 0.570394 0.070781 0.132255
2 0.595641 0.654402 0.068750 0.128696
2 0.537031 0.663016 0.069875 0.132283
2 0.466539 0.680910 0.071078 0.120462
2 0.370563 0.515448 0.071437 0.134864
2 0.553594 0.339416 0.058719 0.128668
2 0.392953 0.287527 0.056719 0.112935
4 0.269430 0.242595 0.064828 0.127473
4 0.228328 0.417948 0.075000 0.131114
4 0.359602 0.803424 0.062234 0.145870
4 0.434383 0.503383 0.069422 0.095136
4 0.351219 0.373519 0.053594 0.125299
4 0.454227 0.303832 0.073047 0.108696
1 0.383906 0.128682 0.063594 0.104103
1 0.585562 0.247133 0.063156 0.133234
1 0.630945 0.342541 0.070953 0.128288
1 0.596898 0.425326 0.059578 0.115435
1 0.602781 0.534986 0.068969 0.118886
1 0.284938 0.759226 0.080469 0.134266
1 0.309617 0.599688 0.074172 0.132473
1 0.310055 0.470190 0.066047 0.120543
3 0.332383 0.277378 0.066953 0.119755
3 0.288922 0.355027 0.067219 0.125815
3 0.246492 0.529443 0.073859 0.127310
3 0.239937 0.653573 0.077656 0.128723
3 0.361258 0.677310 0.079234 0.121033
3 0.428797 0.787989 0.076094 0.136522
3 0.513680 0.777011 0.082734 0.118750
3 0.549687 0.486617 0.051875 0.127310
3 0.492734 0.458288 0.072969 0.096304
3 0.488828 0.366508 0.072344 0.100951
3 0.421133 0.218288 0.074016 0.083370
