0 0.524445 0.206780 0.063609 0.109538
0 0.440297 0.174348 0.068125 0.094076
0 0.470609 0.232432 0.061719 0.124538
0 0.504367 0.308899 0.068328 0.114755
0 0.622844 0.507799 0.059625 0.116141
0 0.630094 0.621617 0.063281 0.127364
0 0.410844 0.621698 0.080625 0.101712
0 0.405555 0.441821 0.071766 0.121196
0 0.326937 0.221291 0.061375 0.120951
2 0.486156 0.590340 0.070781 0.132255
2 0.578070 0.666617 0.068734 0.128668
2 0.526328 0.670679 0.069875 0.132283
2 0.460883 0.685285 0.071078 0.120462
2 0.364859 0.543247 0.071438 0.134864
2 0.536266 0.389348 0.058719 0.128696
2 0.387313 0.338152 0.056719 0.112935
4 0.278531 0.301617 0.064812 0.127473
4 0.239906 0.459579 0.075000 0.131114
4 0.359898 0.808505 0.062234 0.145870
4 0.424391 0.537813 0.069437 0.095136
4 0.353750 0.422188 0.053594 0.125299
4 0.444977 0.342853 0.073047 0.108696
1 0.385234 0.185027 0.063594 0.104076
1 0.565141 0.278125 0.063156 0.133261
1 0.600914 0.388913 0.070953 0.128315
1 0.576227 0.453424 0.059578 0.115435
1 0.579812 0.567799 0.068969 0.118859
1 0.290203 0.759198 0.080469 0.134266
1 0.311992 0.624552 0.074172 0.132473
1 0.313977 0.510734 0.066047 0.120543
3 0.336867 0.327188 0.066953 0.119755
3 0.295125 0.402826 0.067219 0.125815
3 0.257453 0.561508 0.073875 0.127310
3 0.250797 0.670353 0.077656 0.128696
3 0.357484 0.689973 0.079219 0.121033
3 0.421445 0.795217 0.076078 0.136522
3 0.501445 0.777853 0.082734 0.118750
3 0.535172 0.520598 0.051875 0.127337
3 0.479594 0.496304 0.072969 0.096304
3 0.480937 0.414062 0.072344 0.100951
3 0.414469 0.267364 0.074031 0.083370
