4 0.534062 0.287908 0.074688 0.105163
0 0.330687 0.293696 0.086281 0.120652
0 0.303922 0.422201 0.076969 0.138859
0 0.352406 0.525611 0.082656 0.140897
0 0.413367 0.730503 0.075422 0.128505
0 0.699906 0.489986 0.068187 0.147310
0 0.625227 0.711834 0.076516 0.150734
0 0.559187 0.657813 0.074219 0.139973
0 0.511484 0.950476 0.087625 0.099049
0 0.421117 0.966291 0.084266 0.067418
3 0.454188 0.131236 0.077094 0.112473
3 0.389531 0.214959 0.077125 0.120353
3 0.452922 0.367609 0.072969 0.127989
3 0.432211 0.494348 0.072234 0.127337
3 0.573969 0.209280 0.074875 0.133234
3 0.620141 0.286997 0.078562 0.127418
3 0.685609 0.362785 0.075125 0.121821
3 0.499477 0.595313 0.082422 0.136223
3 0.488438 0.731549 0.077000 0.148098
3 0.350039 0.789226 0.082734 0.133505
3 0.354203 0.923424 0.086562 0.138913
4 0.570344 0.530897 0.073375 0.129185
4 0.643617 0.579715 0.077641 0.146875
4 0.682750 0.829090 0.087656 0.158342
4 0.337844 0.653750 0.083531 0.144293
4 0.516305 0.357609 0.079484 0.131848
2 0.538648 0.052622 0.077016 0.105245
2 0.526773 0.168437 0.072266 0.134212
2 0.379898 0.389674 0.079766 0.142446
2 0.452977 0.859307 0.087422 0.153397
2 0.593273 0.917785 0.083328 0.158288
2 0.255555 0.666087 0.085984 0.150815
1 0.234242 0.535924 0.086609 0.118967
1 0.267008 0.815367 0.089203 0.161223
1 0.554086 0.795856 0.072047 0.154973
1 0.465469 0.248152 0.076906 0.118043
1 0.600375 0.138655 0.072219 0.118560
1 0.634859 0.448111 0.060969 0.142582
1 0.570836 0.412731 0.074359 0.136114
1 0.504844 0.475448 0.078906 0.103614
2 0.416547 0.606617 0.078125 0.127201
