4 0.527492 0.267038 0.076047 0.107554
0 0.325586 0.278927 0.086266 0.120625
0 0.300180 0.395611 0.076953 0.138832
0 0.347992 0.502554 0.082641 0.140924
0 0.407242 0.704878 0.075422 0.128505
0 0.693117 0.468709 0.068172 0.147310
0 0.620469 0.684647 0.076531 0.150761
0 0.555781 0.633573 0.074219 0.139973
0 0.507406 0.932554 0.087625 0.134891
0 0.419875 0.949864 0.084281 0.100272
3 0.446719 0.112948 0.077094 0.108886
3 0.384094 0.200177 0.077125 0.120353
3 0.446813 0.347514 0.072969 0.128016
3 0.426094 0.461250 0.072219 0.127337
3 0.566492 0.188410 0.074859 0.133234
3 0.612672 0.264538 0.078562 0.127446
3 0.678133 0.332052 0.075141 0.121821
3 0.492000 0.569361 0.082406 0.124321
3 0.484812 0.698451 0.077000 0.148098
3 0.343211 0.760258 0.076016 0.133505
3 0.349453 0.898601 0.086563 0.138940
4 0.565430 0.507867 0.071641 0.122038
4 0.636820 0.550163 0.077641 0.146902
4 0.673578 0.799538 0.087656 0.158370
4 0.333937 0.631304 0.080469 0.144293
4 0.508148 0.336264 0.075391 0.127201
2 0.531172 0.044348 0.077000 0.083967
2 0.516578 0.154851 0.072281 0.134212
2 0.374461 0.368397 0.079766 0.142446
2 0.448211 0.838030 0.087422 0.153397
2 0.586133 0.893193 0.083328 0.164647
2 0.249445 0.643043 0.085984 0.140217
1 0.232211 0.514647 0.083891 0.118967
1 0.262250 0.786997 0.089187 0.161223
1 0.545930 0.764565 0.072047 0.143207
1 0.459805 0.222527 0.076891 0.118043
1 0.591531 0.125652 0.072219 0.118533
1 0.628180 0.420924 0.060984 0.142609
1 0.565063 0.389688 0.074344 0.136114
1 0.497031 0.452391 0.078906 0.103641
2 0.412469 0.581807 0.078125 0.127201
