0 0.534781 0.161141 0.063625 0.109511
0 0.431672 0.115557 0.068125 0.095462
0 0.467000 0.196617 0.061719 0.124538
0 0.508156 0.288723 0.070844 0.127826
0 0.661477 0.552622 0.059609 0.116114
0 0.672063 0.696087 0.063281 0.127337
0 0.390266 0.690774 0.078594 0.095788
0 0.388516 0.456413 0.067750 0.121196
0 0.288328 0.181929 0.061375 0.120924
2 0.487562 0.653220 0.070781 0.132255
2 0.606344 0.758573 0.068750 0.128668
2 0.532727 0.759606 0.068453 0.118125
2 0.449102 0.791861 0.071078 0.120462
2 0.331219 0.591916 0.071438 0.134864
2 0.547562 0.396155 0.058719 0.128668
2 0.366812 0.336386 0.056719 0.112935
4 0.228992 0.273329 0.064828 0.127473
4 0.176609 0.474198 0.075000 0.131114
4 0.327094 0.923397 0.062250 0.145870
4 0.406391 0.576943 0.069437 0.095136
4 0.320023 0.431209 0.053609 0.125299
4 0.434375 0.337174 0.068281 0.108696
1 0.358297 0.154008 0.063594 0.104103
1 0.578852 0.274375 0.061641 0.127772
1 0.627516 0.395136 0.070969 0.128315
1 0.598742 0.493370 0.059578 0.115435
1 0.601672 0.620394 0.068969 0.118886
1 0.241391 0.875625 0.080469 0.134239
1 0.269023 0.696698 0.074172 0.132473
1 0.268555 0.539592 0.059172 0.120543
3 0.300086 0.312405 0.066953 0.119755
3 0.250953 0.409837 0.067219 0.125815
3 0.199000 0.613519 0.073875 0.127310
3 0.187484 0.749715 0.077656 0.128723
3 0.326859 0.780856 0.079219 0.121005
3 0.406367 0.914470 0.076078 0.136549
3 0.502930 0.894755 0.082734 0.118750
3 0.545203 0.563465 0.051875 0.127310
3 0.481281 0.525462 0.072969 0.096304
3 0.478969 0.421087 0.072344 0.100978
3 0.397906 0.239552 0.074031 0.083397
