0 0.499141 0.239062 0.060469 0.108560
0 0.411562 0.202582 0.059375 0.091576
0 0.442500 0.270109 0.058125 0.111957
0 0.476172 0.352310 0.063594 0.113859
0 0.595313 0.573967 0.050938 0.103696
0 0.601305 0.685571 0.057391 0.114946
0 0.380453 0.692609 0.070031 0.082337
0 0.378750 0.501223 0.064062 0.110054
0 0.293594 0.266033 0.054375 0.114674
2 0.456516 0.649851 0.060219 0.099212
2 0.548602 0.727418 0.065016 0.096196
2 0.488187 0.742038 0.051562 0.088967
2 0.424523 0.763723 0.059078 0.093750
2 0.335000 0.609239 0.052813 0.116848
2 0.507656 0.439130 0.056250 0.103261
2 0.359453 0.397962 0.051406 0.092120
4 0.244844 0.345625 0.057813 0.111359
4 0.211406 0.521196 0.066875 0.115761
4 0.333500 0.871848 0.049844 0.116576
4 0.395375 0.603723 0.063875 0.089837
4 0.323828 0.481929 0.049219 0.114946
4 0.415781 0.400679 0.062812 0.106250
1 0.347734 0.236821 0.057031 0.101359
1 0.533594 0.335598 0.052500 0.105978
1 0.573359 0.435462 0.059219 0.082337
1 0.544531 0.517935 0.047813 0.086957
1 0.546016 0.625000 0.056094 0.095652
1 0.261531 0.823370 0.053812 0.076630
1 0.286945 0.696250 0.057984 0.100978
1 0.277656 0.563261 0.055000 0.110435
3 0.306562 0.379212 0.060937 0.115489
3 0.266406 0.465082 0.060313 0.116033
3 0.230273 0.630313 0.064141 0.113288
3 0.225586 0.741155 0.068203 0.106277
3 0.331320 0.761902 0.071109 0.104348
3 0.393930 0.864891 0.063078 0.113315
3 0.470180 0.856033 0.071516 0.093207
3 0.503227 0.582799 0.047297 0.115054
3 0.452633 0.555978 0.062766 0.083696
3 0.451406 0.470924 0.064375 0.080435
3 0.385313 0.313043 0.067813 0.078804
