0 0.616977 0.118628 0.062859 0.137962
0 0.523422 0.068927 0.068125 0.099973
0 0.556000 0.147595 0.064500 0.122092
0 0.587648 0.236726 0.066828 0.117201
0 0.712781 0.482296 0.059625 0.116114
0 0.716922 0.602704 0.063281 0.127364
0 0.488820 0.589769 0.081203 0.093560
0 0.485680 0.388451 0.071766 0.121196
0 0.398133 0.126386 0.064141 0.130380
2 0.566359 0.561970 0.070031 0.132255
2 0.662422 0.649538 0.068750 0.128696
2 0.596937 0.656209 0.069875 0.132255
2 0.533375 0.664198 0.071094 0.120462
2 0.440984 0.502391 0.071437 0.134837
2 0.625883 0.337337 0.059391 0.128696
2 0.470516 0.276005 0.056719 0.112935
4 0.348609 0.210679 0.064812 0.127446
4 0.310508 0.396821 0.075016 0.128804
4 0.439000 0.774810 0.064281 0.131141
4 0.502930 0.496046 0.067453 0.104701
4 0.430133 0.366766 0.053609 0.125272
4 0.527859 0.285136 0.064906 0.122935
1 0.455156 0.098152 0.063594 0.104076
1 0.647156 0.223492 0.063156 0.132147
1 0.693375 0.330353 0.070969 0.128315
1 0.661727 0.428370 0.059578 0.115435
1 0.660492 0.538274 0.067641 0.105788
1 0.365437 0.731875 0.080469 0.134239
1 0.385445 0.586766 0.074172 0.132500
1 0.384133 0.455082 0.066047 0.120543
3 0.410539 0.252704 0.066953 0.119755
3 0.368531 0.337717 0.067219 0.125815
3 0.329156 0.514226 0.073875 0.127310
3 0.323422 0.626766 0.077656 0.128696
3 0.436641 0.657935 0.079219 0.121033
3 0.496086 0.770611 0.076078 0.133723
3 0.579758 0.765897 0.084141 0.118750
3 0.618266 0.484253 0.051875 0.127310
3 0.562516 0.452188 0.072969 0.096277
3 0.563250 0.361970 0.072344 0.100951
3 0.493750 0.186943 0.074031 0.083397
