0 0.540211 0.238927 0.063609 0.109538
0 0.446961 0.193614 0.068109 0.094076
0 0.480453 0.267799 0.061719 0.124565
0 0.514469 0.355041 0.062063 0.106603
0 0.639898 0.588071 0.059609 0.116141
0 0.647250 0.710272 0.063281 0.127337
0 0.413203 0.705258 0.080625 0.101712
0 0.410414 0.504674 0.071766 0.121196
0 0.323859 0.259484 0.061375 0.120924
2 0.495813 0.674090 0.070781 0.132255
2 0.592250 0.758274 0.068750 0.128668
2 0.527266 0.755503 0.069875 0.132255
2 0.461633 0.781345 0.071078 0.120462
2 0.367234 0.614375 0.071438 0.134837
2 0.541523 0.439592 0.058891 0.128696
2 0.390141 0.392432 0.056719 0.112962
4 0.271859 0.342595 0.064812 0.127473
4 0.232344 0.514986 0.075000 0.131114
4 0.362195 0.898927 0.062234 0.145788
4 0.429508 0.606807 0.069422 0.095136
4 0.355234 0.485340 0.053594 0.125299
4 0.448305 0.399239 0.073047 0.108696
1 0.379672 0.218329 0.063594 0.104103
1 0.575062 0.344524 0.063156 0.132147
1 0.615906 0.437867 0.070969 0.128288
1 0.589164 0.525870 0.059578 0.115435
1 0.589438 0.637826 0.068969 0.118859
1 0.289094 0.837092 0.080469 0.134239
1 0.314414 0.704674 0.074172 0.132500
1 0.315992 0.572391 0.066047 0.120543
3 0.335094 0.371807 0.066969 0.119755
3 0.295125 0.456739 0.067219 0.125815
3 0.252352 0.637758 0.073859 0.127310
3 0.247125 0.750897 0.077656 0.128696
3 0.360016 0.785136 0.079219 0.121033
3 0.426078 0.888166 0.076094 0.136549
3 0.506852 0.875815 0.082734 0.118750
3 0.543500 0.603247 0.051875 0.127310
3 0.490469 0.563886 0.072969 0.096304
3 0.488609 0.478030 0.072344 0.100951
3 0.420281 0.311984 0.074031 0.083370
