0 0.552070 0.246780 0.062859 0.123723
0 0.463922 0.208954 0.068125 0.098832
0 0.494906 0.279280 0.064500 0.122092
0 0.522695 0.359307 0.069641 0.124375
0 0.645820 0.583098 0.058234 0.116141
0 0.651484 0.696889 0.065313 0.127364
0 0.432711 0.697935 0.081203 0.093587
0 0.428477 0.502500 0.071766 0.121196
0 0.344164 0.267024 0.064141 0.130408
2 0.504195 0.660530 0.072016 0.133397
2 0.593734 0.744986 0.068750 0.118071
2 0.542789 0.748804 0.069859 0.132283
2 0.476773 0.771318 0.064203 0.120571
2 0.384031 0.614728 0.071438 0.134837
2 0.555430 0.446087 0.059391 0.128696
2 0.409523 0.396861 0.060141 0.114103
4 0.294500 0.347785 0.060656 0.127473
4 0.260281 0.516793 0.075000 0.128804
4 0.381055 0.881467 0.064297 0.131141
4 0.446180 0.604198 0.067453 0.104701
4 0.371195 0.483179 0.053609 0.125272
4 0.460313 0.397595 0.064906 0.122908
1 0.397391 0.226997 0.063594 0.104103
1 0.579734 0.341372 0.063156 0.132147
1 0.616828 0.432310 0.070969 0.128315
1 0.588430 0.534538 0.059578 0.115435
1 0.594742 0.634348 0.065516 0.107989
1 0.310531 0.834728 0.080469 0.134239
1 0.336742 0.698872 0.074172 0.132473
1 0.334305 0.573750 0.066047 0.120543
3 0.356750 0.376236 0.066969 0.119755
3 0.318914 0.457120 0.067203 0.125815
3 0.278523 0.629606 0.073859 0.127310
3 0.273703 0.744266 0.075687 0.128696
3 0.378234 0.765163 0.079219 0.121033
3 0.442891 0.869212 0.078156 0.133696
3 0.515594 0.858302 0.078750 0.110353
3 0.555406 0.595367 0.051875 0.127310
3 0.501805 0.567147 0.068203 0.102174
3 0.504063 0.479660 0.072344 0.100951
3 0.437047 0.317568 0.074031 0.083397
