0 0.523500 0.164742 0.067375 0.124864
0 0.424008 0.122024 0.071359 0.103125
0 0.459891 0.198424 0.064781 0.128152
0 0.495961 0.289973 0.071703 0.127826
0 0.633242 0.541454 0.060703 0.119266
0 0.640313 0.668777 0.063281 0.130978
0 0.390734 0.671902 0.080625 0.092663
0 0.388687 0.458478 0.070937 0.121196
0 0.289898 0.189293 0.061359 0.130652
2 0.477813 0.636821 0.065625 0.103533
2 0.583125 0.718614 0.061250 0.100272
2 0.516094 0.734660 0.055625 0.110625
2 0.441016 0.756114 0.065781 0.111685
2 0.336594 0.587255 0.059844 0.130978
2 0.533281 0.386821 0.057813 0.126359
2 0.367656 0.349348 0.053125 0.114402
4 0.238789 0.286318 0.066484 0.127473
4 0.200813 0.476005 0.074219 0.127989
4 0.339609 0.881250 0.057656 0.128804
4 0.405594 0.572310 0.069437 0.101087
4 0.325336 0.434158 0.053609 0.125815
4 0.429453 0.345041 0.067250 0.120408
1 0.355344 0.164307 0.063594 0.104103
1 0.560273 0.273995 0.055672 0.105978
1 0.611484 0.384538 0.074219 0.106467
1 0.577500 0.484049 0.048438 0.101467
1 0.581094 0.604905 0.065625 0.104864
1 0.256250 0.821467 0.059687 0.088587
1 0.283281 0.678668 0.072812 0.111141
1 0.285500 0.534429 0.056406 0.111033
3 0.306617 0.318818 0.068328 0.126060
3 0.262852 0.414185 0.065141 0.128804
3 0.220078 0.604226 0.074531 0.131821
3 0.215703 0.730435 0.077656 0.126087
3 0.335078 0.751087 0.079219 0.119022
3 0.407500 0.871196 0.074063 0.130978
3 0.492203 0.853533 0.076719 0.104891
3 0.528750 0.552595 0.051875 0.132310
3 0.471422 0.522473 0.072969 0.098641
3 0.470953 0.423560 0.072344 0.091576
3 0.394688 0.246060 0.074594 0.091576
