0 0.529234 0.154090 0.065531 0.109538
0 0.434883 0.118736 0.068109 0.095462
0 0.467219 0.190910 0.058688 0.124538
0 0.503305 0.270489 0.070859 0.127826
0 0.638266 0.493288 0.058844 0.118641
0 0.648547 0.615734 0.063281 0.128587
0 0.405766 0.624592 0.078594 0.095815
0 0.400687 0.420625 0.067750 0.121196
0 0.308250 0.182663 0.061375 0.120924
2 0.487898 0.591603 0.076016 0.125163
2 0.592250 0.666970 0.068750 0.114321
2 0.527773 0.680734 0.057797 0.118098
2 0.456484 0.707133 0.072219 0.120408
2 0.354063 0.545312 0.062562 0.128940
2 0.538492 0.357813 0.056484 0.112038
2 0.380219 0.313777 0.052656 0.103533
4 0.256219 0.271617 0.064812 0.127473
4 0.217656 0.446209 0.073563 0.124049
4 0.353734 0.822541 0.057031 0.130734
4 0.420359 0.526399 0.069437 0.099103
4 0.339969 0.400978 0.053594 0.125272
4 0.439609 0.320054 0.068281 0.108696
1 0.371656 0.168098 0.063594 0.104076
1 0.568406 0.259592 0.055656 0.105978
1 0.610922 0.353043 0.062344 0.098641
1 0.586586 0.432785 0.054203 0.094864
1 0.589914 0.560217 0.067641 0.100489
1 0.274211 0.777554 0.062141 0.101196
1 0.301234 0.634062 0.073625 0.106223
1 0.299492 0.492160 0.056953 0.114158
3 0.321023 0.299497 0.066953 0.117853
3 0.278695 0.385217 0.065141 0.125815
3 0.238656 0.558546 0.072375 0.122201
3 0.232406 0.680937 0.077656 0.123505
3 0.350453 0.698342 0.079219 0.117174
3 0.421859 0.811332 0.074094 0.132065
3 0.504914 0.793397 0.077922 0.107663
3 0.537094 0.515883 0.051875 0.129321
3 0.480469 0.488370 0.072969 0.088098
3 0.479953 0.398709 0.072344 0.088723
3 0.406758 0.228736 0.074016 0.083397
