0 0.550711 0.126318 0.062859 0.137962
0 0.454773 0.077201 0.068109 0.099946
0 0.490797 0.154062 0.061719 0.124538
0 0.526133 0.246182 0.066828 0.117201
0 0.652633 0.500611 0.059609 0.116114
0 0.659156 0.618084 0.063281 0.127364
0 0.422211 0.611644 0.081203 0.093560
0 0.419750 0.406766 0.071750 0.121196
0 0.326758 0.139375 0.064141 0.130380
2 0.500773 0.589171 0.070016 0.132255
2 0.598875 0.675829 0.068750 0.128668
2 0.536109 0.680435 0.069875 0.132283
2 0.465406 0.698465 0.071094 0.120462
2 0.371992 0.531644 0.071422 0.134864
2 0.564039 0.349158 0.059391 0.128696
2 0.398297 0.299348 0.056719 0.112935
4 0.279953 0.224851 0.064812 0.127473
4 0.237781 0.418682 0.075000 0.128777
4 0.366609 0.809076 0.064281 0.131141
4 0.438703 0.519090 0.067438 0.104701
4 0.360813 0.388641 0.053594 0.125272
4 0.460891 0.298152 0.066906 0.122935
1 0.387531 0.117052 0.063594 0.104103
1 0.587344 0.247160 0.063156 0.132147
1 0.629141 0.350448 0.070969 0.128288
1 0.599195 0.447283 0.059578 0.115435
1 0.602039 0.558967 0.067641 0.105815
1 0.282859 0.761427 0.080469 0.134266
1 0.323031 0.617894 0.074187 0.132473
1 0.311062 0.488179 0.066031 0.120543
3 0.342234 0.263927 0.066969 0.119755
3 0.299211 0.356630 0.067203 0.125815
3 0.259492 0.537880 0.073859 0.127337
3 0.254766 0.656332 0.077656 0.128696
3 0.368328 0.687486 0.079219 0.121005
3 0.433555 0.797201 0.076078 0.133696
3 0.515195 0.791902 0.084141 0.118750
3 0.556750 0.501997 0.051875 0.127310
3 0.500328 0.471101 0.072969 0.096277
3 0.499359 0.380897 0.072344 0.100978
3 0.429859 0.196997 0.074031 0.083397
