0 0.524531 0.238655 0.066906 0.123723
0 0.437781 0.193383 0.068125 0.098832
0 0.469703 0.268234 0.067187 0.122011
0 0.502188 0.354090 0.069625 0.124375
0 0.618977 0.570367 0.058234 0.116114
0 0.625508 0.687813 0.065297 0.127364
0 0.405547 0.688478 0.077094 0.093587
0 0.400047 0.493071 0.071750 0.121196
0 0.317586 0.257364 0.064141 0.130380
2 0.483539 0.650068 0.072016 0.133397
2 0.574750 0.732296 0.068750 0.118071
2 0.517789 0.743696 0.066422 0.132228
2 0.451031 0.760014 0.064187 0.120571
2 0.365422 0.608682 0.071438 0.134864
2 0.535602 0.443723 0.059391 0.128696
2 0.388789 0.388003 0.060141 0.114103
4 0.270141 0.336264 0.060656 0.127473
4 0.233531 0.506440 0.075000 0.128804
4 0.359305 0.869375 0.064297 0.131141
4 0.422617 0.591196 0.067453 0.104728
4 0.348906 0.478859 0.053594 0.125272
4 0.441875 0.395380 0.064906 0.122935
1 0.378594 0.218533 0.063594 0.104076
1 0.560922 0.331807 0.063156 0.132147
1 0.599586 0.426101 0.070953 0.128288
1 0.574211 0.540652 0.059578 0.115435
1 0.574211 0.628927 0.065516 0.108016
1 0.291531 0.818179 0.080469 0.134239
1 0.311594 0.690992 0.074187 0.132473
1 0.306195 0.566386 0.066047 0.120543
3 0.329656 0.369144 0.066969 0.119755
3 0.290375 0.452663 0.067219 0.125815
3 0.253383 0.617677 0.073859 0.127310
3 0.247266 0.734348 0.075687 0.128696
3 0.355000 0.753043 0.075813 0.122283
3 0.413312 0.861046 0.078156 0.133723
3 0.492266 0.846223 0.078750 0.110380
3 0.528891 0.580598 0.051875 0.127337
3 0.473555 0.555299 0.068203 0.102174
3 0.477281 0.467188 0.072344 0.100951
3 0.411836 0.303397 0.074016 0.083370
