0 0.520797 0.222215 0.063625 0.109538
0 0.436422 0.187364 0.068125 0.094076
0 0.463406 0.255476 0.061719 0.124538
0 0.495258 0.325625 0.066078 0.103152
0 0.614094 0.523641 0.059625 0.116141
0 0.623812 0.634008 0.063281 0.127364
0 0.404859 0.633899 0.080625 0.101712
0 0.399859 0.454728 0.071750 0.121196
0 0.321180 0.237405 0.061359 0.120951
2 0.482891 0.605883 0.070781 0.132255
2 0.572445 0.682867 0.068734 0.128668
2 0.515969 0.686807 0.069875 0.132255
2 0.451336 0.703886 0.071078 0.120489
2 0.357812 0.559905 0.071438 0.134864
2 0.528047 0.406685 0.058719 0.128696
2 0.384875 0.357174 0.056719 0.112935
4 0.273844 0.315910 0.064812 0.127473
4 0.236797 0.466128 0.075000 0.131114
4 0.356852 0.818641 0.062234 0.145870
4 0.419242 0.550910 0.069422 0.095136
4 0.349141 0.435041 0.053594 0.125299
4 0.439977 0.364321 0.073047 0.108696
1 0.381406 0.207731 0.063594 0.104103
1 0.552570 0.303791 0.063141 0.133234
1 0.593234 0.395815 0.070969 0.128315
1 0.573898 0.470027 0.059578 0.115435
1 0.568516 0.577147 0.068969 0.118859
1 0.288547 0.769158 0.080469 0.134239
1 0.311852 0.630693 0.074172 0.132473
1 0.314773 0.523641 0.066047 0.120543
3 0.332859 0.339687 0.066969 0.119755
3 0.293367 0.414266 0.067203 0.125815
3 0.257188 0.570177 0.073875 0.127310
3 0.249359 0.681495 0.077656 0.128696
3 0.355984 0.696277 0.079219 0.121033
3 0.417164 0.804728 0.076078 0.136522
3 0.497773 0.787799 0.082734 0.118750
3 0.527531 0.532323 0.051875 0.127310
3 0.476219 0.508329 0.072969 0.096277
3 0.473141 0.424579 0.072344 0.100951
3 0.410625 0.286889 0.074031 0.083397
