0 0.346070 0.233818 0.075078 0.116929
0 0.325266 0.346318 0.071531 0.131766
0 0.367672 0.441875 0.077844 0.134837
0 0.426781 0.620815 0.072719 0.115978
0 0.690359 0.403587 0.065406 0.136793
0 0.623109 0.600231 0.071844 0.140190
0 0.560367 0.561549 0.066672 0.124565
0 0.518656 0.841155 0.080219 0.148397
0 0.439602 0.872432 0.076766 0.147527
3 0.458273 0.079742 0.077109 0.108886
3 0.400687 0.153927 0.077125 0.120353
3 0.457156 0.298519 0.062781 0.129158
3 0.441172 0.409266 0.068813 0.122500
3 0.571930 0.150571 0.074859 0.133207
3 0.616555 0.214022 0.075797 0.128533
3 0.676562 0.286046 0.071063 0.121821
3 0.503953 0.497473 0.076438 0.118370
3 0.496898 0.619253 0.070234 0.126766
3 0.365969 0.674008 0.071938 0.124212
3 0.373000 0.802337 0.080563 0.121304
4 0.570039 0.443084 0.069922 0.122038
4 0.639883 0.486834 0.072922 0.128016
4 0.674031 0.704402 0.078906 0.139348
4 0.359648 0.554158 0.077016 0.125272
4 0.515633 0.290177 0.075391 0.127201
4 0.532695 0.231970 0.076047 0.107527
2 0.537789 0.028370 0.077016 0.056739
2 0.525203 0.115720 0.072281 0.134212
2 0.394297 0.320231 0.076375 0.133071
2 0.464695 0.742242 0.077266 0.134375
2 0.592344 0.788125 0.077813 0.140924
2 0.283258 0.568628 0.078453 0.135679
1 0.259586 0.453995 0.079172 0.118967
1 0.293945 0.701780 0.080422 0.140462
1 0.554266 0.677500 0.068594 0.134946
1 0.470523 0.185571 0.072859 0.118043
1 0.594969 0.080625 0.072219 0.110163
1 0.632164 0.356617 0.060984 0.134321
1 0.574719 0.332052 0.064813 0.128940
1 0.507000 0.391590 0.076844 0.103614
2 0.427172 0.513166 0.076156 0.116712
