0 0.477648 0.209063 0.062859 0.137962
0 0.389523 0.165611 0.068109 0.098832
0 0.422445 0.238030 0.064516 0.122092
0 0.454734 0.318832 0.069625 0.124402
0 0.572773 0.542582 0.059609 0.116141
0 0.579297 0.655312 0.063281 0.127364
0 0.356969 0.663655 0.081188 0.093560
0 0.355180 0.467065 0.071766 0.121196
0 0.267633 0.228016 0.064141 0.130380
2 0.433828 0.642514 0.070031 0.132255
2 0.522922 0.695326 0.068750 0.128696
2 0.468812 0.720625 0.069875 0.132283
2 0.403555 0.741033 0.071078 0.120489
2 0.311156 0.586902 0.071438 0.134837
2 0.485367 0.410924 0.059391 0.128696
2 0.336797 0.364660 0.060125 0.114103
4 0.217813 0.309959 0.060656 0.127473
4 0.185109 0.486060 0.075000 0.128804
4 0.308500 0.851033 0.064281 0.131141
4 0.369039 0.575829 0.067453 0.104701
4 0.297766 0.450380 0.053594 0.125272
4 0.392609 0.370245 0.064906 0.122935
1 0.326781 0.200258 0.063594 0.104103
1 0.512234 0.305639 0.063156 0.132147
1 0.550984 0.410136 0.070969 0.128315
1 0.526336 0.506386 0.059578 0.115435
1 0.524938 0.609674 0.065531 0.107989
1 0.234375 0.801617 0.080469 0.134266
1 0.255969 0.668329 0.074187 0.132473
1 0.252945 0.538424 0.066047 0.120543
3 0.279367 0.340761 0.066953 0.119783
3 0.241266 0.433179 0.067219 0.125815
3 0.202750 0.605258 0.073875 0.127310
3 0.197000 0.715435 0.077656 0.128696
3 0.306484 0.735951 0.079219 0.121033
3 0.366586 0.838587 0.078172 0.133696
3 0.443484 0.823804 0.084125 0.118750
3 0.482328 0.552813 0.051875 0.127310
3 0.428609 0.525462 0.072969 0.096304
3 0.429359 0.438220 0.072344 0.100951
3 0.361891 0.276196 0.074031 0.083370
