3 0.423667 0.202616 0.057302 0.089083
4 0.542792 0.135722 0.061812 0.086574
3 0.474055 0.231806 0.049297 0.086870
4 0.464180 0.130824 0.053807 0.101815
0 0.208177 0.213037 0.046375 0.090667
0 0.262318 0.248639 0.053156 0.085907
0 0.292563 0.176185 0.055281 0.083796
0 0.344607 0.273213 0.065005 0.083296
1 0.289286 0.349986 0.043750 0.079935
1 0.219404 0.270213 0.041797 0.086130
0 0.256169 0.114051 0.049286 0.058361
0 0.303648 0.113384 0.042526 0.068731
1 0.245224 0.170343 0.043490 0.082481
3 0.338438 0.072389 0.051229 0.069185
3 0.394047 0.053032 0.057990 0.071769
1 0.331052 0.300917 0.045448 0.095148
4 0.285216 0.044787 0.056411 0.075685
4 0.420927 0.402213 0.049240 0.085852
2 0.507326 0.291380 0.044505 0.099352
1 0.391570 0.180079 0.045453 0.099324
3 0.590617 0.594282 0.065203 0.097194
3 0.480844 0.525486 0.071521 0.115120
3 0.844513 0.912269 0.084318 0.122111
1 0.227669 0.939120 0.076099 0.121759
4 0.340956 0.520380 0.062828 0.101389
0 0.278245 0.304130 0.044865 0.087500
3 0.638167 0.347602 0.053781 0.110259
1 0.560003 0.499972 0.048141 0.083907
1 0.523414 0.578653 0.055245 0.094769
1 0.553766 0.306162 0.057687 0.105713
2 0.465443 0.243505 0.057625 0.086787
2 0.221193 0.378454 0.053354 0.096259
2 0.329148 0.182917 0.055589 0.088481
2 0.370315 0.151782 0.050995 0.085306
2 0.443753 0.488667 0.059745 0.095704
3 0.363003 0.414190 0.059016 0.099491
3 0.528604 0.399338 0.063313 0.103065
3 0.418510 0.280051 0.056219 0.088824
