3 0.332656 0.262398 0.055667 0.099167
4 0.521594 0.181796 0.061812 0.086574
3 0.385888 0.216560 0.049297 0.086861
4 0.433055 0.194329 0.048318 0.101824
0 0.162286 0.251426 0.046375 0.072185
0 0.227729 0.292870 0.053156 0.085907
0 0.257378 0.221037 0.055286 0.083796
0 0.333560 0.179694 0.065005 0.081611
1 0.217318 0.420417 0.043750 0.079944
1 0.179797 0.304218 0.041792 0.072639
0 0.226544 0.143301 0.049286 0.058361
0 0.272982 0.150519 0.042526 0.068722
1 0.207971 0.214282 0.043495 0.082472
3 0.310419 0.104671 0.051224 0.069194
3 0.366635 0.096704 0.057990 0.071759
1 0.280156 0.282134 0.044479 0.081657
4 0.254292 0.072185 0.056417 0.084426
3 0.443711 0.972838 0.065203 0.054324
3 0.501828 0.581449 0.071521 0.115120
3 0.826258 0.962255 0.084318 0.075491
1 0.227669 0.939120 0.076099 0.121759
4 0.302690 0.605199 0.062828 0.101380
0 0.217984 0.346463 0.044865 0.087500
3 0.344315 0.458690 0.053151 0.110269
1 0.460253 0.510069 0.048141 0.083898
1 0.403044 0.503625 0.061307 0.094769
1 0.438505 0.410630 0.067469 0.111333
2 0.423289 0.305662 0.057630 0.105324
2 0.288193 0.712134 0.053354 0.096250
2 0.208531 0.423838 0.055812 0.102324
2 0.281161 0.372477 0.048396 0.077231
2 0.343852 0.455449 0.059745 0.095694
3 0.296221 0.462102 0.050516 0.086037
3 0.334096 0.530176 0.057630 0.089648
3 0.369891 0.303898 0.056219 0.088833
