3 0.269768 0.021889 0.071047 0.042019
3 0.347935 0.731421 0.086016 0.137454
3 0.440880 0.325838 0.071521 0.115120
3 0.776326 0.777880 0.083120 0.142611
1 0.148273 0.561648 0.083120 0.132296
4 0.216310 0.306287 0.067651 0.109963
0 0.144057 0.066519 0.053542 0.095278
3 0.157198 0.173227 0.057990 0.117528
1 0.289159 0.162440 0.067266 0.092787
1 0.330615 0.211750 0.066104 0.098963
1 0.383190 0.154801 0.063786 0.111343
2 0.379781 0.060148 0.062437 0.085926
2 0.118107 0.253296 0.076547 0.113407
2 0.106057 0.104398 0.056187 0.105204
2 0.189542 0.067083 0.056833 0.082185
2 0.235201 0.087282 0.061464 0.099583
3 0.207672 0.157157 0.063792 0.101037
3 0.263792 0.232977 0.060031 0.104620
3 0.322823 0.065843 0.067094 0.081926
