0 0.552070 0.216114 0.062859 0.109511
0 0.453414 0.165245 0.068109 0.094076
0 0.488750 0.248628 0.061719 0.124538
0 0.523766 0.339008 0.062062 0.106603
0 0.660117 0.604620 0.059609 0.116141
0 0.666281 0.731549 0.063281 0.127337
0 0.413156 0.732731 0.080625 0.101712
0 0.413633 0.508424 0.071766 0.121196
0 0.316883 0.224484 0.061359 0.120924
2 0.498938 0.680000 0.070781 0.132228
2 0.606062 0.793696 0.068750 0.128696
2 0.538656 0.802785 0.069875 0.132255
2 0.465742 0.816671 0.071078 0.120462
2 0.367062 0.634470 0.071437 0.134864
2 0.557242 0.446685 0.059391 0.128696
2 0.391547 0.389592 0.056719 0.112935
4 0.261609 0.320598 0.064812 0.127446
4 0.217219 0.515014 0.075000 0.128777
4 0.358539 0.930530 0.062234 0.128505
4 0.430086 0.622337 0.067578 0.104022
4 0.347891 0.482908 0.053594 0.125272
4 0.457820 0.396277 0.073047 0.108696
1 0.380687 0.205190 0.063594 0.104076
1 0.585641 0.341345 0.063156 0.132147
1 0.629656 0.449307 0.070969 0.128288
1 0.601742 0.548927 0.059578 0.115462
1 0.600203 0.658614 0.068969 0.118859
1 0.283203 0.871372 0.080469 0.134266
1 0.304898 0.736291 0.074172 0.132473
1 0.304812 0.587120 0.066031 0.120543
3 0.330000 0.356141 0.066969 0.119783
3 0.284250 0.454158 0.067219 0.125815
3 0.238078 0.647215 0.073875 0.127310
3 0.230313 0.780435 0.077656 0.128696
3 0.357453 0.809524 0.079219 0.121005
3 0.424977 0.929008 0.076078 0.133723
3 0.514570 0.919565 0.082734 0.118750
3 0.558281 0.610149 0.051875 0.127310
3 0.497766 0.577187 0.072969 0.096277
3 0.498000 0.477242 0.072344 0.100951
3 0.421359 0.289198 0.074031 0.083397
