0 0.522094 0.227935 0.063625 0.109511
0 0.436023 0.191739 0.068109 0.094076
0 0.466500 0.261834 0.061719 0.124538
0 0.498344 0.333234 0.064344 0.104620
0 0.616414 0.547989 0.059609 0.116141
0 0.628031 0.656101 0.063281 0.127364
0 0.403758 0.656617 0.080641 0.101712
0 0.399945 0.468750 0.071766 0.121196
0 0.317102 0.244891 0.061359 0.120924
2 0.482859 0.627921 0.070781 0.132255
2 0.572953 0.702187 0.068750 0.128668
2 0.515594 0.707364 0.069875 0.132283
2 0.450398 0.728628 0.071078 0.120462
2 0.357500 0.579701 0.071438 0.134837
2 0.528234 0.422908 0.058719 0.128696
2 0.384383 0.371902 0.056703 0.112935
4 0.269453 0.327867 0.064812 0.127473
4 0.232141 0.488302 0.075000 0.131114
4 0.355477 0.838913 0.062234 0.145870
4 0.420969 0.567649 0.069437 0.095136
4 0.349906 0.456875 0.053594 0.125272
4 0.440383 0.374293 0.073047 0.108696
1 0.380219 0.225421 0.063594 0.104103
1 0.552266 0.320571 0.063156 0.132717
1 0.597766 0.409511 0.070969 0.128315
1 0.574313 0.485000 0.059594 0.115435
1 0.570953 0.593437 0.068969 0.118886
1 0.284750 0.800082 0.080469 0.134239
1 0.303836 0.655503 0.074172 0.132473
1 0.298617 0.531603 0.066047 0.120543
3 0.328695 0.352976 0.066953 0.119755
3 0.289391 0.435543 0.067219 0.125815
3 0.249937 0.594198 0.073875 0.127310
3 0.242531 0.705503 0.077656 0.128723
3 0.355703 0.727717 0.079219 0.121033
3 0.415977 0.831726 0.076078 0.136549
3 0.492070 0.812310 0.082734 0.118750
3 0.527078 0.551372 0.051875 0.127310
3 0.476734 0.525720 0.072969 0.096277
3 0.474703 0.441685 0.072344 0.100978
3 0.410469 0.292187 0.074031 0.083397
