0 0.514672 0.236277 0.066906 0.123696
0 0.427586 0.194851 0.068109 0.098832
0 0.460164 0.264035 0.064516 0.122092
0 0.492109 0.343057 0.069625 0.124375
0 0.610484 0.573315 0.058219 0.116141
0 0.618523 0.686291 0.065297 0.127364
0 0.397062 0.686114 0.081188 0.093587
0 0.393586 0.495408 0.071766 0.121196
0 0.308758 0.252255 0.064141 0.130380
2 0.466430 0.661889 0.072016 0.133397
2 0.562758 0.736386 0.068734 0.118043
2 0.507453 0.742704 0.068719 0.132255
2 0.444148 0.766209 0.064203 0.120571
2 0.350922 0.606698 0.071438 0.134864
2 0.523945 0.437826 0.059391 0.128696
2 0.374406 0.388601 0.060125 0.114103
4 0.262672 0.335965 0.060656 0.127473
4 0.224859 0.508505 0.075000 0.128804
4 0.348938 0.872908 0.064281 0.131141
4 0.412820 0.596101 0.067453 0.104701
4 0.338828 0.476495 0.053594 0.125272
4 0.432922 0.396658 0.064906 0.122935
1 0.363063 0.223451 0.063594 0.104076
1 0.553359 0.329878 0.063156 0.132147
1 0.593742 0.427283 0.070953 0.128315
1 0.570867 0.531522 0.059578 0.115435
1 0.567172 0.633166 0.065531 0.108016
1 0.277484 0.821726 0.080469 0.134266
1 0.304008 0.695910 0.074172 0.132473
1 0.295430 0.570924 0.066047 0.120543
3 0.322656 0.362133 0.066969 0.119755
3 0.282219 0.450027 0.067219 0.125815
3 0.244547 0.621807 0.073875 0.127310
3 0.238094 0.734348 0.075687 0.128696
3 0.348281 0.761318 0.075813 0.122255
3 0.410078 0.863397 0.078156 0.133696
3 0.485984 0.851549 0.078750 0.110380
3 0.518016 0.578818 0.051875 0.127310
3 0.468039 0.557962 0.068203 0.102174
3 0.466750 0.464823 0.072344 0.100951
3 0.401984 0.305761 0.074031 0.083370
