0 0.498320 0.144552 0.063609 0.109538
0 0.396781 0.102351 0.068125 0.095462
0 0.433766 0.178139 0.061719 0.124538
0 0.472664 0.265788 0.070859 0.127826
0 0.616242 0.500815 0.059609 0.116141
0 0.627516 0.623329 0.063281 0.127364
0 0.361719 0.632065 0.078594 0.095815
0 0.359297 0.422228 0.067750 0.121196
0 0.260984 0.167432 0.061375 0.120951
2 0.455984 0.604171 0.070781 0.132255
2 0.563750 0.691590 0.068750 0.128668
2 0.492289 0.705883 0.059641 0.118125
2 0.415797 0.721698 0.071094 0.120462
2 0.306313 0.552908 0.071438 0.134837
2 0.511688 0.358125 0.058719 0.112065
2 0.337828 0.305272 0.052656 0.103533
4 0.205883 0.261970 0.064828 0.127473
4 0.159656 0.452921 0.075000 0.131114
4 0.307859 0.860082 0.058906 0.133967
4 0.378398 0.530856 0.069422 0.095136
4 0.296359 0.399511 0.053594 0.125272
4 0.401437 0.314837 0.068281 0.108696
1 0.332031 0.155421 0.063594 0.104103
1 0.540945 0.251196 0.055672 0.105978
1 0.586906 0.360082 0.064188 0.098641
1 0.559211 0.449321 0.054203 0.100000
1 0.561000 0.580245 0.068969 0.118859
1 0.220969 0.820774 0.080469 0.134266
1 0.247242 0.647772 0.074172 0.121739
1 0.246742 0.510870 0.059172 0.120543
3 0.274508 0.289633 0.066953 0.119755
3 0.227445 0.388288 0.065141 0.125815
3 0.178563 0.575856 0.073875 0.127310
3 0.174016 0.696630 0.077656 0.128696
3 0.299687 0.716644 0.079219 0.121005
3 0.379609 0.847418 0.074094 0.136522
3 0.470680 0.823071 0.082734 0.118750
3 0.506000 0.511834 0.051875 0.127310
3 0.443906 0.479918 0.072969 0.088098
3 0.445609 0.386698 0.072344 0.086766
3 0.367500 0.217948 0.074031 0.083397
