0 0.521719 0.227935 0.063625 0.109511
0 0.436117 0.191902 0.068109 0.094076
0 0.465203 0.263478 0.061719 0.124565
0 0.496672 0.332894 0.065125 0.103995
0 0.614758 0.544090 0.059609 0.116114
0 0.626500 0.653016 0.063281 0.127337
0 0.402938 0.652921 0.080625 0.101712
0 0.399242 0.468125 0.071766 0.121196
0 0.316727 0.244688 0.061359 0.120951
2 0.482094 0.624144 0.070781 0.132255
2 0.572250 0.700340 0.068750 0.128668
2 0.514641 0.705313 0.069875 0.132255
2 0.449930 0.724117 0.071078 0.120462
2 0.357234 0.577894 0.071438 0.134864
2 0.527297 0.421875 0.058719 0.128696
2 0.384008 0.371739 0.056703 0.112935
4 0.268313 0.326970 0.064813 0.127473
4 0.230469 0.485204 0.075000 0.131114
4 0.355125 0.834402 0.062250 0.145870
4 0.420609 0.564144 0.069438 0.095136
4 0.348922 0.454416 0.053594 0.125299
4 0.439555 0.373261 0.073047 0.108696
1 0.380641 0.225992 0.063594 0.104103
1 0.551680 0.319035 0.063141 0.132908
1 0.596820 0.409103 0.070953 0.128315
1 0.573727 0.484158 0.059578 0.115435
1 0.569891 0.590557 0.068969 0.118886
1 0.284328 0.796590 0.080469 0.134266
1 0.303711 0.652799 0.074172 0.132500
1 0.297180 0.531114 0.066047 0.120543
3 0.327937 0.352405 0.066969 0.119755
3 0.288922 0.434103 0.067219 0.125815
3 0.249352 0.590693 0.073859 0.127310
3 0.242531 0.700299 0.077656 0.128696
3 0.355359 0.723397 0.079219 0.121033
3 0.415336 0.826997 0.076078 0.136549
3 0.492070 0.807908 0.082734 0.118750
3 0.526250 0.549321 0.051875 0.127337
3 0.475672 0.523043 0.072969 0.096304
3 0.474188 0.441454 0.072344 0.100951
3 0.410352 0.292391 0.074016 0.083370
