0 0.490969 0.143043 0.063625 0.109511
0 0.390211 0.103139 0.068109 0.095462
0 0.425969 0.173628 0.061719 0.124538
0 0.468336 0.260516 0.070859 0.127826
0 0.610617 0.490285 0.059609 0.116114
0 0.621891 0.613546 0.063281 0.127364
0 0.357984 0.623397 0.078594 0.095815
0 0.354531 0.416984 0.067750 0.121196
0 0.258445 0.163560 0.061359 0.120924
2 0.452688 0.592079 0.070781 0.132255
2 0.561828 0.674361 0.068750 0.128668
2 0.492289 0.696318 0.059641 0.118125
2 0.416133 0.709687 0.071078 0.120462
2 0.303719 0.544633 0.071438 0.134864
2 0.507250 0.349307 0.058719 0.112038
2 0.335109 0.305272 0.052656 0.103533
4 0.205547 0.257351 0.064812 0.127473
4 0.160219 0.444660 0.075000 0.131114
4 0.309320 0.847337 0.058922 0.133967
4 0.374938 0.522582 0.069437 0.095109
4 0.290305 0.397255 0.053609 0.125272
4 0.397547 0.309565 0.068281 0.108696
1 0.327062 0.153927 0.063594 0.104103
1 0.538422 0.249728 0.055656 0.105978
1 0.578656 0.350163 0.064187 0.098641
1 0.553187 0.444918 0.054188 0.100000
1 0.557641 0.564171 0.068969 0.118886
1 0.221594 0.809185 0.080469 0.134239
1 0.247813 0.637541 0.074187 0.121766
1 0.250195 0.502364 0.059172 0.120543
3 0.271914 0.288872 0.066953 0.119755
3 0.226883 0.384402 0.065141 0.125815
3 0.179203 0.565367 0.073875 0.127310
3 0.172719 0.691359 0.077656 0.128696
3 0.299344 0.704620 0.079219 0.121033
3 0.376578 0.831617 0.074094 0.136549
3 0.466789 0.810272 0.082734 0.118750
3 0.501859 0.505530 0.051875 0.127310
3 0.440844 0.475774 0.072969 0.088125
3 0.439125 0.383696 0.072344 0.086793
3 0.363187 0.217201 0.074031 0.083370
