0 0.536000 0.231250 0.063625 0.109511
0 0.444289 0.189728 0.068109 0.094076
0 0.479687 0.263193 0.061719 0.124538
0 0.512211 0.346508 0.062078 0.106603
0 0.636328 0.571875 0.059625 0.116141
0 0.642844 0.693736 0.063281 0.127364
0 0.413812 0.695258 0.080625 0.101712
0 0.410727 0.494457 0.071766 0.121196
0 0.324383 0.253125 0.061359 0.120924
2 0.496297 0.661427 0.070781 0.132255
2 0.588969 0.747595 0.068750 0.128668
2 0.527266 0.743084 0.069875 0.132255
2 0.459742 0.770177 0.071078 0.120462
2 0.367234 0.610149 0.071438 0.134864
2 0.544937 0.433560 0.058719 0.128696
2 0.389469 0.389022 0.056719 0.112935
4 0.273953 0.336236 0.064812 0.127473
4 0.237297 0.506793 0.075000 0.131141
4 0.364211 0.880761 0.062234 0.145870
4 0.428727 0.596372 0.069422 0.095136
4 0.354547 0.478247 0.053594 0.125299
4 0.447625 0.392745 0.073062 0.108696
1 0.379422 0.221603 0.063594 0.104076
1 0.574531 0.337255 0.063156 0.132120
1 0.611078 0.425109 0.070969 0.128315
1 0.585117 0.515489 0.059578 0.115435
1 0.586867 0.625380 0.068953 0.118859
1 0.288609 0.824538 0.080469 0.134239
1 0.314133 0.688927 0.074172 0.132473
1 0.315555 0.560027 0.066047 0.120543
3 0.336891 0.363573 0.066969 0.119755
3 0.295125 0.448859 0.067219 0.125815
3 0.255023 0.623315 0.073859 0.127337
3 0.248266 0.739402 0.077656 0.128696
3 0.360531 0.766943 0.079219 0.121005
3 0.424312 0.871440 0.076094 0.136522
3 0.506742 0.858804 0.082734 0.118750
3 0.542609 0.590408 0.051875 0.127337
3 0.489578 0.550761 0.072969 0.096304
3 0.487953 0.464823 0.072344 0.100951
3 0.419047 0.306617 0.074031 0.083397
