0 0.564195 0.085584 0.063609 0.109538
0 0.462445 0.048207 0.068109 0.094076
0 0.498852 0.122160 0.061703 0.124538
0 0.538789 0.210462 0.070859 0.127826
0 0.688469 0.458913 0.059625 0.116141
0 0.696672 0.594688 0.063281 0.127364
0 0.427594 0.588030 0.080625 0.101712
0 0.423602 0.370136 0.071766 0.121196
0 0.319836 0.105095 0.061359 0.120951
2 0.519047 0.559090 0.070781 0.132255
2 0.631172 0.652894 0.068750 0.128668
2 0.559133 0.664688 0.069859 0.132255
2 0.482398 0.687432 0.071078 0.120462
2 0.370062 0.504130 0.071438 0.134837
2 0.577672 0.313451 0.058719 0.128696
2 0.397688 0.262717 0.056719 0.112935
4 0.268594 0.193274 0.064812 0.127473
4 0.218797 0.389090 0.075000 0.131114
4 0.368852 0.815326 0.062234 0.145870
4 0.443094 0.486372 0.069437 0.095136
4 0.358281 0.344918 0.053594 0.125272
4 0.462977 0.266250 0.073047 0.108696
1 0.386281 0.087160 0.063594 0.104103
1 0.603820 0.225285 0.063141 0.133234
1 0.655047 0.321590 0.070969 0.128288
1 0.627852 0.414171 0.059578 0.115462
1 0.627750 0.536264 0.068969 0.118886
1 0.277781 0.769511 0.080469 0.134239
1 0.307695 0.597921 0.074172 0.132473
1 0.310570 0.459891 0.066047 0.120543
3 0.338156 0.227296 0.066969 0.119755
3 0.288078 0.323995 0.067219 0.125815
3 0.238109 0.519497 0.073875 0.127310
3 0.230688 0.646603 0.077656 0.128696
3 0.365406 0.671943 0.079219 0.121005
3 0.441617 0.796943 0.076078 0.136549
3 0.533836 0.788370 0.082734 0.118750
3 0.575094 0.469674 0.051875 0.127337
3 0.508969 0.440367 0.072969 0.096277
3 0.508875 0.337432 0.072344 0.100951
3 0.432234 0.160951 0.074031 0.083370
