0 0.522656 0.227935 0.063625 0.109511
0 0.435883 0.191495 0.068109 0.094076
0 0.468453 0.259361 0.061719 0.124538
0 0.500859 0.333764 0.063219 0.105625
0 0.618891 0.553859 0.059625 0.116141
0 0.630344 0.660720 0.063281 0.127364
0 0.405000 0.662188 0.080625 0.101712
0 0.401008 0.469674 0.071766 0.121196
0 0.317656 0.245217 0.061375 0.120924
2 0.484000 0.633601 0.070781 0.132255
2 0.574016 0.704973 0.068750 0.128696
2 0.517008 0.710448 0.069859 0.132255
2 0.451102 0.735421 0.071078 0.120462
2 0.357883 0.582405 0.071422 0.134864
2 0.529656 0.424457 0.058719 0.128696
2 0.384938 0.372147 0.056719 0.112935
4 0.271188 0.329226 0.064813 0.127473
4 0.234641 0.492935 0.075000 0.131141
4 0.356008 0.845707 0.062234 0.145870
4 0.421500 0.572894 0.069438 0.095136
4 0.351367 0.460571 0.053609 0.125272
4 0.441633 0.375842 0.073047 0.108696
1 0.379562 0.224579 0.063594 0.104103
1 0.553156 0.322867 0.063156 0.132418
1 0.599180 0.410122 0.070953 0.128288
1 0.575195 0.486223 0.059578 0.115435
1 0.572555 0.597758 0.068953 0.118886
1 0.285391 0.805299 0.080469 0.134239
1 0.304031 0.659552 0.074187 0.132473
1 0.300758 0.532337 0.066047 0.120543
3 0.329836 0.353818 0.066953 0.119755
3 0.290102 0.437690 0.067203 0.125815
3 0.250828 0.599443 0.073875 0.127310
3 0.242531 0.713315 0.077656 0.128696
3 0.356234 0.734198 0.079219 0.121005
3 0.416953 0.838818 0.076094 0.136549
3 0.492914 0.820272 0.082734 0.118750
3 0.528328 0.554457 0.051875 0.127337
3 0.478328 0.529728 0.072969 0.096304
3 0.475484 0.442024 0.072344 0.100951
3 0.410641 0.291875 0.074031 0.083370
