3 0.338753 0.726264 0.086016 0.137454
3 0.433630 0.316394 0.071521 0.115120
3 0.770044 0.777019 0.083120 0.142611
1 0.139091 0.553060 0.083120 0.132306
4 0.207047 0.283380 0.067656 0.109963
0 0.133747 0.049769 0.060307 0.094963
3 0.147771 0.159912 0.057990 0.117528
1 0.279737 0.139671 0.067266 0.092787
1 0.322398 0.198005 0.066109 0.098972
1 0.377115 0.136394 0.063792 0.111343
2 0.372167 0.039088 0.062198 0.077343
2 0.111018 0.237546 0.076547 0.113407
2 0.094943 0.086069 0.056187 0.105194
2 0.177781 0.061926 0.056833 0.082185
2 0.231659 0.077546 0.061464 0.099593
3 0.199456 0.136111 0.063786 0.101037
3 0.257263 0.220088 0.065339 0.113213
3 0.312794 0.044796 0.065401 0.078500
