0 0.499375 0.144755 0.063625 0.109511
0 0.397766 0.102622 0.068125 0.095462
0 0.434875 0.178764 0.061719 0.124538
0 0.473281 0.266535 0.070844 0.127799
0 0.617047 0.502323 0.059625 0.116114
0 0.628313 0.624728 0.063281 0.127337
0 0.362625 0.633505 0.078594 0.095815
0 0.359969 0.422989 0.067750 0.121196
0 0.261344 0.167989 0.061375 0.120924
2 0.456453 0.605883 0.070781 0.132255
2 0.564359 0.694606 0.068750 0.128668
2 0.492289 0.707242 0.059641 0.118125
2 0.416250 0.723818 0.071094 0.120462
2 0.306687 0.554090 0.071438 0.134864
2 0.512320 0.359389 0.058703 0.112038
2 0.338508 0.305272 0.052641 0.103533
4 0.206336 0.262840 0.064828 0.127473
4 0.159578 0.454117 0.075000 0.131114
4 0.307648 0.861902 0.058922 0.133967
4 0.378891 0.532024 0.069437 0.095136
4 0.297219 0.399837 0.053594 0.125272
4 0.402000 0.315571 0.068281 0.108696
1 0.332750 0.155639 0.063594 0.104103
1 0.541305 0.251413 0.055672 0.105978
1 0.588078 0.361495 0.064188 0.098641
1 0.560070 0.449946 0.054203 0.100000
1 0.561477 0.582527 0.068953 0.118859
1 0.220875 0.822432 0.080469 0.134266
1 0.247711 0.649769 0.074172 0.121766
1 0.246773 0.512690 0.059172 0.120543
3 0.274875 0.289742 0.066969 0.119755
3 0.227523 0.388832 0.065141 0.125815
3 0.178477 0.577351 0.073859 0.127310
3 0.174203 0.697391 0.077656 0.128696
3 0.300359 0.719130 0.079219 0.121033
3 0.380031 0.849674 0.074094 0.136522
3 0.471242 0.824891 0.082734 0.118750
3 0.506828 0.512894 0.051875 0.127310
3 0.444812 0.480707 0.072969 0.088098
3 0.446531 0.387120 0.072344 0.086793
3 0.368125 0.218057 0.074031 0.083397
