3 0.386693 0.357741 0.053208 0.094852
4 0.565984 0.295722 0.063781 0.104444
3 0.446865 0.323236 0.058948 0.097583
4 0.484318 0.283301 0.048312 0.101824
0 0.234326 0.338690 0.046370 0.072176
0 0.288630 0.376921 0.053156 0.085917
0 0.315484 0.321389 0.040594 0.083796
0 0.384648 0.299032 0.058953 0.064657
1 0.330284 0.383394 0.042526 0.067824
1 0.239201 0.395361 0.041797 0.064019
0 0.284104 0.257204 0.058958 0.049796
0 0.338060 0.260782 0.042526 0.068731
1 0.270479 0.295380 0.043490 0.082481
3 0.368763 0.224204 0.051224 0.069185
3 0.425182 0.225389 0.057990 0.071759
1 0.355167 0.325060 0.034792 0.068731
4 0.318081 0.189412 0.047359 0.068324
3 0.439279 0.948981 0.077297 0.102037
3 0.546703 0.666662 0.071521 0.115120
3 0.797789 0.879144 0.083661 0.110324
1 0.299312 0.895935 0.081250 0.123370
4 0.349760 0.667505 0.062823 0.101380
0 0.275714 0.450491 0.044865 0.087500
3 0.285974 0.554699 0.053146 0.103787
1 0.399984 0.525921 0.067271 0.092787
1 0.441766 0.562676 0.058885 0.086130
1 0.483344 0.489375 0.052104 0.109157
2 0.480409 0.395815 0.056401 0.088093
2 0.263099 0.626125 0.053354 0.096250
2 0.241227 0.485597 0.047755 0.077269
2 0.307654 0.449440 0.042339 0.089083
2 0.353430 0.462866 0.048891 0.080694
3 0.331492 0.523532 0.063786 0.101028
3 0.390747 0.599370 0.056391 0.100370
3 0.422604 0.409866 0.067094 0.088824
