0 0.505023 0.186807 0.064391 0.119647
0 0.410344 0.147120 0.064531 0.101033
0 0.443695 0.220448 0.058891 0.121712
0 0.480406 0.309565 0.069062 0.120109
0 0.610523 0.549592 0.057859 0.111141
0 0.619070 0.670910 0.060703 0.124755
0 0.377844 0.679579 0.075688 0.092473
0 0.374414 0.472092 0.068797 0.119022
0 0.283484 0.212921 0.057969 0.126875
2 0.461719 0.637527 0.060625 0.104837
2 0.561469 0.725204 0.059375 0.103940
2 0.496148 0.735625 0.049516 0.108478
2 0.426273 0.752826 0.057141 0.091902
2 0.327180 0.596427 0.061328 0.130625
2 0.514352 0.402310 0.055016 0.124891
2 0.356125 0.365761 0.050781 0.104620
4 0.231867 0.303981 0.062266 0.124647
4 0.193250 0.490693 0.075344 0.125190
4 0.329289 0.878166 0.052234 0.125353
4 0.392672 0.580204 0.070406 0.100951
4 0.315336 0.451209 0.053328 0.126168
4 0.416172 0.361929 0.062812 0.112500
1 0.348273 0.199416 0.054984 0.104701
1 0.541117 0.303478 0.051203 0.106902
1 0.588984 0.407310 0.056875 0.094837
1 0.557578 0.501603 0.044219 0.087663
1 0.560078 0.616522 0.057344 0.105435
1 0.248281 0.828125 0.048906 0.087174
1 0.278961 0.685883 0.060141 0.105136
1 0.276648 0.555992 0.057172 0.109321
3 0.296836 0.337908 0.062047 0.126522
3 0.253484 0.433288 0.064875 0.126087
3 0.214656 0.612011 0.068844 0.123750
3 0.208078 0.734334 0.074938 0.118179
3 0.323719 0.754117 0.073219 0.106875
3 0.394102 0.865924 0.067328 0.121087
3 0.472578 0.853030 0.073250 0.097364
3 0.510758 0.560788 0.049828 0.124185
3 0.454422 0.534538 0.070406 0.096087
3 0.453695 0.439647 0.067172 0.090598
3 0.383133 0.267337 0.070422 0.087391
