0 0.460914 0.211821 0.062859 0.137989
0 0.371328 0.165571 0.068125 0.098859
0 0.402625 0.238302 0.064500 0.122092
0 0.438609 0.322106 0.069625 0.124375
0 0.555594 0.543560 0.059625 0.116141
0 0.564984 0.658655 0.063281 0.127364
0 0.337594 0.670149 0.081187 0.093560
0 0.339180 0.472418 0.071766 0.121196
0 0.247586 0.229783 0.064141 0.130380
2 0.420680 0.644715 0.070016 0.132255
2 0.513813 0.703859 0.068750 0.128696
2 0.456641 0.721264 0.069875 0.132255
2 0.386680 0.750489 0.071078 0.120489
2 0.294969 0.590353 0.071438 0.134837
2 0.470930 0.414484 0.059391 0.128696
2 0.322078 0.364511 0.056719 0.112935
4 0.201125 0.314389 0.064813 0.127473
4 0.166477 0.486060 0.075016 0.128804
4 0.290562 0.855163 0.064281 0.131141
4 0.357719 0.577106 0.067437 0.104701
4 0.282094 0.454389 0.053594 0.125299
4 0.372672 0.371698 0.064906 0.122908
1 0.309063 0.200204 0.063594 0.104103
1 0.502016 0.308166 0.063156 0.132147
1 0.542891 0.412568 0.070969 0.128288
1 0.525305 0.506386 0.059578 0.115435
1 0.514453 0.614592 0.065531 0.107989
1 0.228484 0.808193 0.080469 0.134266
1 0.240039 0.674891 0.074172 0.132500
1 0.232672 0.549647 0.066031 0.120543
3 0.265961 0.342024 0.066953 0.119755
3 0.225852 0.429076 0.067203 0.125815
3 0.187531 0.604864 0.073875 0.127337
3 0.179703 0.718587 0.077656 0.128696
3 0.285414 0.743043 0.079234 0.121033
3 0.352086 0.842527 0.078172 0.133696
3 0.432117 0.830245 0.084141 0.118750
3 0.466250 0.558329 0.051875 0.127310
3 0.411656 0.529538 0.072969 0.096304
3 0.411234 0.440394 0.072344 0.100951
3 0.342344 0.277378 0.074031 0.083397
