0 0.534398 0.229185 0.062859 0.123696
0 0.450016 0.191304 0.068125 0.098859
0 0.480563 0.256943 0.064500 0.122092
0 0.511141 0.344239 0.069625 0.124402
0 0.629523 0.565625 0.059609 0.116141
0 0.636047 0.683084 0.063281 0.127364
0 0.414055 0.677840 0.081203 0.093560
0 0.412617 0.483016 0.071766 0.121196
0 0.326086 0.243383 0.064141 0.130408
2 0.489531 0.652432 0.072000 0.133397
2 0.582562 0.727269 0.068750 0.118071
2 0.525000 0.739144 0.069875 0.132255
2 0.460328 0.749851 0.066281 0.121766
2 0.368594 0.596644 0.071438 0.134864
2 0.540930 0.423641 0.059391 0.128696
2 0.394570 0.382677 0.060141 0.114103
4 0.280680 0.327690 0.060672 0.127446
4 0.243219 0.501413 0.075000 0.128804
4 0.367969 0.864620 0.064281 0.131141
4 0.430547 0.587649 0.067437 0.104701
4 0.361484 0.467826 0.053594 0.125272
4 0.449016 0.390353 0.064906 0.122935
1 0.383453 0.218709 0.063594 0.104103
1 0.562875 0.323981 0.063156 0.132147
1 0.604000 0.424035 0.070969 0.128288
1 0.577445 0.515054 0.059578 0.115435
1 0.584070 0.618139 0.065516 0.108016
1 0.283547 0.803981 0.080469 0.134266
1 0.315102 0.675421 0.074172 0.132473
1 0.313102 0.554375 0.066047 0.120543
3 0.342914 0.361644 0.066953 0.119755
3 0.300563 0.439973 0.067219 0.125815
3 0.262555 0.615313 0.073859 0.127310
3 0.256469 0.724891 0.077656 0.128696
3 0.365953 0.750734 0.079219 0.121033
3 0.425711 0.855136 0.078172 0.133696
3 0.504344 0.844457 0.078750 0.110380
3 0.540438 0.576454 0.051875 0.127310
3 0.487742 0.547310 0.068203 0.102174
3 0.488484 0.464823 0.072344 0.100951
3 0.423063 0.298655 0.074031 0.083397
