0 0.552742 0.190109 0.062859 0.109511
0 0.454094 0.134511 0.068125 0.094076
0 0.488078 0.219063 0.061719 0.124538
0 0.522734 0.315938 0.066844 0.117201
0 0.661469 0.582174 0.059625 0.116141
0 0.665266 0.707908 0.063281 0.127337
0 0.412359 0.710285 0.080625 0.101712
0 0.410914 0.481250 0.071766 0.121196
0 0.313820 0.200842 0.061359 0.130380
2 0.498094 0.671318 0.070781 0.132255
2 0.605672 0.772351 0.068750 0.128668
2 0.538820 0.788003 0.069859 0.132255
2 0.466766 0.803682 0.071094 0.120462
2 0.361797 0.622649 0.071438 0.134864
2 0.559961 0.424810 0.059391 0.128696
2 0.390828 0.371440 0.056719 0.112935
4 0.259578 0.295774 0.064813 0.127473
4 0.216711 0.489592 0.075016 0.128804
4 0.356758 0.914864 0.062234 0.131141
4 0.430547 0.608927 0.067437 0.104701
4 0.346531 0.460163 0.053594 0.125272
4 0.455789 0.365543 0.073047 0.108696
1 0.379719 0.176753 0.063594 0.104103
1 0.589391 0.310992 0.063156 0.132147
1 0.629820 0.430842 0.070953 0.128315
1 0.602586 0.538288 0.059578 0.115435
1 0.602688 0.642649 0.068969 0.118886
1 0.282187 0.867826 0.080469 0.134239
1 0.298789 0.726236 0.074172 0.132473
1 0.302227 0.567364 0.066047 0.120543
3 0.330000 0.331318 0.066969 0.119755
3 0.279492 0.431114 0.067203 0.125815
3 0.236375 0.620611 0.073875 0.127310
3 0.227594 0.754429 0.077656 0.128696
3 0.353375 0.792677 0.079219 0.121005
3 0.424719 0.909511 0.076094 0.133696
3 0.512445 0.899457 0.082734 0.118750
3 0.556406 0.589457 0.051875 0.127337
3 0.496234 0.558573 0.072969 0.096277
3 0.496641 0.458899 0.072344 0.100951
3 0.419656 0.265557 0.074031 0.083397
