0 0.505023 0.196902 0.064391 0.117391
0 0.412281 0.157799 0.064531 0.101033
0 0.444992 0.229755 0.058891 0.120109
0 0.481047 0.317989 0.069063 0.120109
0 0.609063 0.553505 0.056875 0.111141
0 0.617133 0.673723 0.060703 0.124783
0 0.380727 0.681413 0.073672 0.091522
0 0.377047 0.477310 0.067344 0.117663
0 0.286719 0.223003 0.057969 0.125734
2 0.461719 0.641060 0.060625 0.111359
2 0.560828 0.725204 0.059375 0.103940
2 0.496070 0.739837 0.049359 0.104674
2 0.427570 0.751984 0.054547 0.092228
2 0.329234 0.597595 0.059094 0.128995
2 0.513758 0.408424 0.054141 0.116196
2 0.358063 0.370815 0.050781 0.104620
4 0.236711 0.311590 0.062266 0.123016
4 0.199687 0.497228 0.071750 0.123261
4 0.332719 0.872799 0.050906 0.120489
4 0.394531 0.583125 0.068875 0.100272
4 0.318969 0.457554 0.052000 0.123261
4 0.416812 0.369783 0.062813 0.112500
1 0.349570 0.204470 0.056953 0.104701
1 0.541117 0.306304 0.051203 0.108043
1 0.586078 0.410109 0.056875 0.094837
1 0.557578 0.505693 0.044219 0.093614
1 0.560078 0.618207 0.057344 0.105435
1 0.252969 0.826658 0.048125 0.084239
1 0.280820 0.685951 0.060891 0.103641
1 0.277297 0.557106 0.057531 0.110353
3 0.299750 0.344633 0.061437 0.122038
3 0.257984 0.437527 0.063531 0.124457
3 0.220437 0.616522 0.068437 0.119783
3 0.213219 0.735462 0.073250 0.115272
3 0.326820 0.752962 0.073422 0.105924
3 0.396266 0.863967 0.065656 0.120543
3 0.473438 0.851929 0.072281 0.095054
3 0.511461 0.565299 0.049047 0.124185
3 0.455828 0.537391 0.068531 0.092826
3 0.454992 0.444293 0.067172 0.088370
3 0.384742 0.274647 0.070422 0.087391
