0 0.495156 0.239878 0.059844 0.106929
0 0.408633 0.204280 0.059766 0.092255
0 0.439219 0.272147 0.058125 0.111957
0 0.471914 0.352310 0.062422 0.113859
0 0.590234 0.571291 0.050156 0.103071
0 0.596438 0.681848 0.056969 0.114946
0 0.377531 0.687554 0.068844 0.082337
0 0.375820 0.498845 0.062891 0.109375
0 0.291445 0.266033 0.054766 0.114674
2 0.453414 0.650340 0.061359 0.104212
2 0.544344 0.724728 0.060719 0.096196
2 0.486047 0.738342 0.051562 0.091630
2 0.421594 0.758832 0.057125 0.100272
2 0.332969 0.609239 0.052188 0.116848
2 0.503008 0.437636 0.053984 0.106250
2 0.356563 0.398438 0.049063 0.097147
4 0.244570 0.345965 0.058359 0.110679
4 0.210820 0.517813 0.066484 0.113071
4 0.331953 0.867772 0.049844 0.116576
4 0.392180 0.599688 0.062484 0.090571
4 0.321211 0.480095 0.047422 0.112636
4 0.412773 0.400204 0.060703 0.105299
1 0.346758 0.237976 0.055078 0.099049
1 0.529414 0.336277 0.053047 0.105978
1 0.570695 0.434008 0.059703 0.083179
1 0.543055 0.518111 0.047016 0.086658
1 0.544258 0.624321 0.058828 0.095652
1 0.261625 0.822418 0.057219 0.086413
1 0.285383 0.690639 0.057984 0.095842
1 0.277617 0.564579 0.054297 0.110245
3 0.305977 0.376916 0.059766 0.112962
3 0.264687 0.460666 0.059531 0.109918
3 0.229703 0.626902 0.063406 0.111957
3 0.224117 0.735924 0.066453 0.103967
3 0.328703 0.756495 0.069000 0.104348
3 0.391031 0.858451 0.062312 0.113315
3 0.465719 0.846549 0.069187 0.093207
3 0.499352 0.579918 0.046141 0.113370
3 0.448156 0.554620 0.062406 0.083696
3 0.448008 0.470448 0.063359 0.081386
3 0.382102 0.313859 0.066422 0.080435
