0 0.529641 0.242188 0.062875 0.123723
0 0.442875 0.200177 0.068125 0.098832
0 0.475008 0.275448 0.064516 0.122092
0 0.505609 0.351508 0.069625 0.124375
0 0.624430 0.582174 0.059609 0.116141
0 0.632656 0.691359 0.063281 0.127337
0 0.408016 0.693329 0.081188 0.093560
0 0.407711 0.497609 0.071766 0.121196
0 0.321320 0.255190 0.064141 0.130380
2 0.489531 0.662486 0.072000 0.133397
2 0.579156 0.740258 0.068750 0.118071
2 0.522609 0.746549 0.069875 0.132283
2 0.458625 0.764035 0.066281 0.121766
2 0.369609 0.603750 0.071438 0.134837
2 0.541781 0.436033 0.059375 0.128696
2 0.394055 0.394497 0.060141 0.114103
4 0.275242 0.341875 0.060672 0.127446
4 0.234867 0.512554 0.075016 0.128804
4 0.364234 0.878804 0.064281 0.131141
4 0.427828 0.601834 0.067437 0.104701
4 0.354008 0.476685 0.053609 0.125272
4 0.447922 0.400992 0.064906 0.122908
1 0.383625 0.220788 0.063594 0.104076
1 0.570344 0.332242 0.063156 0.132147
1 0.608922 0.436440 0.070969 0.128315
1 0.582164 0.522935 0.059578 0.115435
1 0.574633 0.629755 0.065516 0.107989
1 0.290000 0.832351 0.080469 0.134266
1 0.317477 0.698668 0.074172 0.132500
1 0.315648 0.568641 0.066047 0.120543
3 0.333203 0.372840 0.066969 0.119755
3 0.293938 0.457690 0.067219 0.125815
3 0.257117 0.631848 0.073859 0.127337
3 0.251414 0.734579 0.075672 0.128723
3 0.361000 0.761250 0.079219 0.121033
3 0.421133 0.869307 0.078172 0.133723
3 0.497547 0.857446 0.078750 0.110380
3 0.534234 0.588777 0.051875 0.127337
3 0.480953 0.560625 0.068219 0.102174
3 0.481188 0.472500 0.072344 0.100978
3 0.416594 0.314022 0.074031 0.083370
