0 0.517977 0.241399 0.062859 0.123723
0 0.428266 0.198696 0.068125 0.098859
0 0.462203 0.272894 0.064500 0.122092
0 0.492789 0.352514 0.069641 0.124375
0 0.612187 0.582174 0.058219 0.116141
0 0.618375 0.687215 0.063281 0.127364
0 0.397062 0.692024 0.081188 0.093560
0 0.392570 0.496005 0.071766 0.121196
0 0.308414 0.251658 0.064141 0.130380
2 0.475695 0.663329 0.072016 0.133397
2 0.566078 0.743804 0.068750 0.118043
2 0.504500 0.744266 0.069875 0.132283
2 0.442656 0.765217 0.066281 0.121739
2 0.355172 0.611726 0.071438 0.134864
2 0.528695 0.437228 0.059391 0.128696
2 0.379617 0.389185 0.060141 0.114130
4 0.259609 0.339511 0.060656 0.127446
4 0.223844 0.510870 0.075000 0.128804
4 0.348258 0.878804 0.064297 0.131141
4 0.412195 0.598601 0.067453 0.104701
4 0.340078 0.476087 0.053594 0.125272
4 0.431344 0.400992 0.064906 0.122908
1 0.369688 0.220489 0.063594 0.104076
1 0.553016 0.338465 0.063156 0.132147
1 0.601617 0.433777 0.070953 0.128315
1 0.580523 0.522378 0.059578 0.115462
1 0.568773 0.628179 0.065516 0.107989
1 0.276750 0.834130 0.080469 0.134239
1 0.304680 0.694144 0.074172 0.132473
1 0.302906 0.573587 0.066031 0.120543
3 0.321844 0.371793 0.066969 0.119783
3 0.279836 0.455924 0.067203 0.125815
3 0.242500 0.630068 0.073875 0.127310
3 0.237070 0.731386 0.075672 0.128696
3 0.346922 0.760177 0.079219 0.121005
3 0.408727 0.867541 0.078172 0.133723
3 0.484797 0.855978 0.078750 0.110380
3 0.522437 0.585312 0.051875 0.127310
3 0.468547 0.559728 0.068219 0.102174
3 0.468781 0.470149 0.072344 0.100951
3 0.402156 0.307527 0.074031 0.083370
