0 0.507211 0.232908 0.062859 0.123696
0 0.420109 0.192840 0.068125 0.098832
0 0.451602 0.266155 0.064516 0.122092
0 0.485219 0.345761 0.069625 0.124402
0 0.602133 0.570353 0.058234 0.116141
0 0.609141 0.679769 0.063281 0.127364
0 0.386289 0.685258 0.081203 0.093560
0 0.382664 0.487310 0.071766 0.121196
0 0.300070 0.251141 0.064141 0.130380
2 0.473711 0.656033 0.072016 0.133370
2 0.558773 0.736481 0.068734 0.118071
2 0.499453 0.739837 0.069875 0.132283
2 0.433594 0.758777 0.065656 0.121413
2 0.340188 0.608465 0.071438 0.134864
2 0.519273 0.435788 0.059391 0.128696
2 0.366695 0.388601 0.060141 0.114103
4 0.252906 0.334959 0.060656 0.127473
4 0.217188 0.506821 0.075000 0.128804
4 0.341055 0.869701 0.064297 0.131141
4 0.404570 0.592649 0.067453 0.104701
4 0.330367 0.470516 0.053609 0.125272
4 0.424391 0.392717 0.064906 0.122935
1 0.359250 0.223193 0.063594 0.104103
1 0.548719 0.337418 0.063156 0.132120
1 0.592445 0.431128 0.070953 0.128288
1 0.578023 0.518016 0.059578 0.115435
1 0.562258 0.623954 0.065516 0.108016
1 0.266969 0.830462 0.080469 0.134239
1 0.294164 0.696467 0.074172 0.132500
1 0.288773 0.568560 0.066047 0.120543
3 0.309609 0.364008 0.066969 0.119755
3 0.270891 0.449239 0.067219 0.125815
3 0.235570 0.621563 0.073859 0.127310
3 0.227352 0.727473 0.075672 0.128696
3 0.337484 0.753451 0.079219 0.121033
3 0.396977 0.856304 0.078172 0.133696
3 0.477148 0.845272 0.078766 0.110380
3 0.511359 0.578818 0.051875 0.127310
3 0.460789 0.552717 0.068203 0.102174
3 0.461781 0.463519 0.072344 0.100951
3 0.392695 0.299837 0.074016 0.083370
