0 0.491969 0.240530 0.059344 0.105625
0 0.406289 0.205639 0.060078 0.092799
0 0.436594 0.273777 0.058125 0.111957
0 0.468508 0.352310 0.061484 0.113859
0 0.586172 0.569144 0.049531 0.102582
0 0.592539 0.678859 0.056641 0.114946
0 0.375195 0.683478 0.067891 0.082337
0 0.373477 0.496943 0.061953 0.108832
0 0.289727 0.266033 0.055078 0.114674
2 0.450930 0.650720 0.062266 0.108234
2 0.540930 0.722554 0.057266 0.096196
2 0.484328 0.735380 0.051562 0.093750
2 0.419258 0.754918 0.055547 0.105489
2 0.331344 0.609239 0.051687 0.116848
2 0.499289 0.436440 0.052172 0.108641
2 0.354250 0.398818 0.047187 0.101168
4 0.244352 0.346236 0.058797 0.110136
4 0.210352 0.515095 0.066172 0.110897
4 0.330703 0.864538 0.049844 0.116576
4 0.389625 0.596454 0.061375 0.091168
4 0.319117 0.478628 0.045984 0.110788
4 0.410367 0.399823 0.059016 0.104538
1 0.345977 0.238899 0.053516 0.097201
1 0.526070 0.336821 0.053484 0.105978
1 0.568562 0.432840 0.060094 0.083886
1 0.541875 0.518247 0.046406 0.086440
1 0.542852 0.623777 0.061016 0.095652
1 0.261703 0.821658 0.059937 0.094239
1 0.284141 0.686141 0.057969 0.091739
1 0.277586 0.565639 0.053734 0.110082
3 0.305508 0.375082 0.058828 0.110924
3 0.263312 0.457133 0.058906 0.105027
3 0.229250 0.624185 0.062812 0.110870
3 0.222945 0.731753 0.065047 0.102092
3 0.326617 0.752174 0.067297 0.104348
3 0.388703 0.853315 0.061719 0.113315
3 0.462141 0.838995 0.067344 0.093207
3 0.496242 0.577609 0.045234 0.112011
3 0.444570 0.553533 0.062109 0.083696
3 0.445289 0.470068 0.062547 0.082147
3 0.379539 0.314511 0.065297 0.081739
