0 0.470508 0.211427 0.062859 0.137962
0 0.380008 0.170041 0.068109 0.098832
0 0.413953 0.240394 0.064500 0.122092
0 0.447250 0.321780 0.069625 0.124375
0 0.567680 0.552636 0.059609 0.116141
0 0.578953 0.664171 0.063281 0.127364
0 0.350172 0.676658 0.081188 0.093587
0 0.347711 0.481223 0.071766 0.121196
0 0.259477 0.229212 0.064141 0.130380
2 0.432812 0.644715 0.070031 0.132255
2 0.518672 0.721929 0.068750 0.128696
2 0.464062 0.732459 0.069875 0.132255
2 0.400836 0.752853 0.071078 0.120489
2 0.305922 0.596889 0.071438 0.134864
2 0.485883 0.416522 0.059391 0.128696
2 0.328969 0.376168 0.056719 0.112935
4 0.210633 0.321780 0.064828 0.127473
4 0.173891 0.500245 0.075000 0.128804
4 0.306125 0.864620 0.064281 0.131141
4 0.364617 0.581739 0.067453 0.104728
4 0.288078 0.460734 0.053594 0.125272
4 0.383766 0.378533 0.064906 0.122935
1 0.321609 0.200992 0.063594 0.104103
1 0.513250 0.314524 0.063156 0.132147
1 0.555516 0.417826 0.070969 0.128315
1 0.543461 0.506386 0.059578 0.115435
1 0.523195 0.606236 0.067641 0.105788
1 0.237328 0.821726 0.080469 0.134266
1 0.254953 0.684878 0.074187 0.132473
1 0.253289 0.560272 0.066047 0.120543
3 0.270875 0.347853 0.066969 0.119783
3 0.230563 0.434647 0.067219 0.125815
3 0.194250 0.613533 0.073875 0.127337
3 0.189531 0.728424 0.077656 0.128696
3 0.300367 0.751318 0.079234 0.121005
3 0.363867 0.853954 0.078172 0.133723
3 0.441102 0.837989 0.084141 0.118750
3 0.477234 0.566997 0.051875 0.127310
3 0.422156 0.537283 0.072969 0.096304
3 0.421203 0.448274 0.072344 0.100951
3 0.355094 0.282106 0.074031 0.083397
