0 0.490695 0.239891 0.058266 0.106902
0 0.405008 0.204891 0.058766 0.090761
0 0.435391 0.272174 0.056562 0.111087
0 0.466914 0.349457 0.060703 0.111957
0 0.583734 0.565312 0.050500 0.102908
0 0.590555 0.675231 0.055453 0.116114
0 0.374609 0.680299 0.067656 0.086685
0 0.372320 0.496196 0.062484 0.108696
0 0.290703 0.264810 0.052969 0.114402
2 0.450156 0.645856 0.062344 0.107473
2 0.540078 0.718682 0.058125 0.092799
2 0.483430 0.732079 0.051578 0.098614
2 0.418891 0.750679 0.057844 0.105707
2 0.330813 0.604375 0.051375 0.107772
2 0.498359 0.434742 0.051719 0.104429
2 0.354023 0.396467 0.047578 0.098804
4 0.244688 0.345489 0.059687 0.111630
4 0.210352 0.512880 0.065078 0.113424
4 0.329602 0.860272 0.050516 0.117337
4 0.388680 0.592323 0.062641 0.092582
4 0.318820 0.475965 0.047016 0.112255
4 0.409531 0.397283 0.060000 0.102337
1 0.345703 0.239266 0.052969 0.095652
1 0.524547 0.334198 0.053313 0.105082
1 0.565367 0.431087 0.060672 0.084891
1 0.540102 0.518465 0.045453 0.086060
1 0.539867 0.621304 0.060078 0.097174
1 0.261047 0.812092 0.059750 0.093207
1 0.283281 0.684620 0.060000 0.091522
1 0.279727 0.560815 0.050234 0.106141
3 0.304805 0.372337 0.057422 0.107880
3 0.263828 0.454878 0.058281 0.104918
3 0.229375 0.619592 0.063125 0.110543
3 0.223750 0.727976 0.064219 0.107038
3 0.326094 0.746943 0.066875 0.103940
3 0.388602 0.848166 0.061578 0.114810
3 0.460820 0.833967 0.067734 0.093207
3 0.495117 0.574565 0.044766 0.112717
3 0.443672 0.549769 0.062031 0.083505
3 0.444609 0.466861 0.062344 0.081821
3 0.379367 0.313587 0.065328 0.082065
