0 0.620039 0.123954 0.062859 0.137962
0 0.528859 0.072473 0.068125 0.099946
0 0.559398 0.150557 0.064516 0.122092
0 0.591383 0.236726 0.066828 0.117201
0 0.717883 0.485245 0.059609 0.116141
0 0.719641 0.603899 0.063281 0.127364
0 0.491539 0.592731 0.081203 0.093560
0 0.491117 0.392582 0.071766 0.121196
0 0.401523 0.127554 0.064141 0.130380
2 0.570781 0.561970 0.070031 0.132255
2 0.667516 0.653967 0.068750 0.128696
2 0.604750 0.656793 0.069875 0.132283
2 0.539492 0.664198 0.071078 0.120462
2 0.444039 0.503859 0.071422 0.134837
2 0.631320 0.343261 0.059391 0.128696
2 0.477141 0.276875 0.056719 0.112935
4 0.351328 0.215408 0.064812 0.127446
4 0.314578 0.398587 0.075000 0.128804
4 0.444094 0.775978 0.064281 0.131141
4 0.508031 0.497812 0.067438 0.104701
4 0.431492 0.367364 0.053609 0.125272
4 0.531937 0.291060 0.064906 0.122935
1 0.460938 0.099334 0.063594 0.104103
1 0.651234 0.231780 0.063156 0.132147
1 0.698469 0.332717 0.070969 0.128315
1 0.666477 0.433098 0.059578 0.115435
1 0.666609 0.542405 0.067656 0.105788
1 0.367141 0.729511 0.080469 0.134239
1 0.387820 0.586766 0.074172 0.132500
1 0.389227 0.456250 0.066047 0.120543
3 0.415641 0.256834 0.066969 0.119755
3 0.372609 0.338913 0.067219 0.125815
3 0.334937 0.515421 0.073875 0.127310
3 0.327500 0.630326 0.077656 0.128696
3 0.440375 0.660299 0.079219 0.121033
3 0.500164 0.771209 0.076078 0.133723
3 0.584516 0.767065 0.084125 0.118750
3 0.622000 0.488981 0.051875 0.127310
3 0.568297 0.455734 0.072969 0.096304
3 0.568016 0.364334 0.072344 0.100951
3 0.497828 0.188723 0.074031 0.083370
