4 0.532930 0.282785 0.075141 0.105951
0 0.330687 0.289565 0.086281 0.120652
0 0.304602 0.416291 0.076953 0.138832
0 0.352406 0.519701 0.082656 0.140924
0 0.413367 0.724198 0.075422 0.128505
0 0.699234 0.485856 0.068187 0.147310
0 0.625227 0.707106 0.076516 0.150734
0 0.560547 0.655448 0.074219 0.139973
0 0.512164 0.945543 0.087609 0.108913
0 0.421570 0.961957 0.084266 0.076087
3 0.453516 0.125340 0.077094 0.108886
3 0.389531 0.211399 0.077125 0.120353
3 0.452922 0.360516 0.072969 0.127989
3 0.431187 0.486060 0.072219 0.127337
3 0.573289 0.203764 0.074859 0.133234
3 0.619469 0.279905 0.078563 0.127418
3 0.685609 0.355693 0.075125 0.121821
3 0.496758 0.589416 0.082422 0.136223
3 0.487984 0.725652 0.077000 0.148098
3 0.350383 0.782717 0.082734 0.133478
3 0.353531 0.916332 0.086563 0.138913
4 0.570344 0.528560 0.073375 0.122065
4 0.641586 0.573804 0.077641 0.146902
4 0.680711 0.821997 0.087641 0.158342
4 0.338016 0.645489 0.080469 0.144293
4 0.514492 0.352840 0.078109 0.130299
2 0.537961 0.051427 0.077016 0.095788
2 0.523375 0.163709 0.072281 0.134212
2 0.379219 0.382582 0.079750 0.142446
2 0.452977 0.853995 0.087422 0.153370
2 0.593945 0.911522 0.083328 0.164674
2 0.254883 0.663723 0.085984 0.150815
1 0.234242 0.531196 0.083891 0.118967
1 0.267008 0.810639 0.089203 0.161223
1 0.553406 0.786399 0.072063 0.154973
1 0.465922 0.241440 0.076906 0.118043
1 0.599688 0.135109 0.072219 0.118533
1 0.634641 0.441019 0.060969 0.142582
1 0.569477 0.405639 0.074359 0.136114
1 0.502797 0.470312 0.078906 0.103614
2 0.415859 0.601318 0.078125 0.127201
