0 0.327266 0.237500 0.080875 0.128804
0 0.304828 0.352853 0.071531 0.131739
0 0.352039 0.452717 0.077828 0.140924
0 0.410984 0.632745 0.072719 0.126033
0 0.682203 0.404348 0.065406 0.136793
0 0.613508 0.611291 0.071859 0.140190
0 0.550383 0.566182 0.066672 0.124592
0 0.505516 0.865639 0.080219 0.155571
0 0.424516 0.894497 0.081563 0.147527
3 0.445359 0.082799 0.077094 0.108859
3 0.384773 0.157024 0.077109 0.120353
3 0.441719 0.297853 0.062781 0.129130
3 0.424844 0.409579 0.068813 0.122527
3 0.558563 0.144660 0.074875 0.133234
3 0.603633 0.215543 0.075797 0.128533
3 0.667039 0.283179 0.071078 0.121793
3 0.489625 0.506712 0.076438 0.124293
3 0.482086 0.632255 0.070234 0.126793
3 0.349219 0.689307 0.076000 0.128832
3 0.354891 0.821196 0.086563 0.134185
4 0.560055 0.449348 0.069922 0.122065
4 0.626992 0.486943 0.072922 0.128016
4 0.667000 0.719728 0.078906 0.139348
4 0.339008 0.570679 0.077016 0.125272
4 0.503852 0.284266 0.075391 0.127228
4 0.518430 0.222908 0.076047 0.107554
2 0.522336 0.025408 0.077016 0.050815
2 0.513867 0.114062 0.072266 0.134212
2 0.375711 0.321535 0.076359 0.133071
2 0.451625 0.755231 0.082000 0.134375
2 0.583727 0.806277 0.077828 0.145652
2 0.259320 0.585136 0.078453 0.135652
1 0.238672 0.465000 0.080469 0.118967
1 0.270711 0.722649 0.080422 0.148342
1 0.542453 0.693261 0.068594 0.134946
1 0.455523 0.186685 0.072859 0.118043
1 0.580664 0.082446 0.072203 0.110163
1 0.623078 0.358872 0.060969 0.134321
1 0.561312 0.334348 0.064813 0.128967
1 0.495672 0.394470 0.076844 0.103614
2 0.412156 0.520910 0.076156 0.116712
