0 0.529336 0.197201 0.063609 0.109511
0 0.444578 0.160516 0.068125 0.094076
0 0.472438 0.224986 0.061719 0.124538
0 0.508500 0.302323 0.070844 0.127799
0 0.629984 0.508696 0.059625 0.116141
0 0.637734 0.621617 0.063281 0.127364
0 0.413719 0.620448 0.080625 0.101712
0 0.410227 0.438696 0.071766 0.121196
0 0.328773 0.213845 0.061359 0.120951
2 0.491922 0.579715 0.070781 0.132255
2 0.586641 0.658098 0.068750 0.128696
2 0.530188 0.667921 0.069875 0.132255
2 0.462914 0.683709 0.071078 0.120462
2 0.367922 0.541481 0.071437 0.134864
2 0.540594 0.382255 0.058719 0.128696
2 0.392422 0.325761 0.056719 0.112935
4 0.279969 0.292228 0.064812 0.127446
4 0.241180 0.456481 0.075016 0.131114
4 0.361141 0.804375 0.062250 0.145870
4 0.430859 0.529660 0.069438 0.095136
4 0.356047 0.418207 0.053594 0.125272
4 0.445586 0.340734 0.073047 0.108696
1 0.387531 0.176155 0.063594 0.104103
1 0.567180 0.274579 0.063141 0.133234
1 0.609891 0.373302 0.070969 0.128288
1 0.583555 0.444891 0.059578 0.115435
1 0.587969 0.557160 0.068969 0.118886
1 0.288969 0.760258 0.080469 0.134266
1 0.311758 0.621685 0.074172 0.132500
1 0.315148 0.504728 0.066047 0.120543
3 0.337477 0.321861 0.066953 0.119755
3 0.295125 0.401576 0.067219 0.125815
3 0.257453 0.557976 0.073875 0.127310
3 0.251375 0.665788 0.077656 0.128696
3 0.362891 0.687473 0.079219 0.121033
3 0.425398 0.792717 0.076078 0.136522
3 0.506336 0.778913 0.082734 0.118750
3 0.536703 0.517948 0.051875 0.127310
3 0.482641 0.489226 0.072969 0.096277
3 0.485453 0.410136 0.072344 0.100978
3 0.417047 0.260095 0.074031 0.083397
