0 0.526102 0.173478 0.062859 0.137989
0 0.429797 0.128315 0.068125 0.099946
0 0.464969 0.203709 0.061719 0.124538
0 0.498609 0.295231 0.066844 0.117201
0 0.627258 0.547310 0.059609 0.116141
0 0.636266 0.670666 0.063281 0.127364
0 0.393531 0.670978 0.081187 0.093587
0 0.391539 0.462337 0.071766 0.121196
0 0.297992 0.192554 0.064141 0.130380
2 0.478578 0.624579 0.070031 0.132255
2 0.580688 0.741535 0.068750 0.128668
2 0.520469 0.741318 0.069875 0.132255
2 0.445188 0.759946 0.071094 0.120489
2 0.344219 0.591753 0.071438 0.134864
2 0.538211 0.392976 0.059391 0.128668
2 0.373375 0.348207 0.056719 0.112935
4 0.245297 0.280883 0.064812 0.127473
4 0.207539 0.472473 0.075016 0.128804
4 0.343172 0.877636 0.064281 0.131141
4 0.409477 0.574063 0.067453 0.104701
4 0.332672 0.438288 0.053594 0.125272
4 0.431320 0.348967 0.073047 0.122935
1 0.368859 0.139171 0.063594 0.104103
1 0.568312 0.286454 0.063156 0.132147
1 0.613297 0.392364 0.070969 0.128315
1 0.578852 0.477690 0.059578 0.115435
1 0.582281 0.614959 0.067656 0.105788
1 0.272422 0.783071 0.080469 0.134239
1 0.289953 0.680639 0.074187 0.132473
1 0.286602 0.544918 0.066047 0.120543
3 0.313281 0.316889 0.066969 0.119755
3 0.268078 0.408641 0.067219 0.125815
3 0.228219 0.604076 0.073875 0.127337
3 0.219969 0.726549 0.077656 0.128696
3 0.341141 0.753084 0.079219 0.121005
3 0.406023 0.862215 0.076078 0.133723
3 0.490023 0.852174 0.082734 0.118750
3 0.530656 0.553057 0.051875 0.127310
3 0.474625 0.524293 0.072969 0.096304
3 0.471156 0.435856 0.072344 0.100951
3 0.399266 0.249796 0.074031 0.083397
