3 0.431628 0.249755 0.051984 0.089083
4 0.544073 0.156426 0.061813 0.086574
3 0.523404 0.231245 0.049297 0.086861
4 0.465734 0.157338 0.057802 0.101824
0 0.210883 0.235157 0.046370 0.090667
0 0.270437 0.269806 0.053156 0.085907
0 0.297018 0.192028 0.055286 0.083796
0 0.481841 0.432417 0.057172 0.077944
1 0.261333 0.516333 0.053698 0.096130
1 0.219404 0.300907 0.041797 0.086130
0 0.258872 0.140023 0.049286 0.058361
0 0.303648 0.119324 0.042526 0.068722
1 0.249680 0.202032 0.043495 0.082472
3 0.336664 0.091333 0.051224 0.069185
3 0.393474 0.065000 0.057990 0.071759
1 0.341026 0.398074 0.045448 0.092111
4 0.285216 0.057412 0.056411 0.075676
4 0.516570 0.487032 0.049245 0.085861
2 0.517792 0.323292 0.044510 0.092250
1 0.391570 0.202523 0.045453 0.099324
3 0.491477 0.348986 0.053974 0.085861
3 0.480586 0.904556 0.059661 0.104352
4 0.351042 0.529796 0.069698 0.106056
1 0.453609 0.502185 0.048271 0.094278
1 0.302906 0.775671 0.073865 0.121213
3 0.593081 0.589431 0.065203 0.107269
3 0.490622 0.562106 0.049755 0.093250
3 0.847065 0.922620 0.084318 0.127815
1 0.227669 0.939120 0.076099 0.121759
4 0.340956 0.520380 0.062828 0.101389
0 0.350599 0.300764 0.052156 0.097343
3 0.641164 0.347454 0.058828 0.110259
1 0.571305 0.522116 0.048141 0.083898
1 0.530839 0.595963 0.055250 0.094759
1 0.560341 0.337032 0.050839 0.096361
2 0.472195 0.259546 0.052641 0.086778
2 0.259299 0.355644 0.059964 0.096250
2 0.337487 0.211208 0.051057 0.080417
2 0.381690 0.173324 0.046380 0.077333
2 0.443753 0.488667 0.059745 0.095704
3 0.396461 0.436634 0.059016 0.099491
3 0.539992 0.416782 0.063307 0.103065
3 0.437904 0.293977 0.056224 0.088824
