0 0.545656 0.146372 0.063625 0.109538
0 0.439828 0.104334 0.068125 0.095462
0 0.475844 0.184796 0.061719 0.124538
0 0.515977 0.273954 0.070859 0.127799
0 0.667586 0.551440 0.059609 0.116141
0 0.682937 0.684266 0.063281 0.127337
0 0.402836 0.679552 0.080641 0.101712
0 0.398680 0.443424 0.071766 0.121196
0 0.294789 0.167745 0.061359 0.120924
2 0.497750 0.644715 0.070781 0.132255
2 0.614500 0.747935 0.068750 0.128696
2 0.542242 0.752514 0.068453 0.118125
2 0.464055 0.777677 0.071078 0.120462
2 0.340047 0.589552 0.071438 0.134864
2 0.556906 0.382853 0.058719 0.128696
2 0.374188 0.325951 0.056719 0.112935
4 0.238508 0.262677 0.064828 0.127473
4 0.184086 0.469470 0.075016 0.131114
4 0.337508 0.921033 0.062234 0.145870
4 0.417945 0.573410 0.069422 0.095136
4 0.327500 0.424103 0.053594 0.125272
4 0.444227 0.332446 0.073047 0.108696
1 0.364422 0.151345 0.063594 0.104103
1 0.589047 0.266698 0.063156 0.133234
1 0.639000 0.385924 0.070969 0.128315
1 0.608258 0.481929 0.059578 0.115435
1 0.614250 0.613886 0.068969 0.118859
1 0.249547 0.863560 0.080469 0.134239
1 0.277586 0.682514 0.074172 0.132473
1 0.277086 0.536658 0.066047 0.120543
3 0.308250 0.297038 0.066969 0.119783
3 0.259102 0.399212 0.067203 0.125815
3 0.209195 0.599334 0.073859 0.127310
3 0.196313 0.731984 0.077656 0.128696
3 0.335703 0.769035 0.079219 0.121005
3 0.415203 0.908560 0.076094 0.136522
3 0.513805 0.888832 0.082734 0.118750
3 0.556750 0.551644 0.051875 0.127310
3 0.488766 0.518370 0.072969 0.096304
3 0.486453 0.415177 0.072344 0.100951
3 0.412859 0.227731 0.074031 0.083397
