0 0.502180 0.224674 0.062828 0.111413
0 0.412516 0.185910 0.061656 0.093940
0 0.444234 0.255068 0.058781 0.112690
0 0.477344 0.339321 0.063594 0.113859
0 0.599266 0.564416 0.053719 0.106495
0 0.607156 0.679674 0.059750 0.119402
0 0.381859 0.683505 0.070969 0.086087
0 0.378984 0.491101 0.064062 0.113342
0 0.292656 0.250992 0.054375 0.117038
2 0.459297 0.645951 0.059625 0.106033
2 0.553516 0.722187 0.063594 0.093016
2 0.491344 0.739212 0.052281 0.103533
2 0.426016 0.754579 0.057406 0.094103
2 0.335000 0.604198 0.052813 0.121386
2 0.509852 0.427772 0.054109 0.103261
2 0.359008 0.386182 0.050047 0.097745
4 0.245312 0.334090 0.058750 0.115897
4 0.209211 0.509606 0.068078 0.119375
4 0.334203 0.868995 0.049844 0.116576
4 0.396180 0.592745 0.064547 0.090598
4 0.323148 0.470951 0.049266 0.117337
4 0.416719 0.388913 0.062813 0.106250
1 0.348883 0.224239 0.057922 0.101359
1 0.536156 0.322609 0.052500 0.105978
1 0.578039 0.423913 0.060172 0.088478
1 0.549914 0.512446 0.045453 0.091413
1 0.551367 0.621128 0.054234 0.093614
1 0.261172 0.819579 0.050031 0.079810
1 0.286391 0.690190 0.060969 0.100054
1 0.277703 0.561685 0.055844 0.110652
3 0.305625 0.365217 0.060937 0.113478
3 0.265937 0.451454 0.062187 0.117201
3 0.228898 0.621168 0.066516 0.115272
3 0.223742 0.733845 0.069641 0.106277
3 0.331555 0.756223 0.070641 0.104348
3 0.395797 0.860027 0.063063 0.117391
3 0.472742 0.848315 0.071516 0.093207
3 0.507430 0.573845 0.047297 0.117473
3 0.453820 0.546821 0.065141 0.085707
3 0.453367 0.460027 0.066047 0.082772
3 0.385547 0.299226 0.067812 0.081168
