0 0.629555 0.184226 0.062859 0.137962
0 0.541094 0.139851 0.068125 0.099973
0 0.574352 0.209660 0.064516 0.122092
0 0.605617 0.301685 0.069641 0.124402
0 0.730789 0.541984 0.059609 0.116141
0 0.732563 0.661807 0.063281 0.127364
0 0.502414 0.657745 0.081203 0.093587
0 0.497914 0.455245 0.071766 0.121196
0 0.417836 0.193750 0.064141 0.130380
2 0.587094 0.611617 0.070031 0.132255
2 0.684516 0.707745 0.068750 0.128696
2 0.623781 0.715897 0.069875 0.132283
2 0.555805 0.726834 0.071078 0.120462
2 0.463063 0.567106 0.071438 0.134864
2 0.639930 0.400000 0.059391 0.128696
2 0.486422 0.340326 0.056719 0.112935
4 0.368312 0.275693 0.064812 0.127473
4 0.328859 0.452962 0.075000 0.128804
4 0.458375 0.842174 0.064281 0.131141
4 0.522984 0.553383 0.067438 0.104701
4 0.448484 0.432364 0.053594 0.125272
4 0.541453 0.354891 0.064906 0.122935
1 0.472484 0.165530 0.063594 0.104103
1 0.672297 0.289687 0.063156 0.132147
1 0.714781 0.369361 0.070969 0.128288
1 0.682570 0.486685 0.059578 0.115435
1 0.679859 0.595598 0.067656 0.105815
1 0.383109 0.785082 0.080469 0.134239
1 0.410930 0.641535 0.074172 0.132473
1 0.412336 0.518913 0.066047 0.120543
3 0.428555 0.314769 0.066953 0.119755
3 0.385867 0.402147 0.067203 0.125815
3 0.347852 0.574524 0.073859 0.127310
3 0.342781 0.695326 0.077656 0.128696
3 0.455328 0.719402 0.079219 0.121033
3 0.519875 0.830313 0.076094 0.133723
3 0.595391 0.820272 0.084125 0.118750
3 0.632875 0.548084 0.051875 0.127310
3 0.579156 0.519565 0.072969 0.096304
3 0.578203 0.426997 0.072344 0.100951
3 0.510734 0.251372 0.074031 0.083397
