0 0.528063 0.168397 0.063625 0.109511
0 0.431930 0.133302 0.068109 0.095462
0 0.467766 0.199117 0.061719 0.124538
0 0.496891 0.276902 0.070844 0.127826
0 0.637133 0.498668 0.059609 0.116141
0 0.657109 0.633438 0.063281 0.127364
0 0.405734 0.643791 0.078594 0.095788
0 0.397203 0.433832 0.067750 0.121196
0 0.305578 0.195679 0.061375 0.120924
2 0.486875 0.603139 0.070781 0.132255
2 0.597687 0.691644 0.068750 0.128668
2 0.526148 0.693193 0.059641 0.118125
2 0.452367 0.719090 0.071078 0.120462
2 0.352445 0.554742 0.062547 0.134864
2 0.536203 0.365774 0.058719 0.112038
2 0.375078 0.323451 0.052656 0.103533
4 0.254219 0.284986 0.064812 0.127473
4 0.213313 0.467106 0.075000 0.131114
4 0.354133 0.853696 0.058922 0.133967
4 0.415656 0.535149 0.069437 0.095136
4 0.337391 0.410720 0.053594 0.125299
4 0.439469 0.335109 0.068281 0.108696
1 0.369172 0.173139 0.063594 0.104103
1 0.563398 0.258560 0.055672 0.105978
1 0.608875 0.358410 0.064188 0.098668
1 0.586477 0.447147 0.054203 0.100000
1 0.580953 0.563071 0.068969 0.108207
1 0.274453 0.812405 0.080469 0.134266
1 0.298922 0.660353 0.074188 0.121739
1 0.297102 0.514185 0.059172 0.120543
3 0.318359 0.314769 0.066969 0.119755
3 0.274383 0.403940 0.065141 0.125815
3 0.231625 0.588696 0.073875 0.127337
3 0.224859 0.713071 0.077656 0.128696
3 0.352687 0.727677 0.079219 0.121005
3 0.424312 0.837935 0.074094 0.136522
3 0.508883 0.818342 0.082734 0.118750
3 0.539453 0.519334 0.051875 0.127310
3 0.480781 0.492908 0.072969 0.088098
3 0.476313 0.394755 0.072344 0.086793
3 0.405125 0.243546 0.074031 0.083397
