4 0.577266 0.372351 0.090313 0.129375
0 0.351820 0.343601 0.094578 0.132201
0 0.318906 0.478587 0.081406 0.161304
0 0.365234 0.606848 0.088719 0.159239
0 0.421844 0.855530 0.083625 0.147418
0 0.749492 0.634198 0.081078 0.167745
0 0.653000 0.872147 0.084000 0.160761
0 0.585836 0.802921 0.077516 0.154158
0 0.512687 0.991399 0.087625 0.017201
0 0.433086 0.991753 0.084266 0.016495
3 0.499609 0.171957 0.087063 0.127228
3 0.422320 0.260557 0.088859 0.137690
3 0.480078 0.450693 0.072969 0.154103
3 0.452359 0.587296 0.077781 0.142799
3 0.632289 0.295014 0.085734 0.146114
3 0.676063 0.386427 0.089125 0.148342
3 0.742406 0.483030 0.084063 0.138342
3 0.518680 0.718220 0.089797 0.136223
3 0.503688 0.862894 0.084812 0.153668
3 0.346984 0.911522 0.086875 0.147500
3 0.346578 0.984932 0.086562 0.030136
4 0.605914 0.662160 0.080609 0.143016
4 0.678836 0.724946 0.083328 0.154076
4 0.702922 0.953152 0.091781 0.093696
4 0.345180 0.760883 0.093391 0.150136
4 0.552516 0.461141 0.088344 0.155163
2 0.599477 0.097948 0.086297 0.133886
2 0.580031 0.231019 0.083781 0.148234
2 0.405406 0.461549 0.085937 0.146087
2 0.456211 0.957092 0.087422 0.085815
2 0.601930 0.985870 0.083328 0.028261
2 0.252234 0.760326 0.090937 0.157826
1 0.235320 0.606712 0.093141 0.137554
1 0.257500 0.917935 0.094063 0.164130
1 0.567172 0.933519 0.080281 0.132962
1 0.504922 0.307514 0.085031 0.134918
1 0.664352 0.210054 0.082859 0.138804
1 0.681359 0.573383 0.070688 0.155299
1 0.616336 0.518723 0.074359 0.146739
1 0.536125 0.590204 0.087813 0.122092
2 0.429305 0.717174 0.089828 0.135272
