0 0.500664 0.231861 0.061641 0.109973
0 0.412039 0.194253 0.060516 0.092745
0 0.443367 0.262582 0.058453 0.112337
0 0.476750 0.345815 0.063594 0.113859
0 0.597289 0.569198 0.052328 0.105082
0 0.604227 0.682622 0.058578 0.117201
0 0.381156 0.688057 0.070500 0.084212
0 0.378875 0.496168 0.064063 0.111685
0 0.293125 0.258505 0.054375 0.115870
2 0.457914 0.647908 0.059922 0.102609
2 0.551063 0.724796 0.064312 0.094592
2 0.489766 0.740625 0.051938 0.096250
2 0.425266 0.759144 0.058250 0.093940
2 0.335000 0.606726 0.052813 0.119103
2 0.508758 0.433451 0.055172 0.103261
2 0.359227 0.392065 0.050734 0.094946
4 0.245078 0.339864 0.058281 0.113641
4 0.210305 0.515408 0.067484 0.117554
4 0.333844 0.870408 0.049844 0.116576
4 0.395773 0.598234 0.064203 0.090217
4 0.323492 0.476440 0.049234 0.116141
4 0.416250 0.394796 0.062812 0.106223
1 0.348305 0.230543 0.057484 0.101359
1 0.534875 0.329103 0.052500 0.105978
1 0.575695 0.429688 0.059703 0.085408
1 0.547219 0.515190 0.046625 0.089185
1 0.548695 0.623071 0.055172 0.094620
1 0.261352 0.821467 0.051922 0.078207
1 0.286664 0.693220 0.059484 0.100516
1 0.277680 0.562473 0.055422 0.110543
3 0.306094 0.372215 0.060937 0.114484
3 0.266172 0.458274 0.061250 0.116603
3 0.229586 0.625734 0.065328 0.114293
3 0.224664 0.737500 0.068922 0.106304
3 0.331437 0.759076 0.070875 0.104348
3 0.394867 0.862459 0.063078 0.115353
3 0.471461 0.852174 0.071516 0.093207
3 0.505320 0.578329 0.047297 0.116277
3 0.453227 0.551399 0.063953 0.084701
3 0.452391 0.465476 0.065219 0.081603
3 0.385422 0.306128 0.067813 0.079973
