0 0.548672 0.246128 0.062875 0.123723
0 0.458695 0.208492 0.068109 0.098832
0 0.491883 0.278628 0.064516 0.122092
0 0.520148 0.360421 0.069641 0.124375
0 0.642422 0.581793 0.058219 0.116141
0 0.648836 0.694905 0.065297 0.127364
0 0.430820 0.697935 0.081203 0.093587
0 0.426492 0.502500 0.071766 0.121196
0 0.341789 0.267024 0.064141 0.130408
2 0.500070 0.660122 0.072016 0.133397
2 0.593250 0.744986 0.068750 0.118071
2 0.540813 0.748302 0.069875 0.132255
2 0.476211 0.770340 0.064203 0.120571
2 0.381844 0.612609 0.071438 0.134837
2 0.553164 0.446087 0.059391 0.128696
2 0.407820 0.396861 0.060141 0.114103
4 0.293086 0.347785 0.060672 0.127473
4 0.257266 0.516793 0.075000 0.128804
4 0.379563 0.881848 0.064281 0.131141
4 0.442781 0.604198 0.067437 0.104701
4 0.369734 0.483179 0.053594 0.125272
4 0.460094 0.398696 0.064906 0.122935
1 0.396125 0.226997 0.063594 0.104103
1 0.578500 0.341101 0.063156 0.132147
1 0.614914 0.433043 0.070953 0.128315
1 0.586867 0.534293 0.059578 0.115435
1 0.592562 0.633505 0.065531 0.107989
1 0.310016 0.834728 0.080469 0.134239
1 0.334758 0.698383 0.074172 0.132473
1 0.332945 0.571984 0.066047 0.120543
3 0.354594 0.376236 0.066969 0.119755
3 0.314672 0.456386 0.067219 0.125815
3 0.276828 0.628424 0.073875 0.127337
3 0.270984 0.742500 0.075687 0.128696
3 0.375328 0.764742 0.079219 0.121005
3 0.440422 0.868668 0.078156 0.133696
3 0.514391 0.857880 0.078750 0.110380
3 0.552344 0.594185 0.051875 0.127337
3 0.497367 0.565788 0.068203 0.102174
3 0.500359 0.476970 0.072344 0.100951
3 0.434672 0.317568 0.074031 0.083397
