3 0.378104 0.304667 0.053208 0.074074
4 0.554875 0.249778 0.063781 0.104444
3 0.432370 0.271708 0.058948 0.097583
4 0.477799 0.257310 0.043495 0.082472
0 0.211177 0.286083 0.046375 0.072185
0 0.263724 0.314657 0.053156 0.085907
0 0.295859 0.252361 0.040594 0.083796
0 0.372451 0.237199 0.058953 0.063380
1 0.313977 0.344079 0.042526 0.067009
1 0.220469 0.336347 0.040594 0.096213
0 0.266138 0.188176 0.058953 0.049796
0 0.322435 0.212634 0.042526 0.068731
1 0.256711 0.235403 0.043495 0.082472
3 0.359404 0.178042 0.051224 0.062750
3 0.409177 0.178690 0.057990 0.071769
1 0.335240 0.278361 0.034792 0.068722
4 0.306404 0.141819 0.047359 0.068324
3 0.440638 0.942245 0.080016 0.115509
3 0.528990 0.616199 0.071521 0.115120
3 0.792198 0.859958 0.083510 0.119139
1 0.293003 0.864255 0.083120 0.132306
4 0.337482 0.612755 0.064036 0.103528
0 0.254729 0.391444 0.044865 0.087500
3 0.266651 0.494935 0.053146 0.103796
1 0.384112 0.459671 0.067266 0.092787
1 0.424857 0.519736 0.058891 0.086120
1 0.473076 0.443208 0.051693 0.109157
2 0.456779 0.342204 0.062443 0.085926
2 0.242568 0.574597 0.053354 0.096250
2 0.223724 0.424389 0.056187 0.105204
2 0.292708 0.405958 0.042333 0.089083
2 0.349477 0.413287 0.048891 0.080704
3 0.312773 0.474148 0.063786 0.101037
3 0.380974 0.553833 0.060031 0.104630
3 0.410125 0.358338 0.067094 0.088824
