4 0.537820 0.321005 0.078047 0.105163
0 0.331352 0.324715 0.086297 0.123614
0 0.305617 0.449090 0.078328 0.140625
0 0.352617 0.559103 0.085391 0.140924
0 0.410648 0.773967 0.075422 0.139022
0 0.704688 0.542514 0.070937 0.150734
0 0.628172 0.761087 0.076531 0.150761
0 0.563031 0.705082 0.074219 0.140000
0 0.511484 0.973329 0.087625 0.053342
0 0.420891 0.986196 0.084281 0.027609
3 0.459445 0.158397 0.078141 0.116087
3 0.393867 0.241753 0.081266 0.120353
3 0.454281 0.404293 0.072969 0.142283
3 0.432047 0.530408 0.072219 0.140380
3 0.580766 0.240408 0.074875 0.133207
3 0.626250 0.323641 0.081250 0.143967
3 0.693086 0.403546 0.075141 0.132418
3 0.498117 0.641427 0.082422 0.136223
3 0.487219 0.772894 0.077750 0.148071
3 0.346305 0.831182 0.082734 0.138234
3 0.348766 0.950421 0.086563 0.099158
4 0.573422 0.575870 0.074094 0.133804
4 0.644977 0.626997 0.077641 0.146875
4 0.681055 0.882867 0.087641 0.158342
4 0.337672 0.690965 0.086594 0.150136
4 0.518687 0.400136 0.079469 0.140163
2 0.545078 0.078628 0.080469 0.117038
2 0.530852 0.203492 0.072266 0.134212
2 0.381586 0.423940 0.081828 0.142446
2 0.451617 0.906590 0.087422 0.153397
2 0.591914 0.944742 0.083328 0.110516
2 0.250805 0.705082 0.085984 0.150815
1 0.232203 0.567840 0.086594 0.118940
1 0.261570 0.853193 0.089203 0.161223
1 0.551367 0.843437 0.072047 0.154973
1 0.467961 0.277704 0.076891 0.118071
1 0.607867 0.172935 0.077703 0.128043
1 0.640750 0.487120 0.060969 0.142609
1 0.576273 0.448193 0.074359 0.136114
1 0.507562 0.513777 0.078906 0.116467
2 0.415016 0.648247 0.078125 0.135353
