0 0.504773 0.208016 0.064391 0.114891
0 0.413625 0.168872 0.064125 0.099375
0 0.445828 0.239538 0.059000 0.117120
0 0.480523 0.326508 0.067422 0.118234
0 0.606094 0.557079 0.055938 0.110299
0 0.614227 0.675910 0.060891 0.124049
0 0.382961 0.681250 0.071922 0.090109
0 0.379148 0.482337 0.065547 0.116250
0 0.290117 0.234049 0.056891 0.122935
2 0.461555 0.643723 0.060203 0.114783
2 0.559258 0.723247 0.060359 0.100027
2 0.495242 0.741440 0.050297 0.105109
2 0.428133 0.750462 0.053609 0.093043
2 0.332117 0.599212 0.055953 0.126685
2 0.512695 0.415380 0.053203 0.107446
2 0.359336 0.375897 0.050297 0.103696
4 0.242102 0.320299 0.061391 0.120870
4 0.205703 0.502283 0.068875 0.121793
4 0.335234 0.868098 0.049844 0.116576
4 0.396227 0.585448 0.066859 0.097147
4 0.322125 0.462935 0.050438 0.120326
4 0.417344 0.377582 0.062812 0.110598
1 0.350328 0.210720 0.058531 0.103723
1 0.540141 0.310177 0.051594 0.108071
1 0.582969 0.413519 0.058063 0.094158
1 0.556352 0.508913 0.044109 0.097174
1 0.558539 0.619266 0.056047 0.101467
1 0.257984 0.822962 0.047500 0.081902
1 0.283414 0.686046 0.061922 0.101549
1 0.277789 0.558791 0.057391 0.111060
3 0.302969 0.351793 0.060937 0.116522
3 0.262797 0.441359 0.062750 0.121576
3 0.225930 0.618628 0.068109 0.116603
3 0.218883 0.734144 0.071516 0.110951
3 0.330023 0.752160 0.072609 0.104918
3 0.397711 0.860734 0.063953 0.120109
3 0.474227 0.848696 0.071516 0.093207
3 0.511484 0.568587 0.048094 0.122663
3 0.456250 0.539986 0.066938 0.089266
3 0.455617 0.449443 0.067172 0.085897
3 0.385930 0.283329 0.069641 0.086005
