0 0.541539 0.239823 0.062859 0.123723
0 0.454094 0.195448 0.068125 0.098832
0 0.485320 0.268166 0.064516 0.122092
0 0.518617 0.347187 0.069641 0.124375
0 0.634609 0.573913 0.058219 0.116141
0 0.640797 0.685448 0.065313 0.127364
0 0.422039 0.684932 0.081203 0.093560
0 0.418742 0.490679 0.071766 0.121196
0 0.334570 0.248397 0.064141 0.130380
2 0.492586 0.652133 0.072016 0.133397
2 0.584602 0.736277 0.068734 0.118043
2 0.530922 0.741019 0.069875 0.132255
2 0.467656 0.763152 0.064187 0.120598
2 0.382687 0.601386 0.071437 0.134837
2 0.551719 0.440190 0.059375 0.128696
2 0.401711 0.388587 0.060141 0.114130
4 0.285953 0.331236 0.060656 0.127473
4 0.250125 0.504973 0.075000 0.128804
4 0.378500 0.866984 0.064281 0.131141
4 0.435984 0.590014 0.067438 0.104701
4 0.365563 0.474918 0.053594 0.125272
4 0.457508 0.390951 0.064922 0.122935
1 0.391391 0.221875 0.063594 0.104076
1 0.570797 0.336101 0.063156 0.132147
1 0.610797 0.430041 0.070969 0.128288
1 0.586961 0.524103 0.059578 0.115435
1 0.589508 0.624647 0.065516 0.107989
1 0.301219 0.824090 0.080469 0.134266
1 0.324617 0.686209 0.074172 0.132473
1 0.324492 0.566196 0.066047 0.120543
3 0.348687 0.367364 0.066969 0.119783
3 0.303625 0.448832 0.067219 0.125815
3 0.269516 0.614416 0.073875 0.127310
3 0.264258 0.727255 0.075672 0.128696
3 0.375203 0.751793 0.079219 0.121033
3 0.433531 0.859266 0.078156 0.133696
3 0.510281 0.848288 0.078750 0.110380
3 0.543328 0.584144 0.051875 0.127310
3 0.494625 0.555897 0.068219 0.102174
3 0.493750 0.466005 0.072344 0.100978
3 0.426281 0.304429 0.074031 0.083370
