3 0.383339 0.328995 0.053208 0.081972
4 0.561477 0.269241 0.063786 0.104444
3 0.437805 0.293181 0.058943 0.097583
4 0.481542 0.272884 0.045906 0.092139
0 0.215646 0.315287 0.046375 0.072185
0 0.268956 0.328972 0.053161 0.085907
0 0.303307 0.278630 0.040594 0.083796
0 0.379698 0.263046 0.058958 0.064444
1 0.320320 0.357764 0.042526 0.067009
1 0.228333 0.361009 0.041792 0.064019
0 0.272177 0.211579 0.058958 0.049787
0 0.328310 0.230741 0.042526 0.068722
1 0.262508 0.270190 0.043495 0.082472
3 0.361216 0.195222 0.051224 0.069185
3 0.414010 0.196940 0.057990 0.071769
1 0.342938 0.295269 0.034792 0.068722
4 0.313250 0.168301 0.047354 0.068324
3 0.440185 0.944491 0.079109 0.111019
3 0.534865 0.632523 0.071521 0.115120
3 0.794063 0.866352 0.083562 0.116204
1 0.296393 0.881032 0.082651 0.130065
4 0.342917 0.631005 0.062823 0.101380
0 0.261370 0.408620 0.044865 0.087500
3 0.279935 0.527144 0.053151 0.103787
1 0.392807 0.495741 0.067271 0.092778
1 0.432102 0.541634 0.058891 0.086120
1 0.477302 0.462532 0.051698 0.109157
2 0.468148 0.365644 0.059422 0.087009
2 0.255849 0.593921 0.053354 0.096250
2 0.235185 0.454676 0.047755 0.077278
2 0.298143 0.420454 0.042339 0.089074
2 0.352375 0.431324 0.048885 0.080704
3 0.322435 0.499912 0.063786 0.101028
3 0.385677 0.577028 0.057844 0.102074
3 0.416568 0.381954 0.067094 0.088833
