0 0.567656 0.082255 0.063625 0.109511
0 0.465484 0.048207 0.068125 0.094076
0 0.503109 0.121861 0.061719 0.124538
0 0.542484 0.211304 0.070844 0.127826
0 0.691383 0.462785 0.059609 0.116114
0 0.701203 0.602568 0.063281 0.127364
0 0.429688 0.595041 0.080625 0.101712
0 0.425523 0.373668 0.071766 0.121196
0 0.321719 0.105095 0.061375 0.120951
2 0.521766 0.564606 0.070781 0.132255
2 0.632266 0.665666 0.068750 0.128668
2 0.560945 0.674144 0.069859 0.132255
2 0.482398 0.696889 0.071078 0.120462
2 0.370641 0.506019 0.071438 0.134864
2 0.580844 0.312663 0.058719 0.128696
2 0.398219 0.262717 0.056719 0.112935
4 0.271938 0.191970 0.064812 0.127473
4 0.222250 0.389090 0.075000 0.131114
4 0.371117 0.820842 0.062234 0.145870
4 0.443094 0.494742 0.069437 0.095136
4 0.360633 0.347880 0.053609 0.125272
4 0.465883 0.266250 0.073047 0.108696
1 0.387484 0.088410 0.063594 0.104103
1 0.605930 0.225774 0.063141 0.133234
1 0.655898 0.322704 0.070953 0.128288
1 0.631398 0.414171 0.059578 0.115462
1 0.627484 0.548084 0.068969 0.118886
1 0.276813 0.779511 0.080469 0.134239
1 0.301805 0.613682 0.074172 0.132473
1 0.312742 0.460842 0.066047 0.120543
3 0.338539 0.229660 0.066953 0.119755
3 0.291789 0.324620 0.067203 0.125815
3 0.240703 0.522079 0.073875 0.127310
3 0.233016 0.652785 0.077656 0.128723
3 0.367641 0.678614 0.079219 0.121033
3 0.445789 0.806902 0.076078 0.136522
3 0.539398 0.795462 0.082734 0.118750
3 0.579172 0.472038 0.051875 0.127337
3 0.513781 0.440367 0.072969 0.096277
3 0.512953 0.338220 0.072344 0.100951
3 0.434063 0.158003 0.074031 0.083397
