0 0.315937 0.208519 0.075094 0.116929
0 0.294406 0.323288 0.071531 0.131739
0 0.338859 0.421386 0.077844 0.134837
0 0.391953 0.601807 0.072719 0.115951
0 0.652039 0.396562 0.065391 0.136766
0 0.583914 0.587160 0.071859 0.140190
0 0.525898 0.547242 0.066672 0.124592
0 0.476234 0.818166 0.080219 0.148397
0 0.400992 0.841562 0.076766 0.139158
3 0.433969 0.052283 0.077094 0.097772
3 0.373461 0.127147 0.077109 0.120380
3 0.428578 0.272473 0.062781 0.129130
3 0.409211 0.384606 0.068797 0.122527
3 0.543297 0.122432 0.074875 0.133234
3 0.585008 0.196440 0.075797 0.128533
3 0.638305 0.267024 0.071078 0.121821
3 0.469039 0.486087 0.076422 0.118370
3 0.460117 0.609076 0.070234 0.126793
3 0.333859 0.657228 0.071937 0.124185
3 0.339961 0.768696 0.080578 0.121304
4 0.536211 0.431821 0.069922 0.122065
4 0.600898 0.475285 0.072922 0.128016
4 0.629219 0.685109 0.078906 0.139348
4 0.325063 0.544891 0.077000 0.125272
4 0.482750 0.272500 0.075406 0.127228
4 0.504430 0.204701 0.076047 0.107554
2 0.513523 0.015394 0.077016 0.030788
2 0.497820 0.092133 0.072266 0.134212
2 0.359063 0.293546 0.076375 0.133071
2 0.428125 0.720557 0.075875 0.134375
2 0.549672 0.764198 0.077813 0.140951
2 0.248969 0.540353 0.078469 0.135652
1 0.231273 0.429918 0.079172 0.118967
1 0.263430 0.668098 0.080422 0.140489
1 0.516328 0.663152 0.068594 0.124185
1 0.441430 0.150910 0.072859 0.118071
1 0.568703 0.062038 0.072219 0.110163
1 0.596469 0.348981 0.060969 0.134321
1 0.540211 0.321141 0.064797 0.128967
1 0.475906 0.382785 0.076844 0.103614
2 0.395516 0.494266 0.076156 0.116739
