0 0.530320 0.229185 0.062859 0.123696
0 0.440500 0.184810 0.068125 0.098859
0 0.473766 0.255761 0.064500 0.122120
0 0.504008 0.337731 0.069641 0.124375
0 0.622391 0.563859 0.059625 0.116141
0 0.625516 0.673628 0.063281 0.127364
0 0.407937 0.674878 0.081188 0.093560
0 0.404805 0.482418 0.071766 0.121196
0 0.319289 0.241019 0.064141 0.130408
2 0.480867 0.646223 0.072016 0.133370
2 0.574406 0.722595 0.068750 0.122038
2 0.519109 0.732459 0.069875 0.132255
2 0.454891 0.745122 0.066281 0.121766
2 0.363156 0.596060 0.071438 0.134837
2 0.533117 0.421848 0.059391 0.128696
2 0.385055 0.385937 0.060141 0.114103
4 0.273883 0.322962 0.060672 0.127446
4 0.235570 0.501141 0.075016 0.128804
4 0.359812 0.853995 0.064281 0.131141
4 0.423414 0.586766 0.067453 0.104728
4 0.351969 0.467228 0.053594 0.125272
4 0.443234 0.386209 0.064906 0.122908
1 0.375984 0.205122 0.063594 0.104103
1 0.558109 0.319823 0.063156 0.132147
1 0.599922 0.420190 0.070969 0.128315
1 0.570992 0.512880 0.059578 0.115435
1 0.574898 0.613709 0.065516 0.108016
1 0.283203 0.803397 0.080469 0.134239
1 0.310008 0.671291 0.074172 0.132473
1 0.300523 0.549647 0.066047 0.120543
3 0.336453 0.357310 0.066969 0.119783
3 0.293766 0.439375 0.067219 0.125815
3 0.253719 0.612351 0.073875 0.127310
3 0.250359 0.721345 0.077656 0.128723
3 0.357125 0.746590 0.079219 0.121005
3 0.418242 0.849226 0.078172 0.133723
3 0.494812 0.839457 0.081438 0.114565
3 0.530922 0.574674 0.051875 0.127337
3 0.479250 0.540815 0.068219 0.102174
3 0.480672 0.458329 0.072344 0.100951
3 0.415242 0.294524 0.074016 0.083397
