4 0.536625 0.314511 0.076375 0.105163
0 0.330000 0.316753 0.086281 0.120625
0 0.305281 0.439932 0.076969 0.138832
0 0.351711 0.550435 0.085391 0.140924
0 0.409961 0.762813 0.075422 0.128505
0 0.701273 0.527813 0.068172 0.147310
0 0.627609 0.750842 0.076531 0.150761
0 0.562922 0.696209 0.074219 0.139973
0 0.511484 0.969198 0.087625 0.061603
0 0.420891 0.982649 0.084281 0.034701
3 0.458953 0.156033 0.077094 0.116087
3 0.392961 0.236236 0.081266 0.120353
3 0.452922 0.396019 0.072969 0.142255
3 0.431703 0.520951 0.072219 0.140380
3 0.578047 0.232133 0.074875 0.133234
3 0.623547 0.318302 0.078562 0.130951
3 0.691047 0.392323 0.075125 0.121821
3 0.499477 0.628410 0.082422 0.136223
3 0.488891 0.761101 0.077000 0.148125
3 0.345617 0.824090 0.082734 0.133505
3 0.350125 0.944715 0.086563 0.110571
4 0.573734 0.568723 0.073375 0.129185
4 0.642945 0.619905 0.077641 0.146875
4 0.682070 0.870462 0.087641 0.158370
4 0.337672 0.685082 0.086594 0.144293
4 0.516984 0.389796 0.079469 0.136005
2 0.544758 0.076264 0.077016 0.105245
2 0.529492 0.195611 0.072266 0.134212
2 0.380586 0.418043 0.079766 0.142446
2 0.451617 0.895951 0.087422 0.153370
2 0.591914 0.939416 0.083328 0.121168
2 0.250805 0.699185 0.085984 0.150815
1 0.232883 0.563111 0.086609 0.118940
1 0.262930 0.852024 0.089203 0.161223
1 0.550687 0.831318 0.072063 0.154973
1 0.466602 0.269810 0.076891 0.118043
1 0.605125 0.167011 0.072219 0.118533
1 0.638719 0.476481 0.060969 0.142582
1 0.573555 0.439918 0.074359 0.136087
1 0.506883 0.508804 0.078891 0.106522
2 0.414672 0.640557 0.078125 0.135353
