0 0.564969 0.084742 0.063625 0.109538
0 0.463227 0.048207 0.068109 0.094076
0 0.499828 0.122160 0.061719 0.124538
0 0.539664 0.210625 0.070859 0.127826
0 0.689047 0.458736 0.059625 0.116114
0 0.697438 0.596005 0.063281 0.127337
0 0.428078 0.588356 0.080625 0.101712
0 0.424055 0.370136 0.071766 0.121196
0 0.320148 0.105095 0.061359 0.120951
2 0.519500 0.560014 0.070781 0.132255
2 0.631359 0.655027 0.068750 0.128696
2 0.559437 0.666264 0.069875 0.132255
2 0.482398 0.689008 0.071078 0.120462
2 0.370312 0.504198 0.071438 0.134864
2 0.578203 0.313315 0.058719 0.128696
2 0.397781 0.262717 0.056719 0.112935
4 0.269156 0.193057 0.064812 0.127473
4 0.219375 0.389090 0.075000 0.131114
4 0.369227 0.816236 0.062234 0.145842
4 0.443094 0.487758 0.069437 0.095136
4 0.359055 0.344918 0.053609 0.125272
4 0.463461 0.266250 0.073047 0.108696
1 0.386484 0.087378 0.063594 0.104103
1 0.604172 0.225367 0.063156 0.133234
1 0.655188 0.321780 0.070969 0.128288
1 0.628445 0.414171 0.059578 0.115462
1 0.627703 0.538234 0.068969 0.118859
1 0.277625 0.771168 0.080469 0.134239
1 0.306719 0.600557 0.074187 0.132473
1 0.310930 0.460054 0.066047 0.120543
3 0.339516 0.226114 0.066969 0.119783
3 0.288703 0.324076 0.067219 0.125815
3 0.238547 0.519932 0.073875 0.127310
3 0.231281 0.647147 0.077656 0.128696
3 0.366000 0.672446 0.079219 0.121033
3 0.442586 0.798465 0.076078 0.136549
3 0.534758 0.789538 0.082734 0.118750
3 0.575781 0.470068 0.051875 0.127310
3 0.509766 0.440367 0.072969 0.096277
3 0.509563 0.337554 0.072344 0.100978
3 0.433422 0.159470 0.074031 0.083397
