0 0.558188 0.125720 0.062875 0.137962
0 0.462594 0.074837 0.068125 0.099946
0 0.496211 0.149946 0.063109 0.123315
0 0.532250 0.241454 0.066844 0.117201
0 0.658406 0.497663 0.059625 0.116141
0 0.664594 0.615122 0.063281 0.127364
0 0.427648 0.607514 0.081203 0.093560
0 0.426547 0.401440 0.071750 0.121196
0 0.335258 0.134049 0.064141 0.130380
2 0.507906 0.583845 0.070031 0.132255
2 0.606687 0.671698 0.068750 0.128668
2 0.542563 0.675122 0.069875 0.132255
2 0.476617 0.691970 0.071078 0.120462
2 0.377766 0.523954 0.071438 0.134864
2 0.568453 0.347391 0.059375 0.128696
2 0.405094 0.293424 0.056719 0.112935
4 0.286422 0.221318 0.064813 0.127473
4 0.246281 0.414538 0.075000 0.128804
4 0.375453 0.801386 0.064281 0.131141
4 0.443461 0.513764 0.067453 0.104701
4 0.367945 0.380951 0.053609 0.125272
4 0.466672 0.293424 0.066906 0.122935
1 0.397719 0.108791 0.063594 0.104103
1 0.594484 0.240054 0.063156 0.132120
1 0.633898 0.349864 0.070953 0.128315
1 0.605992 0.442554 0.059578 0.115435
1 0.607812 0.553641 0.067656 0.105815
1 0.292719 0.748424 0.080469 0.134239
1 0.330281 0.612378 0.074188 0.132473
1 0.318883 0.479891 0.066047 0.120543
3 0.347672 0.260965 0.066969 0.119755
3 0.306344 0.351902 0.067219 0.125815
3 0.266289 0.531970 0.073859 0.127310
3 0.259875 0.651603 0.077656 0.128696
3 0.374109 0.679212 0.079219 0.121033
3 0.441367 0.790109 0.076078 0.133696
3 0.521305 0.785380 0.084141 0.118750
3 0.562531 0.500217 0.051875 0.127337
3 0.504734 0.467554 0.072969 0.096304
3 0.506500 0.377351 0.072344 0.100951
3 0.435297 0.189905 0.074031 0.083397
