0 0.541703 0.124158 0.063625 0.109511
0 0.448664 0.087228 0.068109 0.094076
0 0.484000 0.154062 0.061719 0.124538
0 0.519711 0.243804 0.070859 0.127826
0 0.656039 0.476970 0.059609 0.116114
0 0.665937 0.605068 0.063281 0.127364
0 0.414172 0.598764 0.080625 0.101712
0 0.412633 0.389266 0.071766 0.121196
0 0.317219 0.142935 0.061375 0.120924
2 0.504219 0.569361 0.070781 0.132255
2 0.610195 0.653764 0.068734 0.128668
2 0.543805 0.662704 0.069859 0.132255
2 0.471359 0.682514 0.071094 0.120462
2 0.368563 0.509361 0.071438 0.134864
2 0.558672 0.330951 0.058719 0.128696
2 0.393547 0.279266 0.056719 0.112935
4 0.268406 0.228410 0.064813 0.127473
4 0.222148 0.416291 0.075016 0.131114
4 0.359938 0.809429 0.062250 0.145870
4 0.434664 0.499986 0.069422 0.095136
4 0.350742 0.366902 0.053609 0.125272
4 0.454914 0.290245 0.073047 0.108696
1 0.383437 0.105231 0.063594 0.104103
1 0.593297 0.231101 0.063156 0.133234
1 0.641180 0.328465 0.070953 0.128288
1 0.602789 0.415870 0.059578 0.115435
1 0.608586 0.536277 0.068953 0.118859
1 0.283094 0.761101 0.080469 0.134266
1 0.308594 0.597908 0.074188 0.132500
1 0.307664 0.464864 0.066047 0.120543
3 0.330000 0.263940 0.066969 0.119783
3 0.288328 0.343641 0.067219 0.125815
3 0.241141 0.528410 0.073875 0.127310
3 0.235734 0.651603 0.077656 0.128696
3 0.359922 0.676318 0.079219 0.121005
3 0.429102 0.800068 0.076078 0.136549
3 0.517477 0.780326 0.082734 0.118750
3 0.552531 0.486617 0.051875 0.127310
3 0.496641 0.452418 0.072969 0.096304
3 0.492984 0.358193 0.072344 0.100951
3 0.420344 0.201739 0.074031 0.083370
