0 0.617312 0.194878 0.062875 0.137962
0 0.525461 0.151114 0.068109 0.098859
0 0.561438 0.227391 0.064500 0.122120
0 0.591344 0.315870 0.069625 0.124402
0 0.715164 0.555584 0.059609 0.116114
0 0.721000 0.677758 0.063281 0.127364
0 0.492219 0.667201 0.081187 0.093587
0 0.485680 0.459185 0.071766 0.121196
0 0.402211 0.203207 0.064141 0.130380
2 0.569422 0.634090 0.070031 0.132255
2 0.669562 0.723111 0.068750 0.128668
2 0.603391 0.728899 0.069875 0.132255
2 0.539492 0.749307 0.071078 0.120462
2 0.447438 0.578927 0.071438 0.134864
2 0.631320 0.409457 0.059391 0.128696
2 0.480531 0.345435 0.056719 0.112935
4 0.352687 0.296970 0.064813 0.127473
4 0.315266 0.464783 0.075000 0.128804
4 0.446812 0.850435 0.064281 0.131141
4 0.505312 0.571101 0.067438 0.104701
4 0.433531 0.440639 0.053594 0.125299
4 0.528547 0.356073 0.064906 0.122908
1 0.460250 0.178927 0.063594 0.104103
1 0.657344 0.300340 0.063156 0.132147
1 0.697789 0.404823 0.070953 0.128288
1 0.673273 0.506386 0.059578 0.115435
1 0.669328 0.613342 0.067656 0.105815
1 0.376656 0.800448 0.080469 0.134266
1 0.396664 0.657690 0.074172 0.132500
1 0.393977 0.541359 0.066047 0.120543
3 0.415641 0.324212 0.066969 0.119783
3 0.370570 0.413397 0.067203 0.125815
3 0.332219 0.585149 0.073875 0.127310
3 0.329531 0.705978 0.077656 0.128696
3 0.434938 0.733587 0.079219 0.121033
3 0.502195 0.843315 0.076078 0.133696
3 0.581797 0.833261 0.084125 0.118750
3 0.618609 0.556359 0.051875 0.127337
3 0.566938 0.521929 0.072969 0.096304
3 0.570734 0.430530 0.072344 0.100951
3 0.499859 0.265557 0.074031 0.083397
