0 0.505836 0.239239 0.066922 0.123696
0 0.417047 0.198397 0.068125 0.098859
0 0.451328 0.268179 0.064500 0.122120
0 0.483281 0.348967 0.069625 0.124402
0 0.600969 0.576861 0.058219 0.116114
0 0.609648 0.685448 0.065297 0.127364
0 0.384656 0.689063 0.081188 0.093560
0 0.382375 0.494837 0.071750 0.121196
0 0.299742 0.255788 0.064141 0.130380
2 0.466594 0.663954 0.072000 0.133397
2 0.556734 0.737310 0.068750 0.118043
2 0.500422 0.741617 0.069875 0.132255
2 0.435352 0.768166 0.064203 0.120571
2 0.344125 0.607894 0.071438 0.134864
2 0.520883 0.438410 0.059391 0.128668
2 0.367039 0.391549 0.060141 0.114130
4 0.251109 0.340394 0.060656 0.127473
4 0.212289 0.506141 0.075016 0.128804
4 0.339422 0.873505 0.064281 0.131141
4 0.404719 0.598302 0.067438 0.104701
4 0.331828 0.477269 0.053594 0.125299
4 0.422844 0.398927 0.064906 0.122908
1 0.362781 0.224470 0.063594 0.104103
1 0.550797 0.335666 0.063156 0.132147
1 0.585648 0.429049 0.070953 0.128315
1 0.565211 0.532391 0.059578 0.115435
1 0.561328 0.634361 0.065531 0.108016
1 0.277094 0.821726 0.080469 0.134266
1 0.294406 0.696698 0.074187 0.132473
1 0.290898 0.572092 0.066047 0.120543
3 0.311242 0.369688 0.066953 0.119755
3 0.269758 0.453560 0.067203 0.125815
3 0.233328 0.624171 0.073875 0.127310
3 0.227898 0.734348 0.075672 0.128696
3 0.336836 0.763043 0.078734 0.121196
3 0.400906 0.863696 0.078156 0.133696
3 0.475953 0.852133 0.078750 0.110353
3 0.510547 0.581182 0.051875 0.127310
3 0.460562 0.556793 0.068219 0.102174
3 0.459766 0.471916 0.072344 0.100951
3 0.392266 0.308967 0.074031 0.083370
