0 0.534492 0.101997 0.062859 0.137962
0 0.437641 0.048927 0.068125 0.091712
0 0.472148 0.128573 0.061703 0.124538
0 0.505648 0.225924 0.066828 0.117174
0 0.639039 0.473424 0.059609 0.116141
0 0.645563 0.595611 0.063281 0.127364
0 0.404875 0.592582 0.080625 0.101739
0 0.400914 0.384647 0.071766 0.121196
0 0.306758 0.114321 0.061359 0.130380
2 0.484727 0.555611 0.070016 0.132255
2 0.588266 0.641549 0.068750 0.128696
2 0.523188 0.660584 0.069875 0.132255
2 0.456227 0.674823 0.071078 0.120462
2 0.355203 0.502418 0.071438 0.134837
2 0.545414 0.324348 0.059391 0.128696
2 0.381312 0.265068 0.056719 0.112962
4 0.254359 0.216182 0.064812 0.127473
4 0.215258 0.395707 0.075016 0.128804
4 0.349328 0.787120 0.062250 0.131141
4 0.421133 0.492160 0.067453 0.104701
4 0.340125 0.361454 0.053594 0.125299
4 0.439867 0.276386 0.073047 0.108696
1 0.376469 0.080421 0.063594 0.104103
1 0.573078 0.210747 0.063156 0.132147
1 0.618266 0.314524 0.070969 0.128288
1 0.589945 0.409674 0.059578 0.115435
1 0.589375 0.536359 0.068969 0.118859
1 0.276750 0.735340 0.080469 0.134266
1 0.303711 0.595041 0.074172 0.132473
1 0.295336 0.461332 0.066047 0.120543
3 0.320992 0.242948 0.066953 0.119755
3 0.276781 0.335380 0.067219 0.125815
3 0.236375 0.518954 0.073875 0.127310
3 0.228953 0.637418 0.077656 0.128696
3 0.349391 0.667215 0.079219 0.121005
3 0.415203 0.782432 0.076094 0.133723
3 0.499195 0.766495 0.082734 0.118750
3 0.536906 0.482133 0.051875 0.127310
3 0.479250 0.447459 0.072969 0.096277
3 0.479516 0.351821 0.072344 0.100978
3 0.408609 0.172174 0.074031 0.083370
