4 0.505508 0.231182 0.076047 0.107527
0 0.303492 0.245190 0.084922 0.128804
0 0.283703 0.363397 0.075594 0.137065
0 0.329891 0.464728 0.081438 0.140924
0 0.388211 0.652880 0.075422 0.128478
0 0.670656 0.417935 0.065406 0.136793
0 0.599570 0.634742 0.076516 0.140190
0 0.533359 0.585747 0.074219 0.132962
0 0.489055 0.895584 0.087609 0.155571
0 0.401859 0.920897 0.084281 0.147500
3 0.424625 0.084579 0.077094 0.108886
3 0.361891 0.162160 0.077125 0.120353
3 0.420984 0.307011 0.062781 0.129130
3 0.407734 0.426033 0.068813 0.122500
3 0.549094 0.156957 0.074875 0.133207
3 0.591117 0.226168 0.078859 0.128533
3 0.654008 0.295992 0.071078 0.121821
3 0.472891 0.526304 0.079875 0.124293
3 0.466461 0.654728 0.077016 0.133913
3 0.325875 0.715639 0.076000 0.133505
3 0.331437 0.846603 0.086563 0.134185
4 0.545289 0.463071 0.069922 0.122065
4 0.614758 0.500530 0.072922 0.128016
4 0.654547 0.746101 0.087656 0.152582
4 0.315422 0.587853 0.080469 0.144293
4 0.486539 0.293478 0.075391 0.127228
2 0.510008 0.031861 0.077016 0.062690
2 0.496195 0.121155 0.072266 0.134212
2 0.354297 0.332174 0.077500 0.136196
2 0.431234 0.782432 0.082000 0.134375
2 0.567422 0.838234 0.079656 0.156793
2 0.232680 0.604049 0.085984 0.140217
1 0.212164 0.476236 0.083891 0.118940
1 0.243898 0.747147 0.089203 0.154783
1 0.525883 0.716114 0.072047 0.134946
1 0.437937 0.192989 0.075281 0.118043
1 0.569500 0.086332 0.072219 0.110163
1 0.607109 0.375707 0.060969 0.141196
1 0.547719 0.351495 0.064812 0.128967
1 0.479016 0.412785 0.078906 0.103614
2 0.392078 0.539198 0.078125 0.121386
