3 0.382799 0.377287 0.047078 0.083889
4 0.558255 0.306463 0.063781 0.104444
3 0.433826 0.336343 0.049297 0.086870
4 0.477424 0.298213 0.048318 0.101815
0 0.219026 0.364241 0.046375 0.072185
0 0.269458 0.397231 0.053156 0.085907
0 0.300286 0.328370 0.040594 0.083796
0 0.372932 0.307296 0.058958 0.066611
1 0.323539 0.397528 0.042526 0.073463
1 0.231224 0.421829 0.041792 0.072639
0 0.278016 0.263106 0.058958 0.049787
0 0.332706 0.254440 0.042526 0.068731
1 0.260336 0.317852 0.043495 0.082481
3 0.356987 0.230431 0.051224 0.069194
3 0.403625 0.227426 0.057990 0.071759
1 0.333771 0.325806 0.034792 0.068722
4 0.300568 0.200505 0.047354 0.068324
3 0.436708 0.961713 0.072156 0.076574
3 0.541406 0.669884 0.071521 0.115120
3 0.808346 0.915380 0.083943 0.093704
1 0.307589 0.938181 0.077271 0.104380
4 0.351482 0.693468 0.062828 0.101380
0 0.261422 0.477194 0.044865 0.087500
3 0.278326 0.573495 0.053151 0.103787
1 0.394151 0.548551 0.067271 0.092787
1 0.440810 0.579671 0.055370 0.078602
1 0.472435 0.512634 0.051755 0.100565
2 0.463956 0.420102 0.056401 0.088093
2 0.256255 0.659287 0.053354 0.096259
2 0.228768 0.509338 0.047755 0.077269
2 0.304534 0.463125 0.042339 0.089083
2 0.350005 0.494787 0.048885 0.080704
3 0.321635 0.550954 0.050510 0.094593
3 0.382914 0.630301 0.047932 0.091750
3 0.415411 0.425093 0.056219 0.088833
