3 0.364255 0.221657 0.053208 0.084074
4 0.540622 0.177630 0.063786 0.104444
3 0.421258 0.185394 0.058943 0.097583
4 0.460406 0.179153 0.043490 0.082472
0 0.188828 0.188593 0.046375 0.072185
0 0.251161 0.230185 0.053156 0.085907
0 0.279672 0.174199 0.040594 0.083787
0 0.356120 0.148245 0.058958 0.075213
1 0.295133 0.247875 0.042526 0.067009
1 0.201385 0.250458 0.040594 0.096213
0 0.251547 0.116972 0.058958 0.049796
0 0.301258 0.115866 0.042526 0.068731
1 0.237146 0.157671 0.043490 0.082472
3 0.341529 0.096019 0.051224 0.056296
3 0.393234 0.096880 0.057990 0.071759
1 0.313982 0.184310 0.034797 0.068731
4 0.285180 0.060968 0.047359 0.068324
3 0.437445 0.921088 0.082130 0.127157
3 0.509180 0.525153 0.071516 0.115120
3 0.786609 0.840778 0.083365 0.127944
1 0.261159 0.781579 0.083120 0.132306
4 0.313688 0.527935 0.067656 0.109963
0 0.235307 0.299065 0.044865 0.087500
3 0.249305 0.409819 0.053151 0.103787
1 0.365029 0.385806 0.067266 0.092778
1 0.402135 0.428245 0.066104 0.098972
1 0.450844 0.364995 0.063792 0.111343
2 0.444536 0.269194 0.062437 0.085926
2 0.220583 0.486704 0.053354 0.096259
2 0.209953 0.334639 0.056187 0.105204
2 0.275747 0.315176 0.042339 0.089074
2 0.324596 0.326106 0.048891 0.080694
3 0.293206 0.383102 0.063786 0.101037
3 0.352227 0.458921 0.060036 0.104620
3 0.390479 0.284042 0.067094 0.088824
