0 0.531664 0.242785 0.066922 0.123723
0 0.443898 0.204905 0.068109 0.098832
0 0.477156 0.274090 0.064500 0.122092
0 0.505359 0.351916 0.069625 0.124375
0 0.626281 0.579524 0.058219 0.116114
0 0.633492 0.695204 0.065297 0.127364
0 0.410148 0.691726 0.081203 0.093560
0 0.411258 0.500734 0.071766 0.121196
0 0.325398 0.263478 0.064141 0.130380
2 0.486133 0.660707 0.072016 0.133370
2 0.582906 0.740856 0.068750 0.118071
2 0.526594 0.747514 0.069875 0.132255
2 0.461031 0.769361 0.064188 0.120571
2 0.372672 0.609660 0.071438 0.134864
2 0.543758 0.443913 0.059391 0.128696
2 0.394008 0.395285 0.060141 0.114103
4 0.276438 0.341875 0.060656 0.127446
4 0.240500 0.514429 0.075000 0.128804
4 0.371711 0.877636 0.064297 0.131141
4 0.428055 0.600856 0.067453 0.104701
4 0.354352 0.481413 0.053609 0.125272
4 0.447992 0.400992 0.064922 0.122908
1 0.387203 0.226399 0.063594 0.104103
1 0.573750 0.340530 0.063156 0.132147
1 0.607961 0.434375 0.070953 0.128315
1 0.583133 0.533723 0.059578 0.115435
1 0.581852 0.633071 0.065516 0.107989
1 0.308797 0.834728 0.080469 0.134239
1 0.320992 0.697880 0.074172 0.132500
1 0.318195 0.571902 0.066047 0.120543
3 0.336797 0.375041 0.066969 0.119755
3 0.297172 0.457120 0.067219 0.125815
3 0.260172 0.627717 0.073875 0.127337
3 0.252367 0.737880 0.075672 0.128696
3 0.363234 0.769035 0.079219 0.121005
3 0.422820 0.868723 0.078172 0.133696
3 0.499062 0.856875 0.078750 0.110380
3 0.537734 0.587677 0.051875 0.127310
3 0.484687 0.562092 0.068219 0.102174
3 0.482719 0.474579 0.072344 0.100951
3 0.416937 0.310489 0.074031 0.083370
