3 0.373789 0.355269 0.044776 0.079778
4 0.552831 0.272639 0.062797 0.095500
3 0.433586 0.317880 0.049297 0.086870
4 0.471073 0.286130 0.048312 0.101815
0 0.213995 0.347519 0.046375 0.072185
0 0.261911 0.386046 0.053156 0.085907
0 0.284385 0.304750 0.040594 0.083796
0 0.365807 0.282819 0.058958 0.066602
1 0.322279 0.394731 0.042526 0.073463
1 0.215500 0.403931 0.041792 0.072639
0 0.270969 0.251310 0.058958 0.058361
0 0.331128 0.252569 0.042526 0.068731
1 0.248875 0.303375 0.043490 0.082472
3 0.351555 0.211324 0.051224 0.069185
3 0.398458 0.206602 0.057990 0.071759
1 0.325188 0.320542 0.034792 0.068731
4 0.296341 0.184046 0.047359 0.068333
3 0.435953 0.965458 0.070646 0.069083
3 0.539156 0.660847 0.071521 0.115120
3 0.811453 0.926032 0.084021 0.088806
1 0.310023 0.950602 0.076099 0.098796
4 0.346138 0.685755 0.062828 0.101380
0 0.252615 0.460417 0.044865 0.087500
3 0.273294 0.568759 0.053151 0.103796
1 0.391320 0.545755 0.067266 0.092787
1 0.437542 0.573403 0.052854 0.073231
1 0.471896 0.511917 0.051750 0.100574
2 0.459695 0.390162 0.056401 0.088083
2 0.251221 0.654514 0.053359 0.096250
2 0.223143 0.506181 0.047755 0.077269
2 0.301388 0.453065 0.042339 0.089074
2 0.349062 0.493671 0.048885 0.080694
3 0.319120 0.544806 0.050510 0.094593
3 0.374924 0.622361 0.047932 0.091741
3 0.412339 0.412014 0.056219 0.088824
