0 0.515687 0.162391 0.063625 0.109511
0 0.411414 0.119688 0.068109 0.095462
0 0.447297 0.197785 0.061719 0.124538
0 0.486977 0.292867 0.070859 0.127799
0 0.636461 0.543152 0.059609 0.116141
0 0.648500 0.681902 0.063281 0.127337
0 0.369656 0.678166 0.078594 0.095788
0 0.368672 0.452391 0.067750 0.121196
0 0.271453 0.183111 0.061375 0.120951
2 0.467844 0.645503 0.070781 0.132255
2 0.579156 0.741630 0.068750 0.128696
2 0.507469 0.747405 0.059625 0.118125
2 0.430883 0.781454 0.071078 0.120462
2 0.316937 0.593098 0.071438 0.134837
2 0.529312 0.388179 0.058719 0.128696
2 0.351281 0.333397 0.056719 0.112935
4 0.214625 0.275177 0.064812 0.127473
4 0.164766 0.472351 0.075000 0.131114
4 0.309641 0.911196 0.062250 0.145870
4 0.387906 0.572459 0.069438 0.095136
4 0.301672 0.433573 0.053594 0.125299
4 0.415203 0.339538 0.068281 0.108696
1 0.341281 0.158220 0.063594 0.104103
1 0.557781 0.279538 0.055656 0.105978
1 0.607977 0.390734 0.069984 0.124076
1 0.575844 0.481386 0.054188 0.100000
1 0.578359 0.606563 0.068969 0.118886
1 0.223188 0.867351 0.080469 0.134266
1 0.254609 0.691332 0.074187 0.121739
1 0.249414 0.539810 0.059172 0.120543
3 0.282828 0.309796 0.066969 0.119755
3 0.233367 0.408261 0.065141 0.125815
3 0.182008 0.605014 0.073859 0.127310
3 0.171391 0.736318 0.077656 0.128723
3 0.307844 0.769823 0.079219 0.121005
3 0.385891 0.902255 0.074094 0.136522
3 0.484805 0.880163 0.082734 0.118750
3 0.524125 0.552432 0.051875 0.127310
3 0.459078 0.520503 0.072969 0.088125
3 0.458594 0.420299 0.072344 0.100978
3 0.381594 0.240258 0.074031 0.083397
