3 0.347867 0.198574 0.050922 0.089074
4 0.444370 0.107556 0.061812 0.086574
3 0.437003 0.191630 0.049297 0.086870
4 0.368021 0.117074 0.057802 0.101815
0 0.113687 0.198472 0.046375 0.090667
0 0.169536 0.223801 0.053156 0.090917
0 0.217706 0.101806 0.058620 0.071981
0 0.397945 0.407463 0.052693 0.074889
1 0.174034 0.491866 0.055745 0.100472
1 0.135755 0.263704 0.041792 0.086130
0 0.162341 0.095606 0.049286 0.058361
0 0.196008 0.150856 0.042526 0.068731
1 0.151612 0.156111 0.043495 0.082481
3 0.245794 0.041046 0.050286 0.065833
3 0.298427 0.050718 0.057990 0.071769
1 0.257393 0.374917 0.052099 0.093463
4 0.193979 0.046801 0.056417 0.076861
4 0.431628 0.475926 0.049245 0.085852
2 0.419815 0.261005 0.044495 0.084787
1 0.308315 0.159519 0.038849 0.087574
3 0.403276 0.340421 0.053979 0.085861
3 0.475378 0.902028 0.059661 0.104352
4 0.263362 0.507995 0.065714 0.095676
1 0.364182 0.467171 0.048271 0.094269
1 0.239461 0.796130 0.077630 0.114407
3 0.396185 0.878981 0.065453 0.097389
3 0.508867 0.575708 0.065203 0.107269
3 0.401893 0.529060 0.049755 0.093250
3 0.735404 0.857477 0.091130 0.103231
1 0.227669 0.939120 0.076099 0.121759
4 0.340956 0.520380 0.062828 0.101389
0 0.268031 0.278185 0.052833 0.092185
3 0.546206 0.313037 0.058828 0.110259
1 0.474102 0.507972 0.048141 0.083907
1 0.453146 0.556477 0.055250 0.094769
1 0.470490 0.276671 0.049094 0.094491
2 0.571385 0.250708 0.050979 0.086787
2 0.173547 0.317477 0.049990 0.079361
2 0.245987 0.182005 0.050172 0.078806
2 0.282984 0.130718 0.045458 0.075731
2 0.443753 0.488667 0.059745 0.095704
3 0.312815 0.412505 0.059016 0.099491
3 0.453062 0.391681 0.063312 0.103065
3 0.354971 0.284407 0.056224 0.088833
