3 0.436060 0.313051 0.050922 0.089083
4 0.547151 0.224046 0.061812 0.086574
3 0.521826 0.300144 0.049297 0.086861
4 0.461865 0.231833 0.057802 0.101815
0 0.221073 0.315921 0.046375 0.090657
0 0.278599 0.353208 0.053156 0.089250
0 0.307471 0.286991 0.048339 0.075926
0 0.492055 0.513537 0.052693 0.074889
1 0.274232 0.604190 0.044682 0.086620
1 0.236448 0.376222 0.041792 0.086130
0 0.268117 0.226968 0.049286 0.058361
0 0.316591 0.215616 0.042526 0.068731
1 0.252063 0.274282 0.043490 0.082472
3 0.354096 0.196657 0.050286 0.065833
3 0.405781 0.165588 0.057990 0.071769
1 0.354091 0.507523 0.047339 0.093454
4 0.293740 0.155685 0.056417 0.075685
4 0.530208 0.571546 0.049240 0.085852
2 0.517466 0.370708 0.044505 0.090824
1 0.405315 0.285843 0.038849 0.087574
3 0.491161 0.436532 0.053979 0.085861
3 0.475378 0.902028 0.059661 0.104352
4 0.359854 0.630954 0.063458 0.087574
1 0.462510 0.575083 0.048271 0.094278
1 0.332872 0.902898 0.077630 0.116222
3 0.601352 0.675852 0.065203 0.107259
3 0.491570 0.641236 0.049755 0.093250
3 0.839909 0.951755 0.084318 0.096491
1 0.227669 0.939120 0.076099 0.121759
4 0.340956 0.520380 0.062828 0.101389
0 0.361815 0.393755 0.050599 0.094213
3 0.644164 0.436454 0.058828 0.110259
1 0.569154 0.600139 0.048141 0.083907
1 0.540781 0.680421 0.055250 0.094769
1 0.559888 0.387394 0.049474 0.094491
2 0.478328 0.315120 0.050979 0.086778
2 0.271367 0.451176 0.057120 0.096241
2 0.345784 0.289255 0.050151 0.078806
2 0.380177 0.236556 0.045458 0.075741
2 0.443753 0.488667 0.059745 0.095704
3 0.409404 0.533162 0.059016 0.099491
3 0.545753 0.476968 0.063307 0.103065
3 0.448078 0.398269 0.056219 0.088833
