0 0.533828 0.227473 0.063625 0.109511
0 0.443125 0.188370 0.068125 0.094076
0 0.479391 0.261372 0.061719 0.124538
0 0.511305 0.343084 0.062078 0.106603
0 0.634969 0.566128 0.059625 0.116114
0 0.641484 0.688995 0.063281 0.127337
0 0.414203 0.691875 0.080625 0.101739
0 0.410852 0.490380 0.071766 0.121196
0 0.324594 0.250571 0.061375 0.120924
2 0.495031 0.656671 0.070781 0.132255
2 0.587406 0.743886 0.068750 0.128696
2 0.527266 0.738356 0.069875 0.132255
2 0.458992 0.765720 0.071078 0.120462
2 0.367234 0.609810 0.071438 0.134837
2 0.544758 0.432500 0.058703 0.128696
2 0.389469 0.388342 0.056719 0.112935
4 0.274789 0.333682 0.064828 0.127473
4 0.239438 0.504769 0.075000 0.131114
4 0.364531 0.874538 0.062250 0.145870
4 0.428344 0.593655 0.069438 0.095136
4 0.354281 0.475408 0.053594 0.125272
4 0.447625 0.390380 0.073062 0.108696
1 0.379281 0.222405 0.063594 0.104103
1 0.572391 0.334742 0.063156 0.132147
1 0.608586 0.419905 0.070953 0.128288
1 0.583180 0.511766 0.059578 0.115435
1 0.586094 0.621658 0.068969 0.118859
1 0.288094 0.821821 0.080469 0.134239
1 0.314320 0.683859 0.074172 0.132500
1 0.312758 0.557310 0.066047 0.120543
3 0.337281 0.360204 0.066969 0.119755
3 0.295125 0.445707 0.067219 0.125815
3 0.256187 0.617568 0.073875 0.127310
3 0.248078 0.736033 0.077656 0.128696
3 0.360750 0.759674 0.079219 0.121033
3 0.424586 0.868601 0.076078 0.136549
3 0.506477 0.855978 0.082734 0.118750
3 0.542141 0.582364 0.051875 0.127337
3 0.488422 0.545557 0.072969 0.096277
3 0.487469 0.459497 0.072344 0.100951
3 0.418547 0.304457 0.074031 0.083370
