0 0.526078 0.203587 0.063625 0.109511
0 0.441727 0.169728 0.068109 0.094076
0 0.471219 0.229959 0.061719 0.124538
0 0.505742 0.306698 0.069172 0.119103
0 0.625227 0.508098 0.059609 0.116141
0 0.632641 0.621617 0.063281 0.127364
0 0.411797 0.621291 0.080625 0.101712
0 0.407117 0.440761 0.071766 0.121196
0 0.327555 0.218804 0.061359 0.120924
2 0.488078 0.586807 0.070781 0.132255
2 0.580922 0.663777 0.068750 0.128696
2 0.527617 0.669755 0.069859 0.132283
2 0.461555 0.684769 0.071078 0.120462
2 0.365875 0.542663 0.071437 0.134837
2 0.537703 0.386984 0.058719 0.128696
2 0.389016 0.334022 0.056719 0.112935
4 0.279000 0.298492 0.064813 0.127473
4 0.240328 0.458546 0.075000 0.131114
4 0.360313 0.807120 0.062250 0.145870
4 0.426547 0.535095 0.069437 0.095136
4 0.354516 0.420870 0.053594 0.125272
4 0.445180 0.342147 0.073047 0.108696
1 0.386000 0.182079 0.063594 0.104103
1 0.565820 0.276943 0.063141 0.133234
1 0.603906 0.383709 0.070969 0.128288
1 0.578664 0.450571 0.059578 0.115435
1 0.582531 0.564253 0.068969 0.118886
1 0.289797 0.759552 0.080469 0.134266
1 0.311914 0.623587 0.074172 0.132500
1 0.313602 0.508152 0.066047 0.120543
3 0.337070 0.325408 0.066953 0.119783
3 0.295125 0.402418 0.067219 0.125815
3 0.257453 0.560340 0.073875 0.127310
3 0.250984 0.668832 0.077656 0.128696
3 0.359297 0.689144 0.079219 0.121005
3 0.422758 0.794389 0.076078 0.136549
3 0.503070 0.778207 0.082734 0.118750
3 0.535688 0.519715 0.051875 0.127310
3 0.480609 0.493954 0.072969 0.096277
3 0.482453 0.412758 0.072344 0.100951
3 0.415328 0.264946 0.074031 0.083370
