0 0.523125 0.227935 0.063625 0.109511
0 0.435766 0.191277 0.068125 0.094076
0 0.470078 0.257310 0.061719 0.124565
0 0.502953 0.334198 0.062250 0.106440
0 0.620961 0.558736 0.059609 0.116114
0 0.632250 0.664579 0.063281 0.127364
0 0.406031 0.666807 0.080625 0.101712
0 0.401898 0.470462 0.071766 0.121196
0 0.318117 0.245489 0.061359 0.120924
2 0.484953 0.638329 0.070781 0.132255
2 0.574906 0.707283 0.068750 0.128696
2 0.518188 0.713030 0.069875 0.132255
2 0.451695 0.741073 0.071078 0.120462
2 0.358203 0.584647 0.071438 0.134837
2 0.530844 0.425734 0.058719 0.128696
2 0.385406 0.372337 0.056719 0.112935
4 0.272625 0.330367 0.064812 0.127473
4 0.236734 0.496807 0.075000 0.131114
4 0.356453 0.851359 0.062250 0.145870
4 0.421937 0.577269 0.069437 0.095136
4 0.352594 0.463641 0.053594 0.125272
4 0.442664 0.377120 0.073047 0.108696
1 0.379016 0.223872 0.063594 0.104103
1 0.553891 0.324769 0.063156 0.132201
1 0.600359 0.410639 0.070969 0.128288
1 0.575945 0.487255 0.059578 0.115435
1 0.573883 0.601359 0.068953 0.118859
1 0.285938 0.809660 0.080469 0.134266
1 0.304195 0.662921 0.074172 0.132473
1 0.302555 0.532962 0.066047 0.120543
3 0.330789 0.354524 0.066953 0.119755
3 0.290688 0.439511 0.067219 0.125815
3 0.251563 0.603804 0.073875 0.127337
3 0.242531 0.719810 0.077656 0.128696
3 0.356687 0.739592 0.079219 0.121033
3 0.417758 0.844715 0.076078 0.136549
3 0.495039 0.829130 0.082734 0.118750
3 0.529359 0.557024 0.051875 0.127310
3 0.479656 0.533071 0.072969 0.096304
3 0.476125 0.442296 0.072344 0.100951
3 0.410797 0.291617 0.074031 0.083397
