0 0.537117 0.239823 0.062859 0.123723
0 0.451375 0.196834 0.068125 0.098832
0 0.483727 0.265611 0.064516 0.122092
0 0.515219 0.348573 0.069625 0.124375
0 0.633992 0.578967 0.059609 0.116141
0 0.641359 0.692296 0.063281 0.127364
0 0.419297 0.690842 0.081187 0.093587
0 0.417852 0.496603 0.071766 0.121196
0 0.331742 0.253628 0.064141 0.130408
2 0.496813 0.660204 0.072000 0.133397
2 0.586406 0.738682 0.068750 0.118071
2 0.528047 0.745965 0.069875 0.132255
2 0.463719 0.758709 0.066281 0.121766
2 0.372391 0.603750 0.071438 0.134837
2 0.546508 0.435462 0.059391 0.128696
2 0.401555 0.389266 0.060141 0.114130
4 0.284305 0.338723 0.060672 0.127446
4 0.248359 0.505652 0.075000 0.128804
4 0.370437 0.875272 0.064281 0.131141
4 0.435984 0.598533 0.067438 0.104728
4 0.363930 0.478451 0.053609 0.125272
4 0.455266 0.397201 0.064906 0.122935
1 0.386750 0.220068 0.063594 0.104103
1 0.571031 0.331236 0.063156 0.132147
1 0.611070 0.436033 0.070953 0.128315
1 0.584008 0.522935 0.059578 0.115435
1 0.580445 0.631141 0.065516 0.107989
1 0.293734 0.826440 0.080469 0.134239
1 0.319859 0.695910 0.074187 0.132473
1 0.319219 0.569348 0.066031 0.120543
3 0.342914 0.368736 0.066953 0.119755
3 0.302828 0.455543 0.067219 0.125815
3 0.265125 0.623329 0.073875 0.127310
3 0.261328 0.732364 0.076344 0.128696
3 0.369312 0.760611 0.079219 0.121005
3 0.428188 0.867921 0.078156 0.133723
3 0.505703 0.854918 0.078750 0.110380
3 0.544625 0.586413 0.051875 0.127337
3 0.493086 0.560489 0.068203 0.102174
3 0.491687 0.468872 0.072344 0.100951
3 0.426187 0.302201 0.074031 0.083370
