4 0.524320 0.261522 0.076047 0.107554
0 0.322531 0.274198 0.086281 0.120625
0 0.297133 0.389103 0.076953 0.138859
0 0.346289 0.498424 0.082641 0.140924
0 0.404180 0.697785 0.075422 0.128505
0 0.688359 0.460435 0.068187 0.147337
0 0.617750 0.676372 0.076531 0.150734
0 0.553070 0.624715 0.074234 0.139973
0 0.505367 0.927228 0.087609 0.145543
0 0.418172 0.946617 0.084281 0.106766
3 0.444000 0.106427 0.077094 0.108886
3 0.381375 0.194851 0.077125 0.120353
3 0.440016 0.340421 0.072969 0.128016
3 0.421336 0.455340 0.072234 0.127364
3 0.561734 0.178954 0.074875 0.133234
3 0.607906 0.253913 0.078562 0.127446
3 0.671336 0.328492 0.075141 0.121821
3 0.487922 0.559905 0.082406 0.124321
3 0.481414 0.691359 0.077016 0.148098
3 0.341516 0.751997 0.076000 0.133505
3 0.346734 0.886780 0.086563 0.138940
4 0.561195 0.502554 0.069922 0.122065
4 0.631391 0.541889 0.077625 0.146875
4 0.669836 0.791250 0.087641 0.158370
4 0.331898 0.624212 0.080453 0.144293
4 0.505430 0.329185 0.075391 0.127228
2 0.526414 0.041984 0.077016 0.083967
2 0.514539 0.151889 0.072266 0.134212
2 0.371063 0.366033 0.079750 0.142446
2 0.445492 0.825027 0.087422 0.153370
2 0.582398 0.885503 0.083328 0.164647
2 0.246727 0.637147 0.085984 0.140217
1 0.229492 0.509918 0.083891 0.118967
1 0.260891 0.781101 0.089187 0.161223
1 0.541852 0.755707 0.072047 0.143207
1 0.451648 0.222527 0.076891 0.118043
1 0.588813 0.120326 0.072219 0.118533
1 0.623766 0.415014 0.060969 0.142582
1 0.562008 0.383179 0.074359 0.136087
1 0.495328 0.444715 0.078906 0.103614
2 0.406344 0.574063 0.078125 0.121386
