0 0.524984 0.205707 0.063625 0.109511
0 0.440773 0.172799 0.068109 0.094076
0 0.470812 0.231603 0.061719 0.124565
0 0.504828 0.308152 0.068594 0.116196
0 0.623641 0.507908 0.059625 0.116141
0 0.630938 0.621617 0.063281 0.127364
0 0.411156 0.621563 0.080625 0.101712
0 0.406070 0.441467 0.071766 0.121196
0 0.327141 0.220462 0.061375 0.120924
2 0.486797 0.589171 0.070781 0.132255
2 0.579016 0.665666 0.068750 0.128668
2 0.526766 0.670367 0.069875 0.132255
2 0.461102 0.685122 0.071078 0.120462
2 0.365203 0.543057 0.071437 0.134864
2 0.536734 0.388560 0.058719 0.128696
2 0.387891 0.336780 0.056719 0.112962
4 0.278688 0.300571 0.064812 0.127446
4 0.240047 0.459226 0.075000 0.131114
4 0.360031 0.808043 0.062250 0.145870
4 0.425109 0.536902 0.069438 0.095109
4 0.354008 0.421739 0.053609 0.125272
4 0.445039 0.342609 0.073047 0.108696
1 0.385484 0.184035 0.063594 0.104103
1 0.565367 0.277731 0.063141 0.133234
1 0.601914 0.387174 0.070953 0.128315
1 0.577039 0.452473 0.059578 0.115435
1 0.580719 0.566617 0.068969 0.118886
1 0.290063 0.759307 0.080469 0.134266
1 0.311961 0.624226 0.074172 0.132473
1 0.313852 0.509891 0.066047 0.120543
3 0.336938 0.326590 0.066969 0.119755
3 0.295125 0.402690 0.067219 0.125815
3 0.257453 0.561128 0.073875 0.127310
3 0.250859 0.669837 0.077656 0.128696
3 0.358094 0.689701 0.079219 0.121033
3 0.421883 0.794946 0.076078 0.136522
3 0.501992 0.777962 0.082734 0.118750
3 0.535344 0.520313 0.051875 0.127310
3 0.479922 0.495516 0.072969 0.096304
3 0.481438 0.413628 0.072344 0.100951
3 0.414758 0.266562 0.074016 0.083397
