3 0.308534 0.719532 0.086016 0.137454
3 0.411828 0.298782 0.071521 0.115120
3 0.752763 0.782472 0.083120 0.142611
1 0.101711 0.538907 0.083120 0.132296
4 0.179841 0.260000 0.067651 0.109963
0 0.104495 0.029301 0.060312 0.058602
3 0.113729 0.128292 0.057990 0.117528
1 0.247362 0.107134 0.067266 0.092787
1 0.295539 0.172088 0.066109 0.098972
1 0.352112 0.112292 0.063786 0.111343
2 0.346990 0.025796 0.061469 0.051593
2 0.079096 0.204884 0.076547 0.113398
2 0.064578 0.052602 0.053354 0.105204
2 0.146901 0.031509 0.056833 0.053611
2 0.205023 0.038005 0.061464 0.076009
3 0.170917 0.110968 0.063792 0.101028
3 0.229607 0.203139 0.064974 0.113407
3 0.286831 0.029921 0.060307 0.059843
