0 0.551383 0.237391 0.062859 0.109511
0 0.452734 0.187690 0.068125 0.094076
0 0.487391 0.273438 0.061719 0.124538
0 0.523312 0.361073 0.062062 0.106603
0 0.659430 0.628261 0.059609 0.116141
0 0.666281 0.759334 0.063281 0.127364
0 0.413719 0.750476 0.080625 0.101712
0 0.413633 0.527337 0.071766 0.121196
0 0.319602 0.248723 0.061359 0.120924
2 0.498094 0.679117 0.070781 0.132255
2 0.604602 0.797908 0.068734 0.128696
2 0.535422 0.807514 0.069875 0.132255
2 0.464047 0.830272 0.071094 0.120489
2 0.366969 0.648886 0.071438 0.134837
2 0.557242 0.467364 0.059391 0.128696
2 0.391797 0.397622 0.056719 0.112962
4 0.262297 0.346209 0.064813 0.127473
4 0.219430 0.535707 0.075016 0.128804
4 0.357266 0.940883 0.062250 0.115245
4 0.431164 0.630353 0.068297 0.100598
4 0.353328 0.508030 0.053594 0.125299
4 0.456461 0.417554 0.073047 0.108696
1 0.380430 0.208465 0.063609 0.104103
1 0.583953 0.351399 0.063156 0.132147
1 0.628805 0.464823 0.070953 0.128288
1 0.599867 0.562826 0.059578 0.115435
1 0.597938 0.663533 0.068969 0.118859
1 0.284891 0.877283 0.080469 0.134239
1 0.311695 0.746807 0.074172 0.132473
1 0.304133 0.597147 0.066047 0.120543
3 0.329656 0.376427 0.066969 0.119755
3 0.284703 0.476033 0.067219 0.125815
3 0.239781 0.664348 0.073875 0.127337
3 0.229969 0.794035 0.077656 0.128723
3 0.357109 0.834049 0.079219 0.121033
3 0.426242 0.931957 0.076078 0.133696
3 0.515008 0.931386 0.082734 0.118750
3 0.557438 0.636739 0.051875 0.127337
3 0.495109 0.596399 0.072969 0.096277
3 0.495969 0.502649 0.072344 0.100951
3 0.421703 0.313437 0.074031 0.083397
