3 0.382734 0.319870 0.053208 0.075519
4 0.559464 0.261370 0.063781 0.104444
3 0.436297 0.286736 0.058948 0.097583
4 0.480635 0.269394 0.044698 0.087306
0 0.215406 0.311852 0.046375 0.072185
0 0.264930 0.320023 0.053161 0.085917
0 0.300690 0.270398 0.040589 0.083796
0 0.378490 0.256296 0.058958 0.064444
1 0.318206 0.353199 0.042526 0.067009
1 0.227125 0.354565 0.041792 0.064019
0 0.270969 0.201917 0.058958 0.049796
0 0.326299 0.224657 0.042526 0.068722
1 0.260576 0.258593 0.043495 0.082481
3 0.361518 0.190926 0.051224 0.069185
3 0.412802 0.191569 0.057990 0.071769
1 0.340372 0.289634 0.034797 0.068731
4 0.312042 0.164722 0.047354 0.068333
3 0.440336 0.943741 0.079411 0.112519
3 0.532932 0.628653 0.071521 0.115120
3 0.793440 0.864222 0.083547 0.117185
1 0.295906 0.878546 0.082885 0.131185
4 0.341708 0.626708 0.062823 0.101380
0 0.258354 0.401102 0.044865 0.087500
3 0.275508 0.516407 0.053151 0.103796
1 0.389909 0.483718 0.067266 0.092787
1 0.429688 0.534333 0.058885 0.086130
1 0.476396 0.455023 0.051698 0.109157
2 0.463471 0.355713 0.060932 0.086463
2 0.254042 0.589625 0.053354 0.096250
2 0.233979 0.449093 0.047760 0.077278
2 0.296331 0.415625 0.042339 0.089083
2 0.351409 0.425310 0.048891 0.080694
3 0.319216 0.491324 0.063786 0.101037
3 0.384109 0.569296 0.058573 0.102926
3 0.415359 0.374440 0.067094 0.088824
