3 0.433693 0.272648 0.050917 0.089074
4 0.547151 0.186731 0.061812 0.086574
3 0.525297 0.266602 0.049302 0.086870
4 0.467865 0.188907 0.057802 0.101815
0 0.218234 0.283370 0.046375 0.090667
0 0.275443 0.308894 0.053156 0.085917
0 0.307789 0.234810 0.055286 0.083787
0 0.492685 0.476495 0.052693 0.074880
1 0.273766 0.574731 0.043750 0.079907
1 0.229505 0.343676 0.041792 0.086130
0 0.266857 0.195542 0.049286 0.058361
0 0.310591 0.169597 0.042526 0.068731
1 0.252242 0.242699 0.043495 0.082472
3 0.345102 0.134370 0.050286 0.065833
3 0.400417 0.117329 0.057990 0.071769
1 0.344151 0.453639 0.045448 0.079963
4 0.290896 0.117528 0.056417 0.075685
4 0.531724 0.536699 0.049240 0.085861
2 0.521305 0.347347 0.044505 0.090824
1 0.400107 0.247120 0.038849 0.087574
3 0.492896 0.389394 0.053979 0.085861
3 0.475378 0.902028 0.059661 0.104352
4 0.355594 0.586356 0.060625 0.079102
1 0.465448 0.550593 0.048271 0.094278
1 0.317721 0.854042 0.064370 0.092583
3 0.600089 0.641620 0.065198 0.107259
3 0.492359 0.609532 0.049760 0.093250
3 0.846773 0.943255 0.084318 0.113491
1 0.227669 0.939120 0.076099 0.121759
4 0.340956 0.520380 0.062828 0.101389
0 0.357711 0.334273 0.050599 0.094213
3 0.645424 0.397454 0.058828 0.110259
1 0.570576 0.553843 0.048141 0.083907
1 0.542203 0.644227 0.055250 0.094769
1 0.564971 0.359194 0.049474 0.094481
2 0.479656 0.287745 0.050979 0.086787
2 0.263784 0.403208 0.056151 0.091213
2 0.341049 0.235384 0.050151 0.078806
2 0.383964 0.196153 0.045458 0.075731
2 0.443753 0.488667 0.059745 0.095704
3 0.408076 0.496792 0.059016 0.099491
3 0.544490 0.443301 0.063313 0.103065
3 0.442714 0.355620 0.056219 0.088833
