0 0.540898 0.088492 0.062859 0.137962
0 0.443445 0.046250 0.068109 0.091739
0 0.476422 0.112677 0.061719 0.124538
0 0.513023 0.207514 0.066828 0.117201
0 0.644703 0.458587 0.059625 0.116141
0 0.650563 0.584755 0.063281 0.127337
0 0.407000 0.581970 0.080625 0.101712
0 0.404797 0.367418 0.071750 0.121196
0 0.310422 0.094117 0.061375 0.130408
2 0.494141 0.551073 0.070031 0.132255
2 0.593438 0.642826 0.068750 0.128696
2 0.529078 0.652079 0.069875 0.132255
2 0.459633 0.673655 0.071078 0.120462
2 0.359766 0.490258 0.071438 0.134864
2 0.549758 0.314891 0.059391 0.128696
2 0.388594 0.252065 0.056719 0.112935
4 0.260062 0.188383 0.064813 0.127473
4 0.218945 0.378478 0.075016 0.128804
4 0.356609 0.780353 0.062250 0.131141
4 0.422102 0.482867 0.067453 0.104701
4 0.344187 0.347283 0.053594 0.125272
4 0.446148 0.263668 0.073047 0.108696
1 0.381047 0.081508 0.063594 0.104103
1 0.580328 0.202242 0.063156 0.132147
1 0.622891 0.312636 0.070969 0.128315
1 0.595430 0.412446 0.059578 0.115435
1 0.596109 0.530421 0.068969 0.118886
1 0.276750 0.734497 0.080469 0.134266
1 0.305414 0.595041 0.074172 0.132473
1 0.303539 0.456250 0.066047 0.120543
3 0.323883 0.223247 0.066953 0.119755
3 0.278813 0.314103 0.067219 0.125815
3 0.239969 0.502758 0.073875 0.127310
3 0.233906 0.623397 0.077656 0.128696
3 0.352313 0.651345 0.079219 0.121005
3 0.419281 0.767663 0.076094 0.133696
3 0.504289 0.755245 0.082734 0.118750
3 0.543937 0.462976 0.051875 0.127310
3 0.486047 0.435639 0.072969 0.096277
3 0.486453 0.339022 0.072344 0.100978
3 0.410969 0.158111 0.074031 0.083397
