3 0.360294 0.215412 0.057568 0.089083
4 0.547828 0.140917 0.061813 0.086574
3 0.426102 0.173167 0.049297 0.086870
4 0.466518 0.146694 0.048318 0.101815
0 0.200240 0.213231 0.046375 0.090667
0 0.256312 0.246042 0.053156 0.085917
0 0.282346 0.178917 0.055286 0.083796
0 0.355919 0.160838 0.065005 0.083306
1 0.404674 0.464468 0.043745 0.079935
1 0.214195 0.265097 0.041797 0.072639
0 0.251138 0.110588 0.049286 0.058361
0 0.300617 0.122569 0.042526 0.068731
1 0.240406 0.167222 0.043490 0.082481
3 0.335154 0.072074 0.051224 0.069185
3 0.393000 0.066681 0.057990 0.071769
1 0.302120 0.244866 0.044719 0.085028
4 0.281427 0.048278 0.056417 0.080056
4 0.359060 0.308023 0.049245 0.085861
2 0.500000 0.269046 0.044510 0.104333
3 0.553685 0.764093 0.065203 0.087944
3 0.581380 0.599421 0.071521 0.115120
3 0.864529 0.926838 0.084318 0.116861
1 0.227669 0.939120 0.076099 0.121759
4 0.331122 0.548870 0.062828 0.101389
0 0.251073 0.318454 0.044865 0.087500
3 0.602813 0.371356 0.053146 0.110269
1 0.543706 0.491130 0.048141 0.083907
1 0.529893 0.556681 0.055245 0.094769
1 0.547297 0.289894 0.061792 0.111324
2 0.454789 0.267824 0.057630 0.086778
2 0.250547 0.506736 0.053354 0.096250
2 0.220776 0.371727 0.055813 0.102324
2 0.296831 0.337574 0.051224 0.085704
2 0.443753 0.488667 0.059745 0.095704
3 0.339336 0.433819 0.055245 0.092731
3 0.536914 0.382722 0.057630 0.089648
3 0.401044 0.254611 0.056224 0.088833
