0 0.549352 0.108587 0.062859 0.137989
0 0.452734 0.056495 0.068125 0.094076
0 0.486031 0.131590 0.061719 0.124538
0 0.524773 0.224905 0.066828 0.117201
0 0.654672 0.487011 0.059625 0.116141
0 0.660859 0.612160 0.063281 0.127364
0 0.415078 0.603899 0.080625 0.101712
0 0.412953 0.387853 0.071750 0.121196
0 0.319266 0.119266 0.061375 0.130380
2 0.501453 0.582079 0.070031 0.132255
2 0.600906 0.665190 0.068750 0.128696
2 0.535422 0.672160 0.069875 0.132255
2 0.466086 0.692568 0.071078 0.120462
2 0.363844 0.517446 0.071438 0.134837
2 0.559961 0.332609 0.059391 0.128696
2 0.394906 0.278071 0.056719 0.112935
4 0.263656 0.208302 0.064812 0.127473
4 0.224187 0.405679 0.075000 0.128804
4 0.362195 0.803152 0.062234 0.131141
4 0.429875 0.506101 0.067437 0.104701
4 0.351969 0.370924 0.053594 0.125272
4 0.456461 0.281033 0.073047 0.108696
1 0.383109 0.099932 0.063594 0.104103
1 0.585641 0.227649 0.063156 0.132147
1 0.629820 0.343370 0.070953 0.128315
1 0.604633 0.434266 0.059578 0.115435
1 0.603375 0.553614 0.068969 0.118859
1 0.272672 0.767351 0.080469 0.134266
1 0.301508 0.626957 0.074172 0.132500
1 0.299508 0.481087 0.066047 0.120543
3 0.332719 0.246209 0.066969 0.119755
3 0.288328 0.342473 0.067219 0.125815
3 0.247930 0.528410 0.073859 0.127310
3 0.239141 0.655163 0.077656 0.128696
3 0.357453 0.680394 0.079219 0.121005
3 0.426758 0.797215 0.076078 0.133723
3 0.511773 0.789538 0.082734 0.118750
3 0.552000 0.491345 0.051875 0.127310
3 0.496234 0.460462 0.072969 0.096304
3 0.497328 0.366712 0.072344 0.100978
3 0.422375 0.181630 0.074031 0.083370
