0 0.531000 0.144035 0.062875 0.137962
0 0.432344 0.096698 0.068125 0.091712
0 0.465641 0.172976 0.061719 0.124538
0 0.501664 0.266277 0.066828 0.117174
0 0.632242 0.520707 0.059609 0.116141
0 0.639437 0.640530 0.063281 0.127364
0 0.397031 0.635245 0.078531 0.098207
0 0.393922 0.427446 0.071750 0.121196
0 0.300258 0.161223 0.064141 0.130380
2 0.483445 0.596848 0.070016 0.132228
2 0.581203 0.686467 0.068750 0.128696
2 0.519797 0.685163 0.069875 0.132283
2 0.449773 0.710883 0.071078 0.120462
2 0.351609 0.538723 0.071438 0.134837
2 0.536852 0.365109 0.059391 0.128696
2 0.375875 0.315897 0.056719 0.112935
4 0.250063 0.254796 0.064812 0.127473
4 0.211953 0.439946 0.075000 0.128804
4 0.345203 0.836848 0.064281 0.131141
4 0.416273 0.536834 0.067453 0.104701
4 0.334977 0.408736 0.053609 0.125299
4 0.438117 0.321793 0.073047 0.122935
1 0.367484 0.127106 0.063594 0.104103
1 0.571266 0.236128 0.063156 0.132147
1 0.607398 0.353995 0.070953 0.128315
1 0.584242 0.444918 0.059578 0.115435
1 0.580961 0.570788 0.067641 0.105815
1 0.271312 0.772065 0.080469 0.134239
1 0.295055 0.628139 0.074172 0.132473
1 0.293727 0.496440 0.066047 0.120543
3 0.314820 0.286780 0.066953 0.119755
3 0.269984 0.382663 0.067219 0.125815
3 0.230938 0.568614 0.073875 0.127337
3 0.226234 0.687065 0.077656 0.128696
3 0.344203 0.710530 0.079219 0.121005
3 0.411125 0.828533 0.076094 0.133696
3 0.490367 0.813179 0.082734 0.118750
3 0.532516 0.524837 0.051875 0.127337
3 0.477219 0.489226 0.072969 0.096277
3 0.474906 0.397446 0.072344 0.100978
3 0.402672 0.221821 0.074031 0.083370
