0 0.527602 0.181277 0.062859 0.137989
0 0.433703 0.135122 0.068125 0.099973
0 0.467516 0.212867 0.061719 0.124538
0 0.503703 0.307052 0.066844 0.117201
0 0.630883 0.556753 0.059609 0.116114
0 0.637750 0.680720 0.063281 0.127364
0 0.397719 0.683410 0.078531 0.098234
0 0.394773 0.466168 0.071766 0.121196
0 0.298898 0.200245 0.064141 0.130380
2 0.480937 0.633573 0.070031 0.132255
2 0.581711 0.731101 0.068734 0.128668
2 0.519109 0.734524 0.069875 0.132255
2 0.449945 0.757568 0.071078 0.120462
2 0.348320 0.590149 0.071422 0.134864
2 0.539148 0.397772 0.059391 0.128696
2 0.376547 0.350761 0.056719 0.112935
4 0.248469 0.292840 0.064812 0.127473
4 0.206180 0.483995 0.075016 0.128804
4 0.346344 0.886304 0.064281 0.131141
4 0.412117 0.579823 0.067453 0.104701
4 0.331750 0.444484 0.053594 0.125272
4 0.434211 0.358424 0.073047 0.122935
1 0.366594 0.159660 0.063594 0.104103
1 0.569422 0.284973 0.063156 0.132120
1 0.612320 0.396549 0.070953 0.128315
1 0.580742 0.498152 0.059578 0.115435
1 0.581641 0.614511 0.067656 0.105815
1 0.270078 0.796168 0.080469 0.134239
1 0.290547 0.675720 0.074187 0.132473
1 0.289484 0.536033 0.066031 0.120543
3 0.316406 0.323628 0.066969 0.119755
3 0.268969 0.422255 0.067219 0.125815
3 0.228734 0.607323 0.073875 0.127310
3 0.224703 0.734185 0.077656 0.128696
3 0.340969 0.759878 0.079219 0.121005
3 0.410445 0.871970 0.076078 0.133723
3 0.493086 0.862527 0.082734 0.118750
3 0.532109 0.565231 0.051875 0.127310
3 0.476187 0.537880 0.072969 0.096304
3 0.475234 0.443546 0.072344 0.100951
3 0.400969 0.260231 0.074031 0.083397
