0 0.542461 0.088492 0.062859 0.137962
0 0.445555 0.045992 0.068109 0.091712
0 0.477391 0.110312 0.061719 0.124538
0 0.513609 0.208872 0.066844 0.117201
0 0.646516 0.458845 0.059625 0.116114
0 0.652047 0.585829 0.063281 0.127364
0 0.408047 0.582215 0.080625 0.101712
0 0.406156 0.368451 0.071750 0.121196
0 0.311781 0.092772 0.061375 0.130380
2 0.496016 0.550149 0.070031 0.132255
2 0.594797 0.644823 0.068750 0.128668
2 0.530141 0.653655 0.069875 0.132255
2 0.460305 0.673655 0.071078 0.120462
2 0.362031 0.491046 0.071438 0.134864
2 0.550664 0.314891 0.059391 0.128696
2 0.390531 0.252065 0.056719 0.112935
4 0.262000 0.184334 0.064812 0.127473
4 0.221078 0.378478 0.075000 0.128804
4 0.358070 0.779022 0.062234 0.131141
4 0.422297 0.481019 0.067438 0.104701
4 0.345047 0.347283 0.053594 0.125272
4 0.448117 0.262391 0.073047 0.108696
1 0.381891 0.082052 0.063594 0.104103
1 0.580922 0.202242 0.063156 0.132147
1 0.624430 0.314212 0.070953 0.128315
1 0.596898 0.414633 0.059578 0.115462
1 0.597984 0.530965 0.068969 0.118886
1 0.276750 0.734334 0.080469 0.134266
1 0.305758 0.595041 0.074172 0.132473
1 0.303852 0.456250 0.066047 0.120543
3 0.325242 0.221209 0.066953 0.119755
3 0.282438 0.312527 0.067219 0.125815
3 0.242109 0.501739 0.073875 0.127337
3 0.234672 0.624076 0.077656 0.128696
3 0.353469 0.651005 0.079219 0.121033
3 0.420187 0.765299 0.076094 0.133696
3 0.505648 0.755245 0.082734 0.118750
3 0.545687 0.462976 0.051875 0.127310
3 0.487406 0.433274 0.072969 0.096277
3 0.487813 0.339361 0.072344 0.100951
3 0.412484 0.157065 0.074031 0.083370
