0 0.305984 0.278927 0.075094 0.116929
0 0.283039 0.398804 0.068141 0.131739
0 0.328344 0.495788 0.077844 0.134837
0 0.380008 0.692391 0.072703 0.115978
0 0.654195 0.479484 0.065391 0.136793
0 0.578344 0.682948 0.071844 0.128179
0 0.517648 0.635761 0.066672 0.124565
0 0.467477 0.919429 0.080234 0.140543
0 0.387305 0.935027 0.076766 0.125326
3 0.424828 0.113560 0.077094 0.118207
3 0.363883 0.193804 0.077109 0.120380
3 0.419609 0.349769 0.062781 0.129158
3 0.400313 0.469443 0.068813 0.122527
3 0.541414 0.202486 0.074859 0.133234
3 0.584031 0.277337 0.075813 0.128533
3 0.642711 0.352486 0.071078 0.121821
3 0.461695 0.574117 0.076422 0.118342
3 0.450680 0.689715 0.070234 0.126766
3 0.321563 0.747799 0.071937 0.124185
3 0.325602 0.864375 0.080578 0.121304
4 0.531367 0.517853 0.069922 0.122065
4 0.597055 0.559715 0.072922 0.128016
4 0.624641 0.788451 0.078906 0.139348
4 0.313203 0.619579 0.077000 0.125245
4 0.483430 0.353438 0.075391 0.127201
4 0.500398 0.282880 0.076047 0.107554
2 0.511242 0.046060 0.077016 0.092120
2 0.494555 0.159986 0.072266 0.134212
2 0.353344 0.371916 0.076375 0.133071
2 0.417344 0.815312 0.075875 0.134375
2 0.542930 0.863845 0.077828 0.140951
2 0.235258 0.629783 0.078453 0.135652
1 0.217570 0.506563 0.079172 0.118940
1 0.247430 0.765774 0.080422 0.140462
1 0.506859 0.755951 0.068594 0.124185
1 0.436367 0.228696 0.072859 0.118043
1 0.569047 0.120761 0.072219 0.123967
1 0.596273 0.435204 0.060984 0.134321
1 0.535781 0.397187 0.064812 0.128940
1 0.470187 0.455992 0.076844 0.103614
2 0.382711 0.582840 0.076141 0.116712
