3 0.315729 0.287551 0.055667 0.099176
4 0.508427 0.188481 0.061812 0.086574
3 0.366542 0.225162 0.049302 0.086861
4 0.416122 0.201852 0.048318 0.101815
0 0.124198 0.242028 0.046375 0.072185
0 0.193469 0.293181 0.053156 0.085917
0 0.223089 0.226181 0.058906 0.083787
0 0.303464 0.199755 0.065000 0.081602
1 0.221982 0.393088 0.043745 0.079935
1 0.138534 0.315505 0.041797 0.072639
0 0.188023 0.150366 0.049286 0.058361
0 0.238518 0.164491 0.042526 0.068722
1 0.172042 0.216278 0.043490 0.082481
3 0.286737 0.111481 0.051224 0.069185
3 0.344161 0.114259 0.057990 0.071759
1 0.244536 0.307315 0.042542 0.079074
4 0.222768 0.082935 0.056411 0.084426
3 0.434138 0.974444 0.067016 0.051111
3 0.485906 0.617995 0.071521 0.115120
3 0.818906 0.951611 0.084219 0.077074
1 0.227669 0.939120 0.076099 0.121759
4 0.275242 0.621968 0.062828 0.101380
0 0.174604 0.372796 0.044865 0.087500
3 0.192560 0.507074 0.053151 0.103796
1 0.395346 0.524801 0.048141 0.083898
1 0.376404 0.505917 0.056474 0.082463
1 0.414724 0.429968 0.067469 0.113454
2 0.400013 0.313185 0.057630 0.105315
2 0.173927 0.597843 0.053354 0.096259
2 0.148224 0.435125 0.055813 0.102324
2 0.269760 0.411477 0.048396 0.077231
2 0.318461 0.473722 0.059745 0.095704
3 0.240497 0.473389 0.050516 0.086037
3 0.309914 0.571005 0.056422 0.104657
3 0.346310 0.327546 0.056224 0.088833
