0 0.509234 0.238641 0.066906 0.123696
0 0.421805 0.195448 0.068109 0.098832
0 0.452688 0.265231 0.064500 0.122092
0 0.486000 0.348967 0.069625 0.124402
0 0.603008 0.577446 0.058234 0.116141
0 0.613273 0.685448 0.065297 0.127364
0 0.392117 0.686970 0.081203 0.093560
0 0.388570 0.494239 0.071766 0.121196
0 0.302602 0.253370 0.064141 0.130380
2 0.465062 0.664253 0.072000 0.133397
2 0.559453 0.736726 0.068750 0.118071
2 0.502805 0.743084 0.069859 0.132255
2 0.439312 0.768166 0.064187 0.120571
2 0.347516 0.608478 0.071438 0.134837
2 0.522461 0.437826 0.059391 0.128696
2 0.369945 0.388859 0.060141 0.114130
4 0.258023 0.339117 0.060672 0.127473
4 0.219203 0.508777 0.075000 0.128804
4 0.344031 0.872908 0.064281 0.131141
4 0.408641 0.596481 0.067438 0.104701
4 0.333805 0.477269 0.053609 0.125299
4 0.427484 0.398628 0.064906 0.122908
1 0.361703 0.223451 0.063594 0.104076
1 0.552000 0.334606 0.063156 0.132147
1 0.585648 0.428465 0.070953 0.128288
1 0.566570 0.531196 0.059578 0.115435
1 0.562320 0.633505 0.065516 0.107989
1 0.276219 0.821726 0.080469 0.134266
1 0.295398 0.696698 0.074172 0.132473
1 0.292711 0.572092 0.066047 0.120543
3 0.318852 0.364647 0.066953 0.119783
3 0.273383 0.453560 0.067203 0.125815
3 0.237750 0.622989 0.073875 0.127337
3 0.231633 0.734918 0.075672 0.128696
3 0.337406 0.762500 0.075812 0.122283
3 0.404117 0.863397 0.078172 0.133696
3 0.478125 0.851549 0.078750 0.110380
3 0.513562 0.580000 0.051875 0.127337
3 0.465992 0.556793 0.068203 0.102174
3 0.463719 0.471916 0.072344 0.100951
3 0.398242 0.306345 0.074016 0.083397
