0 0.567234 0.083139 0.063625 0.109538
0 0.464633 0.048207 0.068109 0.094076
0 0.502516 0.121563 0.061719 0.124538
0 0.541805 0.211304 0.070859 0.127826
0 0.691383 0.467514 0.059609 0.116114
0 0.701969 0.603886 0.063281 0.127337
0 0.429344 0.600340 0.080625 0.101712
0 0.425187 0.377228 0.071750 0.121196
0 0.322031 0.105095 0.061375 0.120951
2 0.522219 0.565530 0.070781 0.132255
2 0.632437 0.667785 0.068750 0.128668
2 0.561250 0.675720 0.069875 0.132255
2 0.482398 0.698465 0.071078 0.120462
2 0.369953 0.507595 0.071438 0.134864
2 0.581375 0.312527 0.058719 0.128696
2 0.398313 0.262717 0.056719 0.112935
4 0.272484 0.191753 0.064812 0.127473
4 0.222828 0.389090 0.075000 0.131114
4 0.371492 0.821753 0.062234 0.145842
4 0.443094 0.496155 0.069437 0.095136
4 0.359102 0.350829 0.053609 0.125299
4 0.466367 0.266250 0.073047 0.108696
1 0.387688 0.088628 0.063594 0.104103
1 0.606281 0.225856 0.063156 0.133234
1 0.656047 0.322894 0.070969 0.128288
1 0.631992 0.414171 0.059578 0.115462
1 0.627437 0.550054 0.068969 0.118859
1 0.276656 0.781182 0.080469 0.134266
1 0.300828 0.616318 0.074188 0.132473
1 0.313102 0.460978 0.066047 0.120543
3 0.337961 0.230842 0.066953 0.119783
3 0.292406 0.324728 0.067219 0.125815
3 0.241141 0.522514 0.073875 0.127310
3 0.232344 0.656332 0.077656 0.128696
3 0.366969 0.682745 0.079219 0.121033
3 0.445109 0.809266 0.076094 0.136522
3 0.540320 0.796630 0.082734 0.118750
3 0.579859 0.472432 0.051875 0.127310
3 0.514594 0.440367 0.072969 0.096277
3 0.513641 0.338342 0.072344 0.100978
3 0.433938 0.158003 0.074031 0.083397
