3 0.258893 0.018870 0.060891 0.037741
3 0.341169 0.726264 0.086016 0.137454
3 0.437016 0.320681 0.071521 0.115120
3 0.775359 0.776157 0.083115 0.142611
1 0.142477 0.556495 0.083120 0.132306
4 0.209302 0.287389 0.067656 0.109963
0 0.137289 0.055792 0.060307 0.104713
3 0.152365 0.167218 0.057990 0.117528
1 0.283844 0.144398 0.067271 0.092778
1 0.325299 0.201440 0.066109 0.098972
1 0.379323 0.139338 0.063792 0.111343
2 0.375914 0.042963 0.062443 0.085926
2 0.114242 0.243847 0.076547 0.113398
2 0.099773 0.097523 0.056193 0.105194
2 0.182292 0.065361 0.056833 0.082185
2 0.233268 0.083847 0.061464 0.099583
3 0.203805 0.142551 0.063786 0.101028
3 0.261859 0.226102 0.060031 0.104630
3 0.316542 0.047801 0.067094 0.081935
