0 0.505563 0.238641 0.066906 0.123696
0 0.416711 0.196033 0.068109 0.098859
0 0.451234 0.265231 0.064500 0.122092
0 0.483078 0.348967 0.069625 0.124402
0 0.600578 0.576603 0.058219 0.116141
0 0.611008 0.685448 0.065297 0.127364
0 0.385937 0.688057 0.081188 0.093560
0 0.383664 0.494239 0.071766 0.121196
0 0.299961 0.254674 0.064141 0.130380
2 0.464094 0.664253 0.072000 0.133397
2 0.557516 0.736726 0.068750 0.118071
2 0.500375 0.741399 0.069875 0.132255
2 0.436836 0.768166 0.064203 0.120571
2 0.345094 0.607636 0.071438 0.134837
2 0.520602 0.437826 0.059391 0.128696
2 0.366180 0.389511 0.060141 0.114130
4 0.252359 0.341101 0.060656 0.127473
4 0.213531 0.509429 0.075000 0.128804
4 0.340258 0.872908 0.064297 0.131141
4 0.403414 0.596916 0.067453 0.104701
4 0.332570 0.477269 0.053609 0.125299
4 0.422953 0.398628 0.064906 0.122908
1 0.361906 0.223954 0.063594 0.104103
1 0.551250 0.335258 0.063156 0.132147
1 0.584680 0.428465 0.070953 0.128288
1 0.564633 0.531196 0.059578 0.115435
1 0.561695 0.634049 0.065516 0.107989
1 0.274656 0.821726 0.080469 0.134266
1 0.294773 0.696698 0.074172 0.132473
1 0.291578 0.572092 0.066031 0.120543
3 0.314094 0.367799 0.066969 0.119783
3 0.271117 0.453560 0.067203 0.125815
3 0.232984 0.624171 0.073875 0.127310
3 0.227352 0.734348 0.075672 0.128696
3 0.336102 0.762772 0.077266 0.121739
3 0.401094 0.863397 0.078156 0.133696
3 0.475484 0.851549 0.078750 0.110380
3 0.510922 0.580000 0.051875 0.127337
3 0.462602 0.556793 0.068203 0.102174
3 0.461250 0.471916 0.072344 0.100951
3 0.393727 0.307948 0.074016 0.083397
