3 0.306424 0.719532 0.086016 0.137454
3 0.410021 0.298245 0.071521 0.115120
3 0.751560 0.784074 0.083120 0.142611
1 0.100807 0.539440 0.083115 0.132306
4 0.177568 0.259528 0.067656 0.109963
0 0.102539 0.029301 0.060307 0.058602
3 0.112375 0.126949 0.057990 0.117528
1 0.246458 0.106065 0.067271 0.092778
1 0.294034 0.171014 0.066109 0.098972
1 0.350154 0.111218 0.063786 0.111343
2 0.346083 0.025796 0.061469 0.051593
2 0.077893 0.202981 0.076547 0.113407
2 0.063674 0.052602 0.053349 0.105204
2 0.146299 0.031241 0.056828 0.053611
2 0.201813 0.038005 0.056250 0.076009
3 0.170398 0.110356 0.063786 0.101028
3 0.227799 0.203139 0.064974 0.113407
3 0.285799 0.029921 0.060307 0.059843
