0 0.518414 0.244851 0.066922 0.123723
0 0.428266 0.203723 0.068125 0.098859
0 0.463578 0.270000 0.067187 0.122011
0 0.495516 0.354878 0.069625 0.124375
0 0.613203 0.582187 0.058219 0.116114
0 0.619727 0.694307 0.065297 0.127364
0 0.397219 0.694688 0.077094 0.093560
0 0.393930 0.500734 0.071766 0.121196
0 0.310117 0.262283 0.064141 0.130380
2 0.475258 0.661889 0.072016 0.133397
2 0.571688 0.731997 0.068750 0.118071
2 0.509969 0.744293 0.066406 0.132228
2 0.445156 0.767500 0.064187 0.120598
2 0.354547 0.617935 0.071438 0.134837
2 0.527680 0.449647 0.059391 0.128696
2 0.381195 0.392921 0.060141 0.114103
4 0.263687 0.342486 0.060656 0.127473
4 0.224859 0.513533 0.075000 0.128804
4 0.351656 0.880897 0.064281 0.131141
4 0.412531 0.601834 0.067438 0.104701
4 0.339734 0.483179 0.053594 0.125272
4 0.435641 0.404538 0.064906 0.122935
1 0.371906 0.223465 0.063594 0.104103
1 0.557359 0.343329 0.063156 0.132147
1 0.596523 0.426685 0.070953 0.128315
1 0.573367 0.543016 0.059578 0.115435
1 0.569117 0.631141 0.065516 0.107989
1 0.290516 0.825272 0.080469 0.134239
1 0.304227 0.701427 0.074172 0.132473
1 0.298148 0.579185 0.066047 0.120543
3 0.324898 0.375041 0.066953 0.119755
3 0.280859 0.460054 0.067219 0.125815
3 0.243187 0.632459 0.073875 0.127310
3 0.239109 0.744389 0.075687 0.128723
3 0.346383 0.765815 0.075828 0.122283
3 0.410078 0.872473 0.078156 0.133696
3 0.483602 0.862174 0.078766 0.110380
3 0.523109 0.594185 0.051875 0.127337
3 0.469195 0.562364 0.068203 0.102174
3 0.471047 0.474660 0.072344 0.100951
3 0.402656 0.314035 0.074031 0.083397
