0 0.530297 0.102255 0.066000 0.109511
0 0.438266 0.064171 0.068125 0.095462
0 0.469766 0.135652 0.062125 0.127772
0 0.505664 0.219443 0.070859 0.127799
0 0.640430 0.449579 0.060484 0.119266
0 0.647516 0.573804 0.063281 0.130978
0 0.407727 0.575082 0.080359 0.095815
0 0.403047 0.370707 0.067750 0.121196
0 0.309086 0.129361 0.061359 0.130679
2 0.485984 0.547500 0.071719 0.115652
2 0.586828 0.620842 0.068750 0.110761
2 0.522695 0.631861 0.054953 0.108614
2 0.456016 0.656005 0.064375 0.113750
2 0.356422 0.495285 0.060125 0.130625
2 0.542719 0.311155 0.055938 0.119810
2 0.382953 0.272717 0.051750 0.105815
4 0.258164 0.213845 0.066484 0.127473
4 0.221406 0.393764 0.074219 0.127038
4 0.355734 0.769715 0.057656 0.126875
4 0.422312 0.480380 0.069437 0.101087
4 0.342203 0.353587 0.053594 0.124783
4 0.442289 0.270258 0.067234 0.120408
1 0.370656 0.100992 0.063594 0.104103
1 0.569094 0.202772 0.055656 0.105978
1 0.615156 0.300815 0.065313 0.106467
1 0.585016 0.403818 0.049250 0.100299
1 0.588672 0.511019 0.065625 0.104864
1 0.276313 0.723573 0.061906 0.100190
1 0.304344 0.579022 0.072813 0.111141
1 0.300500 0.455829 0.056406 0.118288
3 0.325211 0.246182 0.066953 0.125136
3 0.282039 0.332554 0.065141 0.128804
3 0.240055 0.510041 0.072328 0.113614
3 0.235172 0.628166 0.077656 0.122201
3 0.352969 0.650435 0.079219 0.119022
3 0.423023 0.760516 0.073984 0.130978
3 0.503922 0.745951 0.076719 0.104891
3 0.536953 0.461399 0.051875 0.132310
3 0.481250 0.437894 0.072969 0.097582
3 0.481141 0.342636 0.072344 0.091576
3 0.408656 0.178342 0.074594 0.090761
