0 0.550711 0.157052 0.062859 0.137962
0 0.455453 0.097853 0.068125 0.094076
0 0.486031 0.189524 0.061719 0.124538
0 0.521375 0.275747 0.066844 0.117201
0 0.662148 0.545516 0.059609 0.116141
0 0.665266 0.666535 0.063281 0.127364
0 0.412359 0.666535 0.080625 0.101712
0 0.412953 0.443424 0.071750 0.121196
0 0.315188 0.170109 0.061375 0.130380
2 0.502516 0.638818 0.070781 0.132255
2 0.604313 0.731386 0.068750 0.128696
2 0.534750 0.743084 0.069875 0.132255
2 0.464047 0.757568 0.071094 0.120462
2 0.361797 0.580095 0.071438 0.134864
2 0.561992 0.391712 0.059391 0.128696
2 0.390828 0.330082 0.056719 0.112935
4 0.262297 0.256780 0.064813 0.127473
4 0.216719 0.462418 0.075000 0.128804
4 0.356758 0.874076 0.062234 0.131141
4 0.429187 0.565190 0.067437 0.104728
4 0.347891 0.418193 0.053594 0.125299
4 0.455789 0.336005 0.073047 0.108696
1 0.382094 0.138329 0.063594 0.104103
1 0.588703 0.277894 0.063156 0.132147
1 0.630500 0.382378 0.070969 0.128288
1 0.601234 0.489837 0.059594 0.115435
1 0.606766 0.612704 0.068969 0.118886
1 0.278094 0.822908 0.080469 0.134239
1 0.298109 0.690788 0.074187 0.132500
1 0.296117 0.515353 0.066047 0.120543
3 0.327961 0.298220 0.066953 0.119755
3 0.282891 0.394484 0.067219 0.125815
3 0.238422 0.585149 0.073875 0.127310
3 0.230313 0.714253 0.077656 0.128723
3 0.354734 0.745394 0.079219 0.121005
3 0.424039 0.866943 0.076078 0.133723
3 0.511086 0.854538 0.082734 0.118750
3 0.555391 0.550448 0.051875 0.127310
3 0.494875 0.521929 0.072969 0.096304
3 0.495969 0.421073 0.072344 0.100951
3 0.418297 0.230095 0.074031 0.083397
