0 0.522750 0.227935 0.063625 0.109511
0 0.435859 0.191440 0.068125 0.094076
0 0.468781 0.258954 0.061719 0.124538
0 0.501273 0.333845 0.063016 0.105788
0 0.619305 0.554823 0.059609 0.116114
0 0.630719 0.661508 0.063281 0.127364
0 0.405203 0.663111 0.080625 0.101712
0 0.401195 0.469837 0.071766 0.121196
0 0.317750 0.245272 0.061375 0.120924
2 0.484187 0.634552 0.070781 0.132255
2 0.574188 0.705435 0.068750 0.128696
2 0.517250 0.710965 0.069875 0.132255
2 0.451227 0.736563 0.071078 0.120462
2 0.357953 0.582853 0.071438 0.134837
2 0.529891 0.424715 0.058719 0.128668
2 0.385031 0.372174 0.056719 0.112935
4 0.271469 0.329470 0.064812 0.127473
4 0.235063 0.493709 0.075000 0.131114
4 0.356102 0.846848 0.062234 0.145870
4 0.421586 0.573764 0.069422 0.095136
4 0.351617 0.461168 0.053609 0.125272
4 0.441836 0.376087 0.073047 0.108696
1 0.379453 0.224443 0.063594 0.104103
1 0.553297 0.323247 0.063156 0.132364
1 0.599414 0.410231 0.070953 0.128288
1 0.575352 0.486440 0.059578 0.115435
1 0.572820 0.598478 0.068953 0.118859
1 0.285500 0.806168 0.080469 0.134239
1 0.304063 0.660231 0.074187 0.132473
1 0.301117 0.532473 0.066047 0.120543
3 0.330031 0.353967 0.066969 0.119783
3 0.290219 0.438071 0.067219 0.125815
3 0.250977 0.600313 0.073859 0.127310
3 0.242531 0.714606 0.077656 0.128723
3 0.356328 0.735272 0.079219 0.121033
3 0.417117 0.839986 0.076078 0.136549
3 0.493336 0.822038 0.082734 0.118750
3 0.528531 0.554973 0.051875 0.127337
3 0.478594 0.530394 0.072969 0.096277
3 0.475609 0.442079 0.072344 0.100951
3 0.410672 0.291821 0.074031 0.083370
