0 0.561281 0.089633 0.063625 0.109538
0 0.460047 0.049212 0.068125 0.094076
0 0.495719 0.123030 0.061719 0.124538
0 0.535937 0.211005 0.070844 0.127826
0 0.684414 0.460720 0.059609 0.116114
0 0.692953 0.591780 0.063281 0.127364
0 0.423906 0.587948 0.080625 0.101712
0 0.422242 0.370136 0.071766 0.121196
0 0.318891 0.105095 0.061375 0.120951
2 0.516781 0.557242 0.070781 0.132255
2 0.629969 0.648940 0.068750 0.128696
2 0.557516 0.662120 0.069875 0.132283
2 0.480367 0.684280 0.071078 0.120462
2 0.369313 0.503940 0.071438 0.134837
2 0.573219 0.314293 0.058719 0.128696
2 0.397422 0.262717 0.056719 0.112935
4 0.266930 0.193913 0.064828 0.127446
4 0.217078 0.389090 0.075000 0.131114
4 0.367078 0.812880 0.062250 0.145870
4 0.441563 0.482976 0.069437 0.095136
4 0.355023 0.343736 0.053609 0.125299
4 0.461508 0.266250 0.073047 0.108696
1 0.385688 0.086535 0.063594 0.104103
1 0.602766 0.225041 0.063156 0.133234
1 0.654617 0.321033 0.070953 0.128315
1 0.626086 0.414171 0.059578 0.115462
1 0.627047 0.532432 0.068969 0.118886
1 0.278359 0.765897 0.080469 0.134239
1 0.309586 0.592948 0.074172 0.132473
1 0.309477 0.459402 0.066047 0.120543
3 0.334078 0.230842 0.066969 0.119783
3 0.286227 0.323668 0.067203 0.125815
3 0.236813 0.518220 0.073875 0.127310
3 0.228875 0.645027 0.077656 0.128696
3 0.362547 0.670340 0.079219 0.121005
3 0.438883 0.794497 0.076078 0.136549
3 0.531055 0.784810 0.082734 0.118750
3 0.571359 0.470666 0.051875 0.127310
3 0.506563 0.440367 0.072969 0.096277
3 0.505484 0.337758 0.072344 0.100951
3 0.428500 0.163913 0.074031 0.083370
