0 0.530312 0.233913 0.066906 0.123696
0 0.441172 0.187772 0.068125 0.098859
0 0.475797 0.264035 0.064500 0.122092
0 0.505031 0.341875 0.069625 0.124402
0 0.622031 0.569185 0.058219 0.116141
0 0.630266 0.683084 0.065312 0.127364
0 0.410656 0.679022 0.081188 0.093587
0 0.408203 0.493043 0.071750 0.121196
0 0.322680 0.250462 0.064141 0.130380
2 0.486133 0.650068 0.072016 0.133397
2 0.573734 0.735530 0.068750 0.118071
2 0.521523 0.740747 0.066422 0.132201
2 0.455250 0.761073 0.064187 0.120571
2 0.361109 0.599416 0.071438 0.134864
2 0.535836 0.437826 0.059391 0.128696
2 0.389805 0.386236 0.060141 0.114103
4 0.277281 0.328872 0.060656 0.127473
4 0.241859 0.506141 0.075000 0.128804
4 0.364797 0.866603 0.064281 0.131141
4 0.425109 0.591196 0.067437 0.104728
4 0.354687 0.474918 0.053594 0.125272
4 0.444937 0.391535 0.064906 0.122908
1 0.378016 0.216372 0.063594 0.104103
1 0.561516 0.329878 0.063156 0.132147
1 0.600664 0.427283 0.070953 0.128315
1 0.574039 0.532609 0.059578 0.115435
1 0.574555 0.631440 0.065516 0.107989
1 0.284219 0.822908 0.080469 0.134239
1 0.313742 0.683709 0.074172 0.132473
1 0.312008 0.564891 0.066047 0.120543
3 0.336570 0.362432 0.066953 0.119755
3 0.295812 0.448832 0.067219 0.125815
3 0.258820 0.618845 0.073859 0.127310
3 0.253727 0.727255 0.075672 0.128696
3 0.359844 0.751875 0.075813 0.122283
3 0.420961 0.859864 0.078172 0.133696
3 0.498891 0.847989 0.078750 0.110380
3 0.535016 0.575272 0.051875 0.127337
3 0.482305 0.547337 0.068203 0.102174
3 0.481687 0.463641 0.072344 0.100978
3 0.416250 0.302215 0.074031 0.083397
