0 0.535758 0.241399 0.062859 0.123723
0 0.450469 0.197880 0.068125 0.098859
0 0.482070 0.266128 0.064516 0.122092
0 0.514766 0.349633 0.069625 0.124375
0 0.631469 0.580326 0.059625 0.116141
0 0.640469 0.693723 0.063281 0.127337
0 0.415805 0.693207 0.081203 0.093587
0 0.415484 0.496766 0.071750 0.121196
0 0.330695 0.254674 0.064141 0.130380
2 0.496039 0.662894 0.072016 0.133397
2 0.587016 0.740530 0.068750 0.118071
2 0.526492 0.746128 0.069859 0.132255
2 0.463266 0.760095 0.066281 0.121766
2 0.372266 0.603750 0.071438 0.134837
2 0.545555 0.435462 0.059391 0.128696
2 0.400977 0.389606 0.060141 0.114103
4 0.283250 0.341617 0.060656 0.127473
4 0.243219 0.509701 0.075000 0.128804
4 0.369703 0.877636 0.064281 0.131141
4 0.433945 0.600068 0.067453 0.104701
4 0.360805 0.478451 0.053609 0.125272
4 0.451734 0.399212 0.064906 0.122935
1 0.386563 0.220408 0.063594 0.104076
1 0.571031 0.331563 0.063156 0.132147
1 0.610523 0.436264 0.070953 0.128288
1 0.583484 0.522935 0.059594 0.115435
1 0.578789 0.630747 0.065516 0.108016
1 0.293063 0.828410 0.080469 0.134266
1 0.319180 0.696698 0.074172 0.132473
1 0.318195 0.569158 0.066047 0.120543
3 0.341102 0.370584 0.066953 0.119755
3 0.301320 0.458152 0.067203 0.125815
3 0.262891 0.628899 0.073875 0.127310
3 0.259430 0.734484 0.075891 0.128696
3 0.367750 0.762296 0.079219 0.121005
3 0.427445 0.869633 0.078172 0.133723
3 0.504344 0.856603 0.078750 0.110380
3 0.543656 0.588438 0.051875 0.127310
3 0.492695 0.563533 0.068203 0.102174
3 0.489563 0.470897 0.072344 0.100978
3 0.425094 0.305163 0.074031 0.083370
