0 0.507211 0.226345 0.062859 0.123723
0 0.420891 0.184049 0.068125 0.098859
0 0.451141 0.256101 0.064500 0.122092
0 0.483547 0.335014 0.069625 0.124375
0 0.600969 0.563940 0.058219 0.116141
0 0.608187 0.672446 0.063281 0.127337
0 0.385320 0.675136 0.081203 0.093587
0 0.383508 0.480435 0.071766 0.121196
0 0.299680 0.245082 0.064141 0.130380
2 0.472227 0.650557 0.072016 0.133397
2 0.558773 0.726549 0.068734 0.118043
2 0.497078 0.734524 0.069875 0.132255
2 0.435844 0.750625 0.064406 0.120707
2 0.341094 0.602242 0.071438 0.134864
2 0.517523 0.430380 0.059391 0.128696
2 0.367688 0.382147 0.060125 0.114130
4 0.252750 0.327595 0.060656 0.127473
4 0.216031 0.499402 0.075000 0.128804
4 0.340234 0.863329 0.064281 0.131114
4 0.403727 0.588084 0.067453 0.104701
4 0.330656 0.466467 0.053594 0.125272
4 0.422797 0.386304 0.064906 0.122935
1 0.360844 0.221617 0.063594 0.104103
1 0.549391 0.334769 0.063156 0.132147
1 0.592445 0.429348 0.070953 0.128315
1 0.574805 0.515054 0.059578 0.115435
1 0.560562 0.620992 0.065531 0.108016
1 0.264813 0.824484 0.080469 0.134239
1 0.294523 0.688438 0.074172 0.132473
1 0.286602 0.559783 0.066047 0.120543
3 0.309609 0.356128 0.066969 0.119755
3 0.271344 0.442935 0.067219 0.125815
3 0.232852 0.612106 0.073859 0.127310
3 0.227352 0.721332 0.075672 0.128696
3 0.337484 0.746359 0.079219 0.121033
3 0.397625 0.845272 0.078156 0.133696
3 0.477148 0.837473 0.078766 0.110380
3 0.511906 0.572187 0.051875 0.127310
3 0.459492 0.546467 0.068203 0.102174
3 0.461375 0.458546 0.072344 0.100951
3 0.393148 0.295122 0.074016 0.083397
