0 0.492016 0.143261 0.063625 0.109511
0 0.390891 0.100774 0.068125 0.095462
0 0.427086 0.174253 0.061703 0.124538
0 0.468953 0.261277 0.070844 0.127826
0 0.611430 0.491793 0.059609 0.116141
0 0.622687 0.614959 0.063281 0.127364
0 0.356281 0.623397 0.078594 0.095815
0 0.355219 0.417717 0.067750 0.121196
0 0.258813 0.164130 0.061375 0.120924
2 0.453156 0.593791 0.070781 0.132255
2 0.560125 0.673465 0.068750 0.128668
2 0.492289 0.697690 0.059641 0.118098
2 0.413078 0.709090 0.071094 0.120462
2 0.304086 0.545815 0.071422 0.134837
2 0.507875 0.350557 0.058719 0.112038
2 0.333750 0.305272 0.052656 0.103533
4 0.203164 0.256780 0.064828 0.127473
4 0.160141 0.445829 0.075000 0.131114
4 0.309109 0.849158 0.058906 0.133967
4 0.375437 0.523764 0.069437 0.095136
4 0.291172 0.397582 0.053594 0.125272
4 0.398094 0.310326 0.068281 0.108696
1 0.327781 0.154130 0.063594 0.104076
1 0.538781 0.249946 0.055656 0.105978
1 0.579836 0.351576 0.064172 0.098641
1 0.554047 0.445543 0.054188 0.100000
1 0.558117 0.566467 0.068953 0.118859
1 0.221500 0.810842 0.080469 0.134239
1 0.244414 0.635761 0.074172 0.121739
1 0.246461 0.500000 0.059172 0.120543
3 0.272281 0.288981 0.066969 0.119755
3 0.226961 0.384946 0.065141 0.125815
3 0.179109 0.566861 0.073875 0.127310
3 0.172906 0.692120 0.077656 0.128696
3 0.295609 0.701671 0.079219 0.121005
3 0.377016 0.833872 0.074094 0.136549
3 0.467352 0.812120 0.082734 0.118750
3 0.501016 0.505530 0.051875 0.127310
3 0.438469 0.475190 0.072969 0.088098
3 0.440047 0.384117 0.072344 0.086766
3 0.363797 0.217310 0.074031 0.083370
