0 0.522844 0.227935 0.063625 0.109511
0 0.435836 0.191413 0.068109 0.094076
0 0.469109 0.258546 0.061719 0.124538
0 0.501695 0.333927 0.062828 0.105951
0 0.619719 0.555802 0.059625 0.116114
0 0.631109 0.662269 0.063281 0.127364
0 0.405406 0.664035 0.080625 0.101712
0 0.401367 0.469973 0.071766 0.121196
0 0.317836 0.245326 0.061359 0.120924
2 0.484375 0.635503 0.070781 0.132255
2 0.574375 0.705897 0.068750 0.128696
2 0.517484 0.711481 0.069875 0.132255
2 0.451344 0.737677 0.071094 0.120462
2 0.358016 0.583302 0.071438 0.134864
2 0.530133 0.424973 0.058703 0.128696
2 0.385125 0.372228 0.056719 0.112935
4 0.271758 0.329688 0.064828 0.127473
4 0.235484 0.494470 0.075000 0.131114
4 0.356187 0.847962 0.062250 0.145870
4 0.421672 0.574633 0.069437 0.095136
4 0.351859 0.461793 0.053594 0.125272
4 0.442039 0.376332 0.073047 0.108696
1 0.379344 0.224293 0.063594 0.104076
1 0.553453 0.323628 0.063156 0.132310
1 0.599656 0.410326 0.070969 0.128315
1 0.575492 0.486630 0.059578 0.115435
1 0.573086 0.599198 0.068953 0.118886
1 0.285609 0.807038 0.080469 0.134239
1 0.304094 0.660897 0.074188 0.132500
1 0.301477 0.532582 0.066047 0.120543
3 0.330219 0.354117 0.066969 0.119755
3 0.290336 0.438424 0.067203 0.125815
3 0.251125 0.601182 0.073875 0.127310
3 0.242531 0.715897 0.077656 0.128696
3 0.356422 0.736345 0.079219 0.121005
3 0.417273 0.841182 0.076078 0.136549
3 0.493758 0.823832 0.082734 0.118750
3 0.528734 0.555489 0.051875 0.127337
3 0.478859 0.531060 0.072969 0.096304
3 0.475734 0.442133 0.072344 0.100951
3 0.410703 0.291780 0.074031 0.083397
