0 0.537453 0.213791 0.062875 0.137962
0 0.449680 0.167079 0.068109 0.098832
0 0.478859 0.244524 0.064500 0.122092
0 0.513859 0.327690 0.069625 0.124402
0 0.636094 0.564443 0.059625 0.116114
0 0.644203 0.685054 0.063281 0.127337
0 0.414734 0.683166 0.081188 0.093560
0 0.411602 0.481223 0.071766 0.121196
0 0.324039 0.227432 0.064141 0.130408
2 0.498391 0.648872 0.070031 0.132255
2 0.595469 0.733166 0.068750 0.128668
2 0.533391 0.746046 0.069875 0.132255
2 0.464953 0.759144 0.071094 0.120462
2 0.369609 0.601386 0.071438 0.134837
2 0.551461 0.419484 0.059391 0.128696
2 0.393531 0.372636 0.056719 0.112935
4 0.275539 0.312921 0.064828 0.127473
4 0.234719 0.494334 0.075000 0.128777
4 0.364906 0.867582 0.064281 0.131141
4 0.430891 0.585285 0.067438 0.104701
4 0.358086 0.461318 0.053609 0.125299
4 0.452414 0.380299 0.064922 0.122935
1 0.389578 0.200992 0.063594 0.104103
1 0.587000 0.319253 0.063156 0.132147
1 0.612148 0.421372 0.070953 0.128288
1 0.598508 0.520571 0.059578 0.115435
1 0.591844 0.626332 0.067656 0.105815
1 0.302234 0.825272 0.080469 0.134239
1 0.318273 0.690394 0.074172 0.132473
1 0.316164 0.559103 0.066047 0.120543
3 0.335102 0.346671 0.066953 0.119755
3 0.295812 0.434647 0.067219 0.125815
3 0.254398 0.619443 0.073859 0.127310
3 0.249672 0.732554 0.077656 0.128696
3 0.361203 0.753682 0.079219 0.121005
3 0.424359 0.861046 0.078156 0.133723
3 0.506008 0.851576 0.084141 0.118750
3 0.543844 0.572323 0.051875 0.127310
3 0.489453 0.540245 0.072969 0.096304
3 0.489516 0.451821 0.072344 0.100978
3 0.418984 0.282690 0.074031 0.083370
