0 0.556523 0.122731 0.063609 0.109538
0 0.450188 0.075367 0.068125 0.095462
0 0.489766 0.156726 0.061719 0.124538
0 0.529234 0.251196 0.070844 0.127826
0 0.681523 0.517745 0.059609 0.116141
0 0.693125 0.658261 0.063281 0.127337
0 0.412687 0.654130 0.080625 0.101739
0 0.409898 0.423315 0.071766 0.121196
0 0.306680 0.140571 0.061359 0.120924
2 0.509313 0.618111 0.070781 0.132255
2 0.627578 0.721630 0.068750 0.128696
2 0.552438 0.721495 0.068469 0.118098
2 0.469828 0.751073 0.071094 0.120462
2 0.355344 0.561780 0.071438 0.134864
2 0.567609 0.355965 0.058719 0.128668
2 0.386750 0.299647 0.056719 0.112935
4 0.248703 0.234008 0.064812 0.127473
4 0.198703 0.442296 0.075000 0.131114
4 0.349406 0.891495 0.062250 0.145870
4 0.430516 0.545340 0.069437 0.095136
4 0.341773 0.397514 0.053609 0.125299
4 0.454430 0.304674 0.073047 0.108696
1 0.374094 0.117948 0.063594 0.104103
1 0.599578 0.250149 0.063156 0.133234
1 0.648852 0.365829 0.070953 0.128288
1 0.619352 0.461957 0.059578 0.115435
1 0.624445 0.591141 0.068953 0.118859
1 0.257375 0.839851 0.080469 0.134266
1 0.286664 0.662024 0.074172 0.132473
1 0.291805 0.505516 0.066047 0.120543
3 0.319797 0.271617 0.066969 0.119755
3 0.271672 0.374674 0.067219 0.125815
3 0.221273 0.573084 0.073859 0.127310
3 0.208891 0.714253 0.077656 0.128723
3 0.347938 0.738899 0.079219 0.121005
3 0.427773 0.879008 0.076078 0.136549
3 0.525023 0.859864 0.082734 0.118750
3 0.568641 0.525625 0.051875 0.127337
3 0.499984 0.494742 0.072969 0.096277
3 0.499703 0.387989 0.072344 0.100978
3 0.417953 0.198478 0.074031 0.083370
