0 0.520969 0.227935 0.063625 0.109511
0 0.436305 0.192228 0.068109 0.094076
0 0.462953 0.265720 0.061719 0.124538
0 0.495258 0.334293 0.066078 0.103152
0 0.611992 0.536454 0.059609 0.116114
0 0.623812 0.646821 0.063281 0.127337
0 0.401687 0.645720 0.080625 0.101712
0 0.398109 0.466332 0.071750 0.121196
0 0.317805 0.242622 0.061359 0.120951
2 0.480891 0.616834 0.070781 0.132255
2 0.571086 0.696264 0.068734 0.128668
2 0.513164 0.700842 0.069859 0.132283
2 0.449227 0.715476 0.071078 0.120462
2 0.356453 0.567772 0.071438 0.134837
2 0.525781 0.419293 0.058719 0.128696
2 0.383437 0.370625 0.056719 0.112935
4 0.273844 0.321427 0.064812 0.127473
4 0.234531 0.469280 0.075000 0.131114
4 0.354641 0.826033 0.062250 0.145870
4 0.419945 0.557622 0.069422 0.095136
4 0.347328 0.449226 0.053594 0.125299
4 0.438227 0.371033 0.073047 0.108696
1 0.381406 0.225856 0.063594 0.104103
1 0.550758 0.315611 0.063141 0.133234
1 0.595047 0.407636 0.070969 0.128315
1 0.572758 0.481984 0.059578 0.115435
1 0.568063 0.585027 0.068969 0.118859
1 0.287047 0.784293 0.080469 0.134239
1 0.309320 0.645666 0.074172 0.132473
1 0.306305 0.528560 0.066047 0.120543
3 0.326969 0.350720 0.066969 0.119755
3 0.292461 0.418995 0.067203 0.125815
3 0.251672 0.581399 0.073875 0.127310
3 0.245875 0.691902 0.077656 0.128696
3 0.354734 0.714266 0.079219 0.121033
3 0.415289 0.817092 0.076078 0.136522
3 0.492742 0.798995 0.082734 0.118750
3 0.525266 0.544932 0.051875 0.127310
3 0.473953 0.517785 0.072969 0.096277
3 0.472234 0.437976 0.072344 0.100951
3 0.410172 0.292405 0.074031 0.083397
