3 0.386156 0.355111 0.053208 0.094852
4 0.566711 0.291426 0.063786 0.104444
3 0.445354 0.318944 0.058948 0.097593
4 0.484076 0.282444 0.048318 0.101815
0 0.234729 0.335472 0.046375 0.072185
0 0.289083 0.373704 0.053156 0.085907
0 0.316391 0.319782 0.040594 0.083787
0 0.385734 0.296782 0.058958 0.064435
1 0.330888 0.380579 0.042526 0.067009
1 0.233161 0.388917 0.041792 0.064019
0 0.284255 0.255593 0.058958 0.049796
0 0.338378 0.261157 0.042526 0.068722
1 0.270479 0.292514 0.043490 0.082472
3 0.367857 0.220981 0.051224 0.069185
3 0.426089 0.220556 0.057990 0.071759
1 0.355771 0.323449 0.034792 0.068731
4 0.319289 0.186190 0.047359 0.068324
3 0.439430 0.948236 0.077599 0.103528
3 0.546703 0.663440 0.071521 0.115120
3 0.797167 0.877009 0.083646 0.111315
1 0.298828 0.893454 0.081479 0.124481
4 0.348151 0.661065 0.062823 0.101389
0 0.276469 0.446194 0.044865 0.087500
3 0.285974 0.552907 0.053146 0.103796
1 0.399641 0.524389 0.067271 0.092778
1 0.440557 0.561065 0.058885 0.086130
1 0.483943 0.486153 0.051698 0.109157
2 0.479685 0.393241 0.056401 0.088093
2 0.261286 0.622907 0.053354 0.096259
2 0.240622 0.481301 0.047755 0.077269
2 0.307201 0.444606 0.042339 0.089083
2 0.353648 0.457986 0.048891 0.080694
3 0.332096 0.521384 0.063786 0.101028
3 0.390263 0.597648 0.056391 0.100370
3 0.421698 0.406644 0.067094 0.088824
