0 0.550711 0.246522 0.062859 0.123696
0 0.461828 0.208777 0.068125 0.098859
0 0.493695 0.279008 0.064516 0.122092
0 0.521672 0.359755 0.069625 0.124402
0 0.644461 0.582582 0.058234 0.116141
0 0.650430 0.696101 0.065297 0.127364
0 0.431953 0.697935 0.081188 0.093587
0 0.427688 0.502500 0.071750 0.121196
0 0.343211 0.267024 0.064141 0.130408
2 0.502539 0.660367 0.072016 0.133397
2 0.593531 0.744986 0.068750 0.118071
2 0.542000 0.748601 0.069875 0.132255
2 0.476547 0.770924 0.064187 0.120598
2 0.383156 0.613886 0.071437 0.134837
2 0.554523 0.446087 0.059391 0.128696
2 0.408844 0.396861 0.060125 0.114103
4 0.293938 0.347785 0.060656 0.127473
4 0.259078 0.516793 0.075000 0.128804
4 0.380453 0.881630 0.064281 0.131141
4 0.444820 0.604198 0.067453 0.104701
4 0.370609 0.483179 0.053594 0.125272
4 0.460227 0.398043 0.064922 0.122935
1 0.396875 0.226997 0.063594 0.104103
1 0.579250 0.341264 0.063156 0.132147
1 0.616062 0.432609 0.070969 0.128315
1 0.587805 0.534457 0.059578 0.115435
1 0.593875 0.634008 0.065531 0.108016
1 0.310328 0.834728 0.080469 0.134239
1 0.335945 0.698668 0.074172 0.132500
1 0.333758 0.573043 0.066047 0.120543
3 0.355891 0.376236 0.066969 0.119755
3 0.317219 0.456821 0.067219 0.125815
3 0.277844 0.629130 0.073875 0.127337
3 0.272617 0.743560 0.075672 0.128696
3 0.377078 0.764986 0.079219 0.121005
3 0.441898 0.868995 0.078172 0.133696
3 0.515109 0.858125 0.078750 0.110380
3 0.554172 0.594891 0.051875 0.127337
3 0.500031 0.566603 0.068219 0.102174
3 0.502578 0.478573 0.072344 0.100951
3 0.436094 0.317568 0.074031 0.083397
