0 0.458953 0.215761 0.062875 0.137989
0 0.369812 0.168465 0.068125 0.098832
0 0.402055 0.240992 0.064516 0.122092
0 0.436719 0.322378 0.069625 0.124375
0 0.555898 0.554592 0.059609 0.116141
0 0.562875 0.661807 0.063281 0.127364
0 0.336125 0.675856 0.081188 0.093560
0 0.336836 0.475326 0.071766 0.121196
0 0.246336 0.236685 0.064141 0.130380
2 0.416500 0.644715 0.070031 0.132255
2 0.514375 0.720353 0.068750 0.128696
2 0.455906 0.732459 0.069875 0.132255
2 0.388828 0.751277 0.071094 0.120489
2 0.292703 0.598234 0.071438 0.134837
2 0.473977 0.414158 0.059391 0.128696
2 0.323188 0.372337 0.056719 0.112935
4 0.200437 0.320204 0.064813 0.127473
4 0.160297 0.497880 0.075000 0.128804
4 0.292531 0.863451 0.064281 0.131141
4 0.356672 0.578003 0.067437 0.104701
4 0.278562 0.457174 0.053594 0.125272
4 0.375273 0.376168 0.064922 0.122935
1 0.310047 0.204538 0.063594 0.104076
1 0.504078 0.313927 0.063156 0.132147
1 0.543055 0.415856 0.070953 0.128288
1 0.524008 0.506386 0.059578 0.115435
1 0.513477 0.614592 0.065516 0.107989
1 0.229516 0.816997 0.080469 0.134266
1 0.240680 0.682514 0.074172 0.132473
1 0.238336 0.550815 0.066047 0.120543
3 0.258641 0.350217 0.066969 0.119783
3 0.221484 0.434158 0.067219 0.125815
3 0.181336 0.612948 0.073859 0.127310
3 0.176266 0.726060 0.077656 0.128696
3 0.285750 0.748356 0.079219 0.121005
3 0.349594 0.852772 0.078156 0.133696
3 0.426836 0.834457 0.084141 0.118750
3 0.465109 0.566209 0.051875 0.127310
3 0.411516 0.536101 0.072969 0.096277
3 0.411344 0.446508 0.072344 0.100951
3 0.340484 0.282106 0.074031 0.083397
