3 0.389378 0.374616 0.053214 0.094861
4 0.562344 0.311907 0.063781 0.104444
3 0.444148 0.341222 0.056536 0.094907
4 0.482385 0.312074 0.048312 0.101815
0 0.231708 0.360157 0.046375 0.072185
0 0.285917 0.396245 0.053156 0.085917
0 0.310049 0.331051 0.040589 0.083787
0 0.378128 0.312560 0.058953 0.065954
1 0.326659 0.400301 0.042526 0.072657
1 0.239201 0.416282 0.041797 0.072639
0 0.283198 0.266866 0.058958 0.049787
0 0.336169 0.258542 0.042526 0.068731
1 0.270479 0.315060 0.043490 0.082472
3 0.369065 0.238157 0.051224 0.069185
3 0.418839 0.243102 0.057990 0.071759
1 0.351544 0.334718 0.034797 0.068731
4 0.310836 0.204440 0.047359 0.068324
3 0.438370 0.953477 0.075479 0.093046
3 0.544526 0.684051 0.071521 0.115120
3 0.801516 0.891931 0.083760 0.104454
1 0.302234 0.910843 0.079844 0.116667
4 0.351372 0.683611 0.062828 0.101389
0 0.271182 0.476250 0.044865 0.087500
3 0.287182 0.573306 0.053146 0.103796
1 0.400115 0.548236 0.067271 0.092787
1 0.444784 0.582537 0.058891 0.086130
1 0.479430 0.508699 0.053536 0.107009
2 0.475096 0.413153 0.056401 0.088083
2 0.268833 0.661019 0.053354 0.096259
2 0.238206 0.510282 0.047755 0.077269
2 0.310372 0.478426 0.042339 0.089074
2 0.352112 0.492144 0.048891 0.080694
3 0.327570 0.548759 0.057151 0.097815
3 0.390326 0.625769 0.052161 0.096056
3 0.419432 0.429727 0.064375 0.088824
