0 0.320828 0.231929 0.075094 0.116902
0 0.302836 0.340312 0.071516 0.131766
0 0.344367 0.436821 0.077828 0.134837
0 0.397711 0.617582 0.072703 0.115978
0 0.656258 0.408465 0.065391 0.136766
0 0.589625 0.601264 0.071844 0.140190
0 0.531195 0.555177 0.066672 0.124592
0 0.484391 0.831698 0.080219 0.148397
0 0.407242 0.858356 0.076766 0.139158
3 0.435109 0.075014 0.077094 0.108886
3 0.376719 0.157215 0.077125 0.120353
3 0.431063 0.299063 0.062781 0.129158
3 0.412063 0.405326 0.068813 0.122500
3 0.543812 0.146318 0.074875 0.133234
3 0.588000 0.221875 0.075812 0.128533
3 0.646867 0.289742 0.071078 0.121821
3 0.474344 0.502976 0.076438 0.118342
3 0.465687 0.615462 0.070219 0.126793
3 0.339023 0.675666 0.071953 0.124212
3 0.345180 0.789429 0.080578 0.121304
4 0.540828 0.443886 0.069906 0.122065
4 0.605430 0.486943 0.072922 0.128016
4 0.635734 0.701576 0.078906 0.139348
4 0.331039 0.551984 0.077016 0.125272
4 0.490086 0.286060 0.075391 0.127228
4 0.507008 0.221250 0.076047 0.107554
2 0.513523 0.025408 0.077016 0.050815
2 0.502711 0.113125 0.072266 0.134185
2 0.367758 0.312935 0.076359 0.133043
2 0.434313 0.734443 0.075875 0.134375
2 0.556195 0.783492 0.077828 0.140951
2 0.253539 0.566739 0.078453 0.135652
1 0.238133 0.454321 0.079172 0.118967
1 0.267344 0.692514 0.080437 0.140462
1 0.520813 0.676005 0.068594 0.124185
1 0.446102 0.182500 0.072859 0.118043
1 0.569813 0.080136 0.072219 0.110163
1 0.600023 0.363465 0.060984 0.134321
1 0.543359 0.331590 0.064813 0.128940
1 0.480391 0.393315 0.076844 0.103641
2 0.397156 0.508451 0.076156 0.116739
