3 0.428443 0.230898 0.054115 0.089074
4 0.541703 0.134537 0.061813 0.086574
3 0.525297 0.207676 0.049302 0.086870
4 0.463365 0.139662 0.057802 0.101824
0 0.209802 0.226315 0.046375 0.090667
0 0.267188 0.261338 0.053156 0.085917
0 0.295237 0.185690 0.055286 0.083787
0 0.441078 0.361176 0.065000 0.083296
1 0.268831 0.449653 0.043745 0.079935
1 0.219404 0.288630 0.041797 0.086130
0 0.257792 0.129634 0.049292 0.058361
0 0.303648 0.116949 0.042526 0.068731
1 0.247898 0.189356 0.043495 0.082472
3 0.337372 0.083755 0.051224 0.069194
3 0.393641 0.058806 0.057990 0.071759
1 0.357568 0.375833 0.045448 0.095148
4 0.285216 0.052361 0.056411 0.075685
4 0.486268 0.433162 0.049245 0.085861
2 0.513604 0.310528 0.044510 0.095093
1 0.391570 0.193546 0.045453 0.099333
3 0.478409 0.337875 0.053974 0.085861
3 0.399018 0.600676 0.059661 0.097944
4 0.344948 0.525065 0.071969 0.112796
1 0.435065 0.412120 0.045047 0.094278
1 0.277786 0.647366 0.073865 0.121213
3 0.597625 0.575963 0.065198 0.107259
3 0.489456 0.514403 0.068411 0.111991
3 0.847648 0.895685 0.084318 0.127815
1 0.227669 0.939120 0.076099 0.121759
4 0.340956 0.520380 0.062828 0.101389
0 0.338279 0.306500 0.045828 0.087500
3 0.644951 0.344759 0.058828 0.110259
1 0.568971 0.502431 0.048141 0.083898
1 0.525208 0.579718 0.055250 0.094769
1 0.557711 0.324681 0.053578 0.100102
2 0.467695 0.241870 0.055964 0.086778
2 0.266242 0.325343 0.059964 0.096259
2 0.334154 0.199894 0.052870 0.083639
2 0.377138 0.164713 0.048224 0.080519
2 0.443753 0.488667 0.059745 0.095704
3 0.392044 0.408208 0.059016 0.099491
3 0.538573 0.404162 0.063312 0.103065
3 0.437320 0.285690 0.056224 0.088824
