3 0.433219 0.259181 0.050917 0.089083
4 0.545255 0.167370 0.061813 0.086574
3 0.522456 0.243032 0.049297 0.086861
4 0.466917 0.166176 0.057802 0.101815
0 0.214760 0.260926 0.046375 0.090667
0 0.273547 0.290935 0.053156 0.085907
0 0.302740 0.214606 0.055281 0.083787
0 0.488898 0.459662 0.052693 0.074880
1 0.274714 0.548639 0.043750 0.079907
1 0.224453 0.324593 0.041792 0.086130
0 0.263068 0.169736 0.049292 0.058361
0 0.307120 0.144907 0.042521 0.068722
1 0.251297 0.224741 0.043490 0.082481
3 0.336104 0.090602 0.050292 0.065833
3 0.396943 0.101056 0.057990 0.071759
1 0.341781 0.421653 0.045448 0.079972
4 0.288057 0.099569 0.056417 0.075676
4 0.531724 0.513968 0.049240 0.085861
2 0.519885 0.329671 0.044510 0.090824
1 0.394898 0.228602 0.038849 0.087574
3 0.491477 0.369190 0.053974 0.085861
3 0.475378 0.902028 0.059661 0.104352
4 0.359383 0.572889 0.060620 0.079111
1 0.463078 0.540907 0.048271 0.094278
1 0.316773 0.835523 0.064370 0.092583
3 0.596299 0.626468 0.065203 0.107269
3 0.493779 0.586801 0.049755 0.093250
3 0.846773 0.936093 0.084318 0.127815
1 0.227669 0.939120 0.076099 0.121759
4 0.340956 0.520380 0.062828 0.101389
0 0.352977 0.314069 0.050599 0.094213
3 0.643531 0.373042 0.058833 0.110269
1 0.572471 0.531958 0.048141 0.083898
1 0.540310 0.627389 0.055245 0.094759
1 0.561654 0.343199 0.049474 0.094491
2 0.474448 0.268384 0.050979 0.086787
2 0.259523 0.379634 0.056151 0.091213
2 0.339159 0.216866 0.050151 0.078806
2 0.383964 0.177634 0.045458 0.075731
2 0.443753 0.488667 0.059745 0.095704
3 0.403909 0.485681 0.059016 0.099491
3 0.540703 0.423097 0.063313 0.103065
3 0.441766 0.342153 0.056219 0.088824
