3 0.387766 0.362986 0.053208 0.094861
4 0.564536 0.304315 0.063781 0.104444
3 0.446260 0.329681 0.058948 0.097583
4 0.483956 0.290602 0.048318 0.101815
0 0.233521 0.345130 0.046375 0.072185
0 0.287727 0.383361 0.053161 0.085907
0 0.313672 0.324611 0.040594 0.083796
0 0.382474 0.303546 0.058958 0.065093
1 0.329076 0.389028 0.042526 0.069426
1 0.239201 0.402222 0.041797 0.067463
0 0.283802 0.260426 0.058958 0.049796
0 0.337430 0.260037 0.042526 0.068722
1 0.270479 0.301106 0.043490 0.082472
3 0.370576 0.230648 0.051224 0.069185
3 0.423370 0.235051 0.057990 0.071769
1 0.353958 0.328282 0.034792 0.068731
4 0.315664 0.195852 0.047359 0.068333
3 0.438977 0.950481 0.076693 0.099037
3 0.546703 0.673097 0.071521 0.115120
3 0.799031 0.883407 0.083698 0.108370
1 0.300286 0.900907 0.080781 0.121130
4 0.351070 0.675023 0.062828 0.101380
0 0.274203 0.459074 0.044865 0.087500
3 0.285974 0.558278 0.053146 0.103796
1 0.400674 0.528991 0.067266 0.092778
1 0.442570 0.568403 0.058891 0.086120
1 0.482138 0.495819 0.052911 0.109157
2 0.479924 0.401343 0.056401 0.088093
2 0.267323 0.643301 0.053354 0.096250
2 0.239294 0.493319 0.047755 0.077269
2 0.308560 0.459102 0.042339 0.089074
2 0.352990 0.472625 0.048885 0.080694
3 0.330286 0.527824 0.063792 0.101037
3 0.391229 0.603231 0.056385 0.100370
3 0.421641 0.417597 0.067094 0.088824
