3 0.363966 0.348912 0.050922 0.089083
4 0.471076 0.265630 0.061807 0.086574
3 0.452570 0.346681 0.049297 0.086861
4 0.390245 0.269264 0.057802 0.101824
0 0.148917 0.360889 0.046375 0.090667
0 0.201583 0.393898 0.053156 0.090926
0 0.238385 0.327259 0.058615 0.071981
0 0.409383 0.554560 0.052693 0.074880
1 0.208820 0.664778 0.053495 0.088315
1 0.163937 0.433000 0.041792 0.086130
0 0.191206 0.263282 0.049286 0.058361
0 0.237602 0.259139 0.042526 0.068722
1 0.182747 0.322579 0.043495 0.082472
3 0.274583 0.217481 0.050292 0.065833
3 0.323047 0.194824 0.057990 0.071759
1 0.279440 0.546231 0.052099 0.093463
4 0.210151 0.184931 0.056417 0.079009
4 0.457083 0.635824 0.049240 0.085852
2 0.433164 0.401903 0.044505 0.090824
1 0.334451 0.332185 0.038849 0.087574
3 0.420612 0.468181 0.053974 0.085861
3 0.475378 0.902028 0.059661 0.104352
4 0.290880 0.684657 0.063458 0.087574
1 0.386406 0.622727 0.048271 0.094269
1 0.266734 0.937949 0.077625 0.114398
3 0.437549 0.984546 0.065453 0.030907
3 0.526268 0.725491 0.065203 0.107259
3 0.428711 0.702227 0.049755 0.093250
3 0.754727 0.964861 0.084318 0.070278
1 0.227669 0.939120 0.076099 0.121759
4 0.340956 0.520380 0.062828 0.101389
0 0.285299 0.429894 0.050599 0.094213
3 0.563516 0.476894 0.058833 0.110269
1 0.490581 0.629273 0.048141 0.083898
1 0.474607 0.712662 0.055245 0.094769
1 0.477216 0.421449 0.049474 0.094491
2 0.406615 0.351718 0.050979 0.086787
2 0.195141 0.483944 0.049990 0.079352
2 0.281727 0.301384 0.050172 0.078806
2 0.309500 0.271940 0.045458 0.075731
2 0.443753 0.488667 0.059745 0.095704
3 0.342232 0.571208 0.059016 0.099491
3 0.470596 0.519560 0.063307 0.103065
3 0.370932 0.447287 0.056219 0.088833
