0 0.315172 0.205204 0.075094 0.116929
0 0.294406 0.315340 0.071531 0.131766
0 0.337641 0.416073 0.077844 0.134864
0 0.391500 0.600217 0.072719 0.115978
0 0.652586 0.393098 0.065391 0.136793
0 0.583914 0.588655 0.071859 0.140190
0 0.524266 0.544918 0.066688 0.124565
0 0.476234 0.814198 0.080219 0.148397
0 0.400992 0.836603 0.076766 0.139130
3 0.434297 0.045177 0.077094 0.090353
3 0.372312 0.119198 0.077125 0.120353
3 0.427719 0.269986 0.062781 0.129158
3 0.409969 0.381957 0.068812 0.122500
3 0.543867 0.117459 0.074859 0.133234
3 0.585008 0.195299 0.075797 0.128533
3 0.640133 0.264647 0.071078 0.121793
3 0.468227 0.482976 0.076422 0.118342
3 0.458758 0.608370 0.070234 0.126793
3 0.334125 0.652962 0.071938 0.124185
3 0.336539 0.760761 0.080578 0.121304
4 0.535117 0.428981 0.069922 0.122038
4 0.600539 0.471807 0.072922 0.128016
4 0.631500 0.686427 0.078906 0.139321
4 0.323977 0.542296 0.077016 0.125245
4 0.482750 0.271698 0.075406 0.127201
4 0.504977 0.198560 0.076047 0.107554
2 0.513523 0.012976 0.077016 0.025951
2 0.497820 0.087595 0.072266 0.134212
2 0.359063 0.291155 0.076375 0.133071
2 0.427898 0.716101 0.075859 0.134375
2 0.549672 0.761549 0.077813 0.140924
2 0.250109 0.538356 0.078469 0.135679
1 0.232039 0.420639 0.079172 0.118940
1 0.261141 0.668098 0.080438 0.140489
1 0.516328 0.659891 0.068594 0.124185
1 0.440445 0.148641 0.072859 0.118043
1 0.568859 0.060054 0.072219 0.110163
1 0.596937 0.344932 0.060969 0.134321
1 0.540063 0.318057 0.064813 0.128940
1 0.475906 0.379144 0.076844 0.103614
2 0.394000 0.490285 0.076156 0.116712
