3 0.432026 0.252111 0.051719 0.089074
4 0.544370 0.159167 0.061812 0.086574
3 0.523164 0.234194 0.049297 0.086870
4 0.466031 0.159546 0.057802 0.101815
0 0.211018 0.236269 0.046370 0.090667
0 0.270841 0.270861 0.053161 0.085907
0 0.297242 0.192819 0.055286 0.083787
0 0.483604 0.439231 0.056052 0.077185
1 0.261451 0.522537 0.055120 0.098444
1 0.219404 0.302444 0.041797 0.086130
0 0.259008 0.141319 0.049286 0.058361
0 0.303648 0.119620 0.042526 0.068722
1 0.249904 0.203616 0.043495 0.082472
3 0.336573 0.092278 0.051229 0.069185
3 0.393474 0.066264 0.057990 0.071769
1 0.341214 0.403968 0.045448 0.089065
4 0.285216 0.058042 0.056411 0.075676
4 0.520359 0.493769 0.049240 0.085852
2 0.518315 0.324884 0.044505 0.091898
1 0.391570 0.203648 0.045453 0.099333
3 0.491477 0.354042 0.053974 0.085861
3 0.475378 0.902028 0.059661 0.104352
4 0.353128 0.540569 0.067432 0.099324
1 0.455979 0.511870 0.048271 0.094278
1 0.306047 0.791708 0.073865 0.121213
3 0.592513 0.591116 0.065203 0.107269
3 0.491414 0.568282 0.049755 0.093250
3 0.846992 0.925991 0.084318 0.127815
1 0.227669 0.939120 0.076099 0.121759
4 0.340956 0.520380 0.062828 0.101389
0 0.349654 0.309884 0.053422 0.099306
3 0.640690 0.347792 0.058828 0.110269
1 0.571596 0.524574 0.048141 0.083907
1 0.533206 0.603819 0.055245 0.094769
1 0.560667 0.338574 0.050500 0.095889
2 0.472760 0.261755 0.052229 0.086787
2 0.258430 0.359431 0.059964 0.096250
2 0.337906 0.212625 0.050833 0.080009
2 0.382258 0.174403 0.046151 0.076935
2 0.443753 0.488667 0.059745 0.095704
3 0.391409 0.452347 0.059016 0.099491
3 0.540172 0.418366 0.063313 0.103065
3 0.437977 0.295014 0.056224 0.088824
