0 0.542930 0.244130 0.063609 0.109511
0 0.448320 0.198342 0.068109 0.094076
0 0.479578 0.275217 0.061719 0.124565
0 0.513734 0.356155 0.062062 0.106603
0 0.644313 0.606984 0.059625 0.116141
0 0.651000 0.728003 0.063281 0.127364
0 0.413375 0.725639 0.080625 0.101712
0 0.409211 0.518478 0.071766 0.121196
0 0.323445 0.264592 0.061359 0.120924
2 0.496219 0.677160 0.070781 0.132255
2 0.595141 0.777188 0.068750 0.128668
2 0.527773 0.769090 0.069859 0.132255
2 0.461664 0.797174 0.071078 0.120489
2 0.367578 0.631209 0.071438 0.134864
2 0.545398 0.453288 0.059391 0.128696
2 0.392188 0.401603 0.056719 0.112935
4 0.270188 0.347690 0.064812 0.127446
4 0.229625 0.531535 0.075000 0.131114
4 0.356758 0.921630 0.062234 0.145489
4 0.430359 0.627188 0.069437 0.095136
4 0.355367 0.502717 0.053609 0.125272
4 0.450180 0.408696 0.073047 0.108696
1 0.379875 0.215693 0.063594 0.104103
1 0.575484 0.350340 0.063156 0.132147
1 0.619773 0.448071 0.070953 0.128315
1 0.590695 0.539266 0.059578 0.115435
1 0.592953 0.655652 0.068969 0.118859
1 0.286828 0.865462 0.080469 0.134239
1 0.315437 0.725652 0.074188 0.132500
1 0.312430 0.589837 0.066047 0.120543
3 0.331695 0.379783 0.066953 0.119783
3 0.289773 0.468641 0.067203 0.125815
3 0.247250 0.655476 0.073875 0.127310
3 0.240156 0.776902 0.077656 0.128696
3 0.359594 0.799687 0.079219 0.121005
3 0.424719 0.909144 0.076094 0.136549
3 0.508039 0.900652 0.082734 0.118750
3 0.544859 0.620584 0.051875 0.127310
3 0.491484 0.580435 0.072969 0.096304
3 0.489063 0.493003 0.072344 0.100951
3 0.421156 0.315802 0.074031 0.083397
