0 0.521961 0.212908 0.063609 0.109511
0 0.438609 0.178832 0.068125 0.094076
0 0.467977 0.239592 0.061703 0.124565
0 0.501609 0.313274 0.066625 0.106060
0 0.617680 0.511087 0.059609 0.116141
0 0.625359 0.622459 0.063281 0.127364
0 0.408922 0.622541 0.080625 0.101712
0 0.402438 0.443913 0.071750 0.121196
0 0.325281 0.226766 0.061375 0.120924
2 0.484891 0.594946 0.070781 0.132228
2 0.575656 0.672622 0.068750 0.128668
2 0.520562 0.673519 0.069875 0.132255
2 0.455312 0.691372 0.071094 0.120462
2 0.362328 0.548084 0.071438 0.134864
2 0.533375 0.394076 0.058719 0.128696
2 0.386297 0.343750 0.056719 0.112935
4 0.277562 0.307867 0.064812 0.127473
4 0.239063 0.461644 0.075000 0.131114
4 0.359063 0.811277 0.062250 0.145870
4 0.420070 0.543220 0.069422 0.095136
4 0.352219 0.424851 0.053594 0.125299
4 0.442477 0.354076 0.073047 0.108696
1 0.383703 0.190938 0.063594 0.104103
1 0.560789 0.285693 0.063141 0.133234
1 0.597250 0.390639 0.070969 0.128288
1 0.575047 0.458098 0.059594 0.115435
1 0.576969 0.572351 0.068969 0.118886
1 0.289906 0.761481 0.080469 0.134266
1 0.312148 0.626454 0.074172 0.132473
1 0.314711 0.515897 0.066047 0.120543
3 0.336313 0.330313 0.066969 0.119755
3 0.295125 0.403668 0.067219 0.125815
3 0.257453 0.563872 0.073875 0.127310
3 0.250406 0.673397 0.077656 0.128696
3 0.353891 0.691644 0.079219 0.121005
3 0.418805 0.796889 0.076078 0.136549
3 0.500156 0.780136 0.082750 0.118750
3 0.531609 0.520054 0.051875 0.127337
3 0.476828 0.498791 0.072969 0.096277
3 0.477938 0.416671 0.072344 0.100951
3 0.412750 0.272215 0.074031 0.083397
