3 0.346352 0.272245 0.050922 0.089083
4 0.451187 0.184324 0.061812 0.086574
3 0.431549 0.264356 0.049297 0.086861
4 0.366885 0.203944 0.057802 0.101815
0 0.113687 0.275639 0.046375 0.090667
0 0.169536 0.330870 0.053156 0.090926
0 0.200659 0.245241 0.058620 0.071981
0 0.390445 0.505343 0.052693 0.074889
1 0.175185 0.586796 0.053495 0.088315
1 0.127344 0.355019 0.041792 0.086130
0 0.163706 0.184088 0.049286 0.058361
0 0.207372 0.169037 0.042526 0.068722
1 0.156839 0.251468 0.043490 0.082472
3 0.254888 0.142060 0.050286 0.065843
3 0.295021 0.129505 0.057990 0.071769
1 0.251711 0.473907 0.052099 0.093463
4 0.184016 0.102912 0.056417 0.079009
4 0.434354 0.546125 0.049240 0.085861
2 0.417253 0.355032 0.044505 0.090824
1 0.304904 0.259861 0.038849 0.087574
3 0.397411 0.409315 0.053979 0.085852
3 0.475378 0.902028 0.059661 0.104352
4 0.261083 0.609009 0.063458 0.087574
1 0.368729 0.559694 0.048271 0.094278
1 0.231052 0.882190 0.077625 0.114398
3 0.398060 0.956875 0.065453 0.076157
3 0.502859 0.638620 0.065198 0.107259
3 0.397576 0.617375 0.049755 0.093250
3 0.745633 0.942324 0.091130 0.103241
1 0.227669 0.939120 0.076099 0.121759
4 0.340956 0.520380 0.062828 0.101389
0 0.261437 0.360199 0.050604 0.094213
3 0.550591 0.409718 0.058828 0.110269
1 0.470039 0.577523 0.048141 0.083898
1 0.447789 0.660949 0.055245 0.094769
1 0.451836 0.371616 0.049474 0.094491
2 0.421698 0.303602 0.050979 0.086778
2 0.164911 0.416468 0.049990 0.079361
2 0.252185 0.252894 0.050172 0.078806
2 0.275411 0.202097 0.045458 0.075731
2 0.443753 0.488667 0.059745 0.095704
3 0.320086 0.496551 0.059016 0.099491
3 0.446448 0.475227 0.063313 0.103065
3 0.347638 0.381380 0.056224 0.088833
