0 0.474586 0.209063 0.062859 0.137962
0 0.386805 0.163533 0.068109 0.098859
0 0.420750 0.238030 0.064500 0.122092
0 0.452016 0.317052 0.069625 0.124375
0 0.570398 0.541984 0.059609 0.116141
0 0.574875 0.655897 0.063281 0.127337
0 0.354930 0.663655 0.081203 0.093560
0 0.351789 0.467065 0.071766 0.121196
0 0.264914 0.228016 0.064141 0.130380
2 0.431453 0.642948 0.070031 0.132255
2 0.520031 0.692378 0.068750 0.128668
2 0.467234 0.719837 0.069875 0.132283
2 0.401062 0.741427 0.071094 0.120462
2 0.308102 0.586019 0.071422 0.134864
2 0.483836 0.410625 0.059391 0.128696
2 0.334758 0.363764 0.060141 0.114103
4 0.216109 0.309959 0.060656 0.127473
4 0.180687 0.486060 0.075000 0.128804
4 0.304766 0.851630 0.064281 0.131141
4 0.367344 0.575829 0.067437 0.104701
4 0.294203 0.450082 0.053594 0.125272
4 0.390563 0.370245 0.064906 0.122935
1 0.324656 0.199226 0.063594 0.104103
1 0.510531 0.306236 0.063156 0.132147
1 0.550305 0.410734 0.070953 0.128315
1 0.526211 0.506386 0.059578 0.115435
1 0.522898 0.610652 0.065516 0.107989
1 0.233469 0.801617 0.080469 0.134266
1 0.253930 0.668329 0.074172 0.132473
1 0.249883 0.538995 0.066047 0.120543
3 0.278352 0.339579 0.066953 0.119755
3 0.238719 0.433478 0.067219 0.125815
3 0.199008 0.605258 0.073859 0.127310
3 0.193609 0.715435 0.077656 0.128696
3 0.303766 0.735951 0.079219 0.121033
3 0.365227 0.838587 0.078172 0.133696
3 0.442461 0.823804 0.084141 0.118750
3 0.479266 0.552813 0.051875 0.127310
3 0.426234 0.525462 0.072969 0.096304
3 0.426641 0.438818 0.072344 0.100951
3 0.359852 0.276196 0.074016 0.083370
