3 0.424859 0.209685 0.056500 0.089074
4 0.541943 0.131176 0.061812 0.086574
3 0.493628 0.218338 0.049297 0.086861
4 0.463430 0.130824 0.055307 0.101815
0 0.208583 0.216352 0.046375 0.090667
0 0.263536 0.251815 0.053156 0.085907
0 0.293232 0.178560 0.055286 0.083787
0 0.344961 0.282051 0.065005 0.083306
1 0.289857 0.360088 0.043745 0.079935
1 0.219404 0.274815 0.041797 0.086130
0 0.256576 0.117944 0.049286 0.058352
0 0.303648 0.114273 0.042526 0.068731
1 0.245893 0.175097 0.043495 0.082472
3 0.338169 0.075231 0.051224 0.069185
3 0.393948 0.054477 0.057990 0.071769
1 0.337682 0.319644 0.045448 0.095139
4 0.285216 0.046681 0.056411 0.075676
4 0.456911 0.438213 0.049240 0.085852
2 0.508896 0.296167 0.044510 0.098296
1 0.391570 0.183444 0.045453 0.099333
3 0.463609 0.332394 0.053979 0.085861
3 0.340638 0.437611 0.059661 0.094278
4 0.338932 0.536648 0.071969 0.112796
1 0.407195 0.386870 0.044505 0.094278
1 0.249526 0.503032 0.073865 0.121213
3 0.593458 0.588671 0.065198 0.097194
3 0.483214 0.520856 0.071521 0.115120
3 0.845388 0.906829 0.084318 0.123657
1 0.227669 0.939120 0.076099 0.121759
4 0.340956 0.520380 0.062828 0.101389
0 0.284182 0.302065 0.044865 0.087500
3 0.639112 0.347042 0.055672 0.110269
1 0.562367 0.499972 0.048141 0.083907
1 0.523862 0.578921 0.055245 0.094769
1 0.554750 0.310792 0.056656 0.104306
2 0.465443 0.239579 0.057625 0.086787
2 0.224031 0.380472 0.053354 0.096259
2 0.330398 0.187162 0.054911 0.087269
2 0.372021 0.155019 0.050302 0.084111
2 0.443753 0.488667 0.059745 0.095704
3 0.370263 0.412699 0.059016 0.099491
3 0.532076 0.398782 0.063307 0.103065
3 0.425456 0.280611 0.056224 0.088833
