0 0.501094 0.218519 0.062875 0.137962
0 0.413992 0.175951 0.068109 0.098859
0 0.446578 0.245122 0.064500 0.122092
0 0.481234 0.325326 0.069625 0.124402
0 0.598938 0.563261 0.059625 0.116141
0 0.607500 0.674810 0.063281 0.127337
0 0.377016 0.679606 0.081187 0.093560
0 0.376930 0.482418 0.071766 0.121196
0 0.288023 0.226848 0.064141 0.130380
2 0.459313 0.643546 0.070031 0.132255
2 0.556734 0.725870 0.068750 0.128696
2 0.496344 0.743084 0.069875 0.132255
2 0.430398 0.755204 0.071078 0.120462
2 0.331547 0.604334 0.071438 0.134864
2 0.513398 0.421848 0.059391 0.128696
2 0.360234 0.372636 0.056719 0.112935
4 0.239859 0.321780 0.064812 0.127473
4 0.202437 0.506155 0.075000 0.128777
4 0.334672 0.865815 0.064281 0.131141
4 0.394523 0.579389 0.067453 0.104701
4 0.319344 0.465462 0.053594 0.125272
4 0.417750 0.379715 0.064906 0.122908
1 0.354234 0.205720 0.063594 0.104103
1 0.543500 0.318057 0.063156 0.132147
1 0.576133 0.421970 0.070953 0.128288
1 0.560117 0.510516 0.059578 0.115435
1 0.550836 0.625149 0.067641 0.105788
1 0.273344 0.821726 0.080469 0.134266
1 0.291320 0.693152 0.074172 0.132500
1 0.280477 0.565000 0.066047 0.120543
3 0.300773 0.351399 0.066953 0.119755
3 0.259109 0.439375 0.067219 0.125815
3 0.222797 0.615883 0.073875 0.127310
3 0.220109 0.729620 0.077656 0.128696
3 0.329594 0.752500 0.079219 0.121033
3 0.395813 0.861046 0.078156 0.133723
3 0.470336 0.849810 0.084141 0.118750
3 0.507484 0.570543 0.051875 0.127337
3 0.452750 0.539660 0.072969 0.096277
3 0.451781 0.451821 0.072344 0.100978
3 0.386359 0.286834 0.074031 0.083397
