0 0.539836 0.236671 0.062859 0.123723
0 0.453187 0.194728 0.068125 0.098859
0 0.487055 0.264552 0.064516 0.122092
0 0.516125 0.346481 0.069625 0.124375
0 0.639047 0.576277 0.059625 0.116141
0 0.643531 0.686630 0.063281 0.127337
0 0.426289 0.686114 0.081203 0.093587
0 0.421117 0.496603 0.071766 0.121196
0 0.333867 0.251522 0.064141 0.130380
2 0.498367 0.654796 0.072016 0.133397
2 0.585203 0.735014 0.068750 0.118071
2 0.531156 0.745625 0.069875 0.132283
2 0.464625 0.755951 0.066281 0.121739
2 0.372672 0.603750 0.071438 0.134837
2 0.548414 0.435462 0.059391 0.128696
2 0.402727 0.388601 0.060141 0.114103
4 0.286422 0.332948 0.060656 0.127473
4 0.252641 0.503614 0.075000 0.128804
4 0.371922 0.870543 0.064281 0.131141
4 0.438703 0.599470 0.067438 0.104701
4 0.368281 0.478451 0.053594 0.125272
4 0.458531 0.396250 0.064906 0.122935
1 0.387141 0.219389 0.063594 0.104103
1 0.571031 0.330557 0.063156 0.132147
1 0.612156 0.435557 0.070969 0.128288
1 0.585070 0.522935 0.059578 0.115435
1 0.583773 0.631929 0.065516 0.107989
1 0.295094 0.822500 0.080469 0.134239
1 0.321219 0.694334 0.074187 0.132473
1 0.321258 0.569728 0.066047 0.120543
3 0.346539 0.365068 0.066953 0.119755
3 0.305852 0.450299 0.067203 0.125815
3 0.268625 0.619946 0.073875 0.127337
3 0.265109 0.728179 0.077219 0.128696
3 0.372422 0.757228 0.079219 0.121033
3 0.429672 0.864484 0.078156 0.133696
3 0.508422 0.851549 0.078750 0.110380
3 0.546562 0.582364 0.051875 0.127337
3 0.493867 0.554402 0.068203 0.102174
3 0.495969 0.464823 0.072344 0.100951
3 0.430531 0.302201 0.074031 0.083370
