4 0.536109 0.305625 0.074688 0.105163
0 0.327969 0.300204 0.086281 0.120625
0 0.302562 0.434022 0.076969 0.138859
0 0.350352 0.540978 0.085391 0.140924
0 0.411320 0.746861 0.075422 0.128505
0 0.700594 0.512446 0.068187 0.147337
0 0.625906 0.731929 0.076531 0.150761
0 0.560547 0.682622 0.074219 0.139973
0 0.510125 0.960326 0.087625 0.079348
0 0.420211 0.974959 0.084266 0.050082
3 0.455547 0.144212 0.077094 0.116087
3 0.390227 0.226182 0.079203 0.120353
3 0.452922 0.381793 0.072969 0.127989
3 0.431531 0.504973 0.072219 0.127337
3 0.575328 0.220312 0.074875 0.133234
3 0.622859 0.302364 0.078562 0.127446
3 0.685609 0.376970 0.075125 0.121821
3 0.498117 0.615421 0.082422 0.136223
3 0.487531 0.751658 0.077000 0.148098
3 0.344258 0.807541 0.082734 0.133505
3 0.349453 0.938207 0.086563 0.123587
4 0.570344 0.552174 0.073375 0.129185
4 0.643617 0.603356 0.077641 0.146875
4 0.677992 0.852731 0.087641 0.158342
4 0.337672 0.671495 0.086594 0.144293
4 0.516984 0.371780 0.079469 0.131821
2 0.542039 0.064443 0.077016 0.105245
2 0.526773 0.187351 0.072266 0.134212
2 0.379898 0.409755 0.079766 0.142446
2 0.452977 0.878818 0.087422 0.153397
2 0.591227 0.931739 0.083328 0.136522
2 0.252836 0.688533 0.085984 0.150815
1 0.233562 0.548927 0.086594 0.118940
1 0.264969 0.836644 0.089188 0.161223
1 0.550008 0.817133 0.072047 0.154973
1 0.464562 0.261549 0.076906 0.118043
1 0.601734 0.155204 0.072219 0.118560
1 0.635320 0.462296 0.060984 0.142582
1 0.572875 0.430462 0.074344 0.136087
1 0.504164 0.494361 0.078891 0.103614
2 0.413141 0.622541 0.078125 0.135353
