0 0.525547 0.238655 0.066906 0.123723
0 0.439141 0.192486 0.068125 0.098832
0 0.471063 0.268016 0.067187 0.122011
0 0.502984 0.353696 0.069625 0.124402
0 0.620680 0.571549 0.058234 0.116141
0 0.626867 0.687813 0.065297 0.127364
0 0.406562 0.688478 0.077094 0.093587
0 0.400953 0.492283 0.071750 0.121196
0 0.318602 0.257554 0.064141 0.130380
2 0.483664 0.650068 0.072016 0.133397
2 0.577813 0.732582 0.068750 0.118043
2 0.520844 0.743098 0.066406 0.132228
2 0.451578 0.760136 0.064187 0.120598
2 0.367234 0.607296 0.071438 0.134864
2 0.536852 0.442554 0.059391 0.128696
2 0.390492 0.388601 0.060141 0.114103
4 0.271164 0.335965 0.060672 0.127473
4 0.234375 0.506141 0.075000 0.128804
4 0.359812 0.869375 0.064281 0.131141
4 0.423523 0.591196 0.067453 0.104728
4 0.350609 0.478451 0.053594 0.125272
4 0.442891 0.395679 0.064906 0.122935
1 0.379375 0.218736 0.063594 0.104103
1 0.561516 0.329878 0.063156 0.132147
1 0.600602 0.426101 0.070953 0.128288
1 0.574383 0.540190 0.059578 0.115435
1 0.575227 0.628478 0.065516 0.107989
1 0.291703 0.816997 0.080469 0.134266
1 0.312383 0.689620 0.074172 0.132500
1 0.307664 0.563832 0.066047 0.120543
3 0.330000 0.369144 0.066969 0.119755
3 0.291047 0.452391 0.067219 0.125815
3 0.255422 0.617079 0.073875 0.127310
3 0.247609 0.734348 0.075687 0.128696
3 0.356102 0.753043 0.075828 0.122283
3 0.413477 0.861046 0.078172 0.133723
3 0.493453 0.845625 0.078750 0.110380
3 0.530250 0.581182 0.051875 0.127310
3 0.475000 0.555000 0.068219 0.102174
3 0.478297 0.467188 0.072344 0.100951
3 0.413531 0.303397 0.074031 0.083370
