0 0.499648 0.236658 0.060859 0.109022
0 0.411719 0.199810 0.059750 0.091957
0 0.442789 0.267595 0.058234 0.112092
0 0.476359 0.350136 0.063594 0.113859
0 0.595969 0.572378 0.051406 0.104158
0 0.602281 0.684579 0.057781 0.115679
0 0.380688 0.691101 0.070188 0.082962
0 0.378797 0.499538 0.064062 0.110598
0 0.293438 0.263519 0.054375 0.115082
2 0.456977 0.649198 0.060109 0.100353
2 0.549422 0.726549 0.064781 0.095652
2 0.488711 0.741576 0.051672 0.091413
2 0.424773 0.762201 0.058797 0.093804
2 0.335000 0.608397 0.052813 0.117609
2 0.508023 0.437228 0.055891 0.103261
2 0.359375 0.395992 0.051187 0.093071
4 0.244922 0.343696 0.057969 0.112120
4 0.211039 0.519266 0.067078 0.116359
4 0.333609 0.871359 0.049844 0.116576
4 0.395508 0.601889 0.063984 0.089973
4 0.323719 0.480095 0.049219 0.115353
4 0.415937 0.398723 0.062813 0.106250
1 0.347922 0.234728 0.057187 0.101359
1 0.534016 0.333424 0.052500 0.105978
1 0.574141 0.433533 0.059375 0.083370
1 0.545430 0.517024 0.047422 0.087690
1 0.546906 0.624348 0.055781 0.095326
1 0.261469 0.822731 0.053188 0.077147
1 0.286852 0.695245 0.058484 0.100815
1 0.277664 0.563003 0.055141 0.110462
3 0.306406 0.376875 0.060937 0.115163
3 0.266328 0.462813 0.060625 0.116223
3 0.230039 0.628791 0.064547 0.113614
3 0.225273 0.739932 0.068453 0.106277
3 0.331359 0.760951 0.071031 0.104348
3 0.394242 0.864090 0.063078 0.113995
3 0.470602 0.854742 0.071516 0.093179
3 0.503930 0.581304 0.047297 0.115435
3 0.452828 0.554443 0.063156 0.084049
3 0.451734 0.469103 0.064656 0.080815
3 0.385359 0.310734 0.067812 0.079185
