0 0.504312 0.148628 0.063625 0.109538
0 0.402445 0.112595 0.068109 0.095462
0 0.438625 0.182731 0.061719 0.124538
0 0.476727 0.273655 0.070859 0.127799
0 0.621375 0.512418 0.059625 0.116141
0 0.630938 0.642894 0.063281 0.127364
0 0.363422 0.645856 0.078594 0.095788
0 0.360984 0.429810 0.067750 0.121196
0 0.262797 0.170190 0.061375 0.120924
2 0.458344 0.612799 0.070781 0.132228
2 0.567609 0.708533 0.068750 0.128696
2 0.494672 0.714688 0.059625 0.118125
2 0.419195 0.737459 0.071078 0.120462
2 0.308109 0.561766 0.071438 0.134837
2 0.514859 0.364429 0.058719 0.112065
2 0.340773 0.309606 0.054016 0.106658
4 0.208148 0.266304 0.064828 0.127446
4 0.159258 0.458845 0.075016 0.131114
4 0.305531 0.873207 0.058906 0.133967
4 0.381242 0.540910 0.069422 0.095136
4 0.297938 0.406386 0.053594 0.125272
4 0.404234 0.321413 0.068281 0.108696
1 0.335594 0.156495 0.063594 0.104076
1 0.542742 0.252228 0.055672 0.105978
1 0.592797 0.367174 0.064187 0.098641
1 0.563516 0.452473 0.054188 0.100000
1 0.563391 0.591712 0.068969 0.118859
1 0.220516 0.829049 0.080469 0.134239
1 0.249586 0.657772 0.074172 0.121739
1 0.246961 0.519946 0.059172 0.120543
3 0.275844 0.294674 0.066969 0.119783
3 0.227836 0.391060 0.065141 0.125815
3 0.178109 0.583329 0.073875 0.127310
3 0.170828 0.707745 0.077656 0.128696
3 0.300703 0.731209 0.079219 0.121005
3 0.379547 0.862459 0.074094 0.136549
3 0.472352 0.838016 0.082734 0.118750
3 0.511891 0.524443 0.051875 0.127310
3 0.447984 0.490543 0.072969 0.088098
3 0.451109 0.397446 0.072344 0.086793
3 0.369812 0.221821 0.074031 0.083370
