0 0.529219 0.114633 0.066000 0.109538
0 0.437195 0.076563 0.068109 0.095462
0 0.468766 0.146739 0.061187 0.127065
0 0.504453 0.229959 0.070844 0.127799
0 0.638750 0.458927 0.060094 0.119266
0 0.646453 0.583152 0.063281 0.130978
0 0.406656 0.585367 0.079813 0.095788
0 0.402109 0.382174 0.067750 0.121196
0 0.308812 0.141277 0.061375 0.130652
2 0.485578 0.557310 0.071719 0.115652
2 0.586562 0.630652 0.068750 0.110761
2 0.522430 0.642255 0.055484 0.110707
2 0.455141 0.666658 0.065313 0.116304
2 0.355750 0.506386 0.060656 0.129946
2 0.541242 0.322133 0.055922 0.119810
2 0.382281 0.280788 0.051750 0.104185
4 0.257367 0.226005 0.066484 0.127446
4 0.220391 0.404864 0.074219 0.125109
4 0.354766 0.780652 0.057656 0.126848
4 0.421773 0.490897 0.069422 0.101087
4 0.341391 0.364484 0.053594 0.122717
4 0.441070 0.280992 0.067234 0.120408
1 0.370125 0.113614 0.063594 0.104076
1 0.567891 0.213505 0.055656 0.105978
1 0.613687 0.312486 0.065313 0.106440
1 0.583805 0.412446 0.050859 0.097935
1 0.588547 0.520611 0.065625 0.104864
1 0.276156 0.733954 0.061906 0.100190
1 0.303563 0.590707 0.072813 0.111141
1 0.300281 0.464402 0.056406 0.118261
3 0.324000 0.258560 0.066969 0.125163
3 0.281242 0.344239 0.065141 0.128804
3 0.239719 0.520163 0.072313 0.114402
3 0.234719 0.639443 0.077656 0.122201
3 0.352156 0.661114 0.079219 0.119022
3 0.421992 0.770897 0.073828 0.130978
3 0.503125 0.756060 0.076719 0.104891
3 0.536547 0.471427 0.051875 0.132310
3 0.480578 0.447609 0.072969 0.095489
3 0.480078 0.353152 0.072344 0.091576
3 0.407844 0.188981 0.074594 0.089103
