0 0.535234 0.243370 0.065906 0.123696
0 0.448313 0.206970 0.068125 0.098832
0 0.480383 0.277052 0.064516 0.122092
0 0.509953 0.355761 0.069625 0.124402
0 0.629172 0.580408 0.058219 0.116141
0 0.637570 0.696101 0.065297 0.127364
0 0.413891 0.692323 0.081188 0.093560
0 0.414492 0.502500 0.071766 0.121196
0 0.328805 0.263478 0.064141 0.130380
2 0.489398 0.660231 0.072016 0.133397
2 0.586984 0.744117 0.068750 0.118071
2 0.528969 0.747812 0.069875 0.132255
2 0.464594 0.768465 0.064187 0.120571
2 0.376234 0.609660 0.071437 0.134864
2 0.547383 0.444918 0.059391 0.128696
2 0.398305 0.395095 0.060141 0.114103
4 0.280172 0.343057 0.060656 0.127473
4 0.243797 0.515109 0.075000 0.128804
4 0.374422 0.879701 0.064281 0.131141
4 0.431906 0.600965 0.067437 0.104701
4 0.357070 0.482296 0.053609 0.125299
4 0.451562 0.400992 0.064906 0.122908
1 0.389750 0.226997 0.063594 0.104103
1 0.576031 0.340584 0.063156 0.132147
1 0.609773 0.434375 0.070953 0.128315
1 0.583758 0.533804 0.059578 0.115435
1 0.584914 0.632772 0.065516 0.107989
1 0.309000 0.834728 0.080469 0.134239
1 0.324617 0.697880 0.074172 0.132500
1 0.319219 0.572391 0.066031 0.120543
3 0.340367 0.382133 0.066953 0.119755
3 0.299883 0.458533 0.067203 0.125815
3 0.262719 0.627717 0.073875 0.127337
3 0.255594 0.736997 0.075687 0.128723
3 0.366750 0.769239 0.079219 0.121033
3 0.425539 0.869022 0.078172 0.133696
3 0.503141 0.857459 0.078750 0.110353
3 0.540781 0.588872 0.051875 0.127310
3 0.488086 0.562989 0.068203 0.102174
3 0.485766 0.474579 0.072344 0.100951
3 0.421516 0.311073 0.074031 0.083397
