0 0.553805 0.098804 0.063609 0.109511
0 0.454945 0.055109 0.068109 0.094076
0 0.488531 0.129443 0.061719 0.124538
0 0.529312 0.216332 0.070844 0.127826
0 0.672430 0.466929 0.059609 0.116141
0 0.683016 0.593111 0.063281 0.127364
0 0.418359 0.592459 0.080625 0.101712
0 0.417367 0.377228 0.071766 0.121196
0 0.318242 0.113967 0.061359 0.120924
2 0.511797 0.561182 0.070781 0.132255
2 0.624859 0.650707 0.068750 0.128696
2 0.553094 0.662704 0.069875 0.132255
2 0.476508 0.683899 0.071078 0.120462
2 0.367812 0.503573 0.071438 0.134864
2 0.566422 0.313899 0.058719 0.128668
2 0.396891 0.262717 0.056719 0.112935
4 0.262750 0.198465 0.064813 0.127473
4 0.216711 0.394524 0.075016 0.131114
4 0.359938 0.813179 0.062250 0.145870
4 0.436219 0.486970 0.069437 0.095136
4 0.350945 0.346087 0.053609 0.125272
4 0.458602 0.266250 0.073047 0.108696
1 0.385031 0.089090 0.063594 0.104103
1 0.600656 0.224552 0.063156 0.133234
1 0.653758 0.319905 0.070953 0.128288
1 0.622539 0.414171 0.059578 0.115462
1 0.622297 0.533016 0.068969 0.118859
1 0.279938 0.764293 0.080469 0.134239
1 0.309102 0.594620 0.074172 0.132500
1 0.307602 0.459049 0.066047 0.120543
3 0.331359 0.235571 0.066969 0.119783
3 0.285945 0.331223 0.067203 0.125815
3 0.233453 0.518845 0.073875 0.127310
3 0.229625 0.645693 0.077656 0.128723
3 0.357641 0.674620 0.079219 0.121033
3 0.434117 0.798030 0.076078 0.136549
3 0.525711 0.783641 0.082734 0.118750
3 0.565578 0.472432 0.051875 0.127310
3 0.503031 0.440367 0.072969 0.096277
3 0.499484 0.336372 0.072344 0.100951
3 0.425094 0.166861 0.074031 0.083397
