0 0.548937 0.248030 0.063625 0.109538
0 0.451719 0.201304 0.068125 0.094076
0 0.484219 0.275802 0.061719 0.124538
0 0.522234 0.371209 0.062062 0.106603
0 0.656711 0.633981 0.059609 0.116114
0 0.663234 0.765435 0.063281 0.127337
0 0.411172 0.750476 0.080625 0.101712
0 0.411758 0.534429 0.071766 0.121196
0 0.318578 0.257880 0.061375 0.120924
2 0.497578 0.678573 0.070781 0.132255
2 0.603734 0.800448 0.068750 0.128668
2 0.532141 0.802976 0.069875 0.132255
2 0.463023 0.827514 0.071078 0.120462
2 0.367578 0.649239 0.071438 0.134837
2 0.554008 0.463533 0.059391 0.128696
2 0.391937 0.402446 0.056719 0.112935
4 0.262297 0.356264 0.064813 0.127473
4 0.220109 0.542201 0.075000 0.128804
4 0.356586 0.942813 0.062234 0.114375
4 0.431820 0.635149 0.068734 0.098560
4 0.353937 0.508030 0.053594 0.125299
4 0.454422 0.428207 0.073062 0.108696
1 0.380281 0.210448 0.063594 0.104103
1 0.582922 0.357432 0.063156 0.132147
1 0.627500 0.468478 0.070969 0.128315
1 0.597836 0.562364 0.059578 0.115435
1 0.596578 0.666495 0.068969 0.118859
1 0.285656 0.878750 0.080469 0.134239
1 0.312719 0.747527 0.074187 0.132500
1 0.303727 0.603179 0.066047 0.120543
3 0.330172 0.378492 0.066969 0.119755
3 0.285383 0.481359 0.067203 0.125815
3 0.239266 0.670557 0.073875 0.127310
3 0.229203 0.798913 0.077656 0.128696
3 0.356094 0.832867 0.079219 0.121005
3 0.426078 0.932582 0.076094 0.134185
3 0.514039 0.934538 0.082734 0.118750
3 0.552672 0.635557 0.051875 0.127310
3 0.494422 0.601712 0.072969 0.096304
3 0.493922 0.502649 0.072344 0.100951
3 0.422242 0.320530 0.074016 0.083397
