0 0.543477 0.121318 0.063609 0.109538
0 0.449000 0.085462 0.068125 0.094076
0 0.485359 0.154062 0.061719 0.124538
0 0.520562 0.242337 0.070844 0.127826
0 0.658078 0.476970 0.059625 0.116114
0 0.669000 0.603886 0.063281 0.127337
0 0.414219 0.598614 0.080625 0.101739
0 0.412680 0.388560 0.071766 0.121196
0 0.318234 0.141141 0.061375 0.120924
2 0.504375 0.569226 0.070781 0.132255
2 0.612531 0.653628 0.068750 0.128668
2 0.544859 0.662704 0.069875 0.132255
2 0.472117 0.682813 0.071078 0.120462
2 0.368273 0.508492 0.071422 0.134864
2 0.561250 0.330734 0.058719 0.128696
2 0.394563 0.276304 0.056719 0.112935
4 0.267437 0.225530 0.064813 0.127473
4 0.221695 0.414470 0.075016 0.131114
4 0.359938 0.809755 0.062250 0.145870
4 0.434703 0.499497 0.069437 0.095136
4 0.350672 0.365951 0.053594 0.125272
4 0.455008 0.288288 0.073047 0.108696
1 0.383781 0.099918 0.063594 0.104076
1 0.594398 0.228791 0.063141 0.133234
1 0.642641 0.326454 0.070969 0.128288
1 0.603633 0.414511 0.059578 0.115435
1 0.609344 0.536535 0.068969 0.118886
1 0.282828 0.761359 0.080469 0.134239
1 0.308445 0.597649 0.074172 0.132473
1 0.307336 0.464103 0.066047 0.120543
3 0.331359 0.258628 0.066969 0.119755
3 0.288031 0.342962 0.067219 0.125815
3 0.240453 0.526997 0.073875 0.127310
3 0.234047 0.649837 0.077656 0.128696
3 0.359734 0.676182 0.079219 0.121005
3 0.429250 0.800204 0.076094 0.136549
3 0.518023 0.780788 0.082734 0.118750
3 0.552945 0.486617 0.051891 0.127310
3 0.497188 0.451943 0.072969 0.096277
3 0.494203 0.357486 0.072344 0.100951
3 0.421016 0.192867 0.074031 0.083397
