0 0.507211 0.235937 0.062859 0.123723
0 0.420109 0.195530 0.068125 0.098832
0 0.453234 0.269470 0.064500 0.122092
0 0.486187 0.349470 0.069625 0.124375
0 0.603297 0.572717 0.058219 0.116141
0 0.609406 0.681182 0.063281 0.127364
0 0.386680 0.688981 0.081203 0.093560
0 0.383633 0.491033 0.071766 0.121196
0 0.301227 0.251821 0.064141 0.130380
2 0.474211 0.657867 0.072016 0.133397
2 0.558773 0.739796 0.068734 0.118071
2 0.500250 0.741617 0.069875 0.132255
2 0.432836 0.761495 0.066078 0.121630
2 0.341000 0.610829 0.071438 0.134864
2 0.520055 0.436128 0.059391 0.128668
2 0.368227 0.389484 0.060141 0.114130
4 0.253297 0.338003 0.060656 0.127473
4 0.217781 0.509524 0.075000 0.128777
4 0.341328 0.871848 0.064281 0.131141
4 0.405172 0.593954 0.067437 0.104701
4 0.330266 0.471875 0.053594 0.125272
4 0.425000 0.395082 0.064906 0.122935
1 0.359500 0.224035 0.063594 0.104103
1 0.548484 0.338302 0.063156 0.132147
1 0.592445 0.431712 0.070953 0.128315
1 0.578648 0.519103 0.059578 0.115435
1 0.562828 0.624932 0.065531 0.108016
1 0.269406 0.833302 0.080469 0.134266
1 0.295563 0.696698 0.074188 0.132473
1 0.290945 0.573288 0.066047 0.120543
3 0.309609 0.366644 0.066969 0.119755
3 0.270734 0.451332 0.067219 0.125815
3 0.236117 0.627242 0.073859 0.127310
3 0.229531 0.728913 0.075687 0.128696
3 0.338562 0.756753 0.079219 0.121005
3 0.397555 0.858668 0.078172 0.133696
3 0.477148 0.847880 0.078766 0.110380
3 0.512172 0.581182 0.051875 0.127310
3 0.461242 0.554810 0.068203 0.102174
3 0.461906 0.465177 0.072344 0.100951
3 0.392547 0.301413 0.074031 0.083370
