0 0.511289 0.223872 0.062859 0.123723
0 0.424273 0.178166 0.068109 0.098832
0 0.455070 0.247921 0.064516 0.122092
0 0.486758 0.327840 0.069641 0.124375
0 0.602750 0.560462 0.058219 0.116141
0 0.611578 0.669253 0.063281 0.127364
0 0.386359 0.667785 0.081188 0.093560
0 0.387242 0.476304 0.071766 0.121196
0 0.302289 0.240136 0.064141 0.130380
2 0.470750 0.645068 0.072000 0.133397
2 0.560750 0.722432 0.068750 0.118071
2 0.498211 0.729647 0.069859 0.132283
2 0.440188 0.749253 0.064187 0.120571
2 0.343687 0.596440 0.071438 0.134837
2 0.519867 0.429538 0.059391 0.128696
2 0.370648 0.376997 0.060141 0.114103
4 0.254609 0.323709 0.060656 0.127473
4 0.217156 0.493152 0.075000 0.128804
4 0.342484 0.851033 0.064281 0.131141
4 0.404844 0.582296 0.067437 0.104701
4 0.331922 0.461902 0.053594 0.125272
4 0.423531 0.380598 0.064906 0.122935
1 0.362422 0.220041 0.063594 0.104103
1 0.550078 0.332106 0.063156 0.132147
1 0.592445 0.427582 0.070953 0.128315
1 0.568914 0.512690 0.059578 0.115435
1 0.563438 0.618818 0.065531 0.108016
1 0.266891 0.811671 0.080469 0.134266
1 0.294711 0.676617 0.074172 0.132473
1 0.288633 0.550516 0.066047 0.120543
3 0.313688 0.352187 0.066969 0.119755
3 0.274172 0.436821 0.067219 0.125815
3 0.236273 0.601304 0.073859 0.127337
3 0.231297 0.714239 0.075687 0.128696
3 0.342422 0.740231 0.079219 0.121005
3 0.400797 0.841141 0.078156 0.133696
3 0.477148 0.831250 0.078766 0.110380
3 0.513141 0.564633 0.051875 0.127310
3 0.459875 0.541019 0.068219 0.102201
3 0.463344 0.449253 0.072344 0.100951
3 0.396203 0.289198 0.074031 0.083397
