0 0.525086 0.140394 0.066828 0.124212
0 0.426344 0.098329 0.070062 0.103125
0 0.461570 0.173424 0.064797 0.128152
0 0.497852 0.264321 0.071359 0.127826
0 0.633992 0.510625 0.060703 0.119239
0 0.641625 0.638261 0.063281 0.130978
0 0.393719 0.642038 0.080625 0.093913
0 0.391047 0.429266 0.069656 0.121196
0 0.293820 0.165272 0.061359 0.130652
2 0.479594 0.606141 0.068062 0.108370
2 0.584438 0.687283 0.064250 0.104457
2 0.518344 0.699633 0.055250 0.105462
2 0.443828 0.720951 0.065031 0.112011
2 0.341078 0.556440 0.059844 0.130978
2 0.534219 0.360190 0.057063 0.123750
2 0.369805 0.321440 0.052578 0.114402
4 0.242898 0.260367 0.066484 0.127473
4 0.204547 0.449076 0.074219 0.127989
4 0.342219 0.846522 0.057656 0.128804
4 0.408578 0.542772 0.069437 0.101087
4 0.328883 0.405598 0.053609 0.125815
4 0.431695 0.318437 0.067234 0.120408
1 0.357766 0.138003 0.063594 0.104103
1 0.561578 0.246087 0.055656 0.105978
1 0.609891 0.357283 0.070656 0.106467
1 0.579180 0.454511 0.048453 0.101467
1 0.582594 0.572459 0.065625 0.104864
1 0.260734 0.788043 0.059687 0.088587
1 0.286266 0.646223 0.072812 0.111141
1 0.288859 0.504389 0.056406 0.113940
3 0.310266 0.292351 0.067781 0.125679
3 0.266211 0.386603 0.065141 0.128804
3 0.224562 0.573682 0.074531 0.127853
3 0.220000 0.698940 0.077656 0.126087
3 0.337688 0.719592 0.079219 0.119022
3 0.410109 0.836141 0.074063 0.130978
3 0.493688 0.819783 0.076719 0.104891
3 0.530984 0.523057 0.051875 0.132310
3 0.472359 0.492935 0.072969 0.098641
3 0.471891 0.395326 0.072344 0.091576
3 0.397297 0.220734 0.074594 0.091576
