3 0.314859 0.719532 0.086021 0.137454
3 0.417250 0.300384 0.071521 0.115120
3 0.756378 0.777648 0.083120 0.142611
1 0.106831 0.537838 0.083120 0.132306
4 0.186669 0.261431 0.067651 0.109972
0 0.110370 0.029301 0.060313 0.058602
3 0.117797 0.132310 0.057990 0.117528
1 0.253987 0.113560 0.067266 0.092787
1 0.300714 0.176153 0.066104 0.098972
1 0.357984 0.115505 0.063792 0.111343
2 0.349698 0.025796 0.061469 0.051593
2 0.082711 0.210597 0.076547 0.113398
2 0.067289 0.052602 0.053349 0.105204
2 0.148708 0.032315 0.056833 0.053611
2 0.206831 0.038005 0.061464 0.076009
3 0.172466 0.112801 0.063786 0.101028
3 0.235029 0.203139 0.064974 0.113407
3 0.289930 0.029921 0.060307 0.059843
