0 0.529367 0.179851 0.062859 0.137962
0 0.431156 0.137772 0.068125 0.099946
0 0.465469 0.213764 0.061719 0.124538
0 0.501328 0.313859 0.066844 0.117174
0 0.632922 0.560897 0.059625 0.116141
0 0.637516 0.682894 0.063281 0.127364
0 0.394672 0.691997 0.079875 0.095897
0 0.395281 0.472717 0.071750 0.121196
0 0.301055 0.203587 0.064141 0.130380
2 0.479359 0.627582 0.070031 0.132228
2 0.581711 0.745666 0.068734 0.128668
2 0.521156 0.751359 0.069875 0.132283
2 0.446203 0.767038 0.071094 0.120489
2 0.344813 0.597826 0.071438 0.134837
2 0.538211 0.409049 0.059391 0.128696
2 0.373922 0.358370 0.056719 0.112935
4 0.244734 0.292038 0.064813 0.127446
4 0.205844 0.487038 0.075000 0.128804
4 0.343500 0.891522 0.064281 0.131141
4 0.412195 0.591780 0.067453 0.104701
4 0.332375 0.451685 0.053594 0.125272
4 0.432523 0.356399 0.073047 0.122908
1 0.368094 0.145992 0.063594 0.104103
1 0.568797 0.289783 0.063156 0.132120
1 0.613109 0.396875 0.070969 0.128315
1 0.579477 0.484511 0.059578 0.115435
1 0.582031 0.617622 0.067656 0.105788
1 0.271641 0.787432 0.080469 0.134266
1 0.289953 0.683601 0.074187 0.132473
1 0.288633 0.547283 0.066047 0.120543
3 0.313117 0.330313 0.066953 0.119755
3 0.267945 0.425054 0.067203 0.125815
3 0.228563 0.619253 0.073875 0.127310
3 0.222156 0.744402 0.077656 0.128696
3 0.340469 0.769280 0.079219 0.121005
3 0.410445 0.880978 0.076078 0.133696
3 0.494695 0.866658 0.082734 0.118750
3 0.532398 0.573696 0.051891 0.127337
3 0.476078 0.545571 0.072969 0.096304
3 0.477047 0.441780 0.072344 0.100951
3 0.403234 0.257677 0.074031 0.083397
