0 0.504453 0.212052 0.064375 0.113995
0 0.413359 0.172255 0.063594 0.097174
0 0.445578 0.242677 0.059125 0.114864
0 0.479148 0.328899 0.065234 0.115734
0 0.603703 0.557636 0.055719 0.109185
0 0.612414 0.675815 0.061141 0.123098
0 0.382867 0.679076 0.071734 0.089239
0 0.379148 0.483492 0.064703 0.115842
0 0.291211 0.238003 0.055453 0.120462
2 0.461328 0.643505 0.059656 0.112391
2 0.557852 0.720639 0.061672 0.094810
2 0.494219 0.739103 0.051719 0.109783
2 0.427492 0.749321 0.055141 0.093804
2 0.333766 0.600136 0.054156 0.125380
2 0.511906 0.418125 0.052906 0.105054
2 0.358977 0.377283 0.049641 0.102446
4 0.244117 0.323791 0.060234 0.119755
4 0.206875 0.502052 0.068875 0.121766
4 0.334906 0.867527 0.049844 0.116576
4 0.396508 0.585435 0.065797 0.093696
4 0.322453 0.463329 0.049781 0.119538
4 0.417344 0.379579 0.062812 0.108125
1 0.349937 0.213655 0.058531 0.102364
1 0.538844 0.312351 0.052125 0.106875
1 0.581937 0.415068 0.059625 0.093234
1 0.554727 0.508845 0.043984 0.095571
1 0.556484 0.618859 0.054312 0.096196
1 0.259672 0.819579 0.047500 0.081929
1 0.284898 0.686101 0.062516 0.100353
1 0.277758 0.559851 0.056828 0.110897
3 0.304141 0.354130 0.060937 0.114022
3 0.264414 0.441929 0.063141 0.119511
3 0.227102 0.616590 0.068109 0.116603
3 0.220953 0.731182 0.071000 0.108288
3 0.330984 0.752323 0.071313 0.104592
3 0.397328 0.858478 0.063437 0.120109
3 0.474367 0.845543 0.071516 0.093207
3 0.510773 0.568193 0.047641 0.120625
3 0.455312 0.540408 0.066812 0.087989
3 0.455086 0.451332 0.067172 0.085000
3 0.385797 0.287147 0.068594 0.084130
