0 0.532008 0.231563 0.066922 0.123723
0 0.446273 0.190122 0.068109 0.098832
0 0.479883 0.265842 0.065859 0.122065
0 0.511313 0.340693 0.069625 0.124375
0 0.630195 0.566821 0.058234 0.116141
0 0.636383 0.680720 0.065297 0.127364
0 0.416078 0.683750 0.077094 0.093587
0 0.410789 0.490707 0.071766 0.121196
0 0.328117 0.246929 0.064141 0.130380
2 0.484648 0.650068 0.072016 0.133397
2 0.585281 0.733166 0.068750 0.118071
2 0.527984 0.741929 0.066406 0.132228
2 0.455930 0.761087 0.064203 0.120598
2 0.366891 0.603750 0.071438 0.134837
2 0.542633 0.437228 0.059391 0.128696
2 0.395242 0.389769 0.060141 0.114103
4 0.279320 0.333601 0.060672 0.127473
4 0.243719 0.500245 0.075000 0.128804
4 0.369062 0.869130 0.064281 0.131141
4 0.429461 0.587649 0.067453 0.104701
4 0.358359 0.468764 0.053594 0.125299
4 0.448875 0.389891 0.064906 0.122935
1 0.382094 0.217378 0.063594 0.104103
1 0.564922 0.330476 0.063156 0.132147
1 0.605703 0.426101 0.070969 0.128288
1 0.575742 0.536413 0.059578 0.115435
1 0.578969 0.628179 0.065531 0.107989
1 0.292484 0.820367 0.080469 0.134266
1 0.315406 0.686984 0.074187 0.132500
1 0.309570 0.564185 0.066047 0.120543
3 0.341555 0.364416 0.066953 0.119755
3 0.302609 0.445272 0.067219 0.125815
3 0.260992 0.620149 0.073859 0.127310
3 0.257398 0.730788 0.075672 0.128696
3 0.362461 0.753043 0.075828 0.122283
3 0.424766 0.858913 0.078156 0.133696
3 0.502563 0.844457 0.078750 0.110380
3 0.537047 0.578818 0.051875 0.127310
3 0.484758 0.551821 0.068203 0.102174
3 0.485313 0.464416 0.072344 0.100951
3 0.420062 0.302446 0.074031 0.083370
