0 0.557883 0.091413 0.063609 0.109511
0 0.458344 0.051168 0.068125 0.094076
0 0.493344 0.124810 0.061719 0.124565
0 0.533734 0.212785 0.070844 0.127799
0 0.678633 0.463668 0.059609 0.116141
0 0.688547 0.591182 0.063281 0.127364
0 0.420625 0.589307 0.080625 0.101712
0 0.420906 0.371549 0.071750 0.121196
0 0.318508 0.106875 0.061359 0.120924
2 0.514703 0.558030 0.070781 0.132255
2 0.628266 0.649524 0.068750 0.128668
2 0.555813 0.662704 0.069875 0.132255
2 0.477961 0.684198 0.071078 0.120462
2 0.368812 0.503818 0.071437 0.134864
2 0.569141 0.314701 0.058719 0.128696
2 0.397250 0.262717 0.056719 0.112935
4 0.265523 0.194715 0.064828 0.127473
4 0.215922 0.389090 0.075000 0.131114
4 0.364531 0.812582 0.062250 0.145870
4 0.438508 0.481807 0.069422 0.095136
4 0.352648 0.344321 0.053609 0.125272
4 0.460539 0.266250 0.073047 0.108696
1 0.385391 0.086889 0.063594 0.104103
1 0.602062 0.224878 0.063156 0.133234
1 0.654328 0.320652 0.070969 0.128315
1 0.624898 0.414171 0.059578 0.115462
1 0.625469 0.532622 0.068969 0.118886
1 0.278891 0.765367 0.080469 0.134266
1 0.309422 0.593505 0.074188 0.132500
1 0.308758 0.459103 0.066047 0.120543
3 0.332445 0.232731 0.066953 0.119755
3 0.285672 0.325082 0.067219 0.125815
3 0.234000 0.517785 0.073875 0.127310
3 0.228531 0.644755 0.077656 0.128696
3 0.359156 0.669158 0.079219 0.121033
3 0.437289 0.795666 0.076078 0.136549
3 0.529242 0.783641 0.082734 0.118750
3 0.568297 0.472432 0.051875 0.127310
3 0.505219 0.440367 0.072969 0.096277
3 0.502656 0.337948 0.072344 0.100951
3 0.426727 0.164497 0.074016 0.083397
