3 0.280648 0.024907 0.081203 0.046296
3 0.359534 0.746884 0.086016 0.137454
3 0.449578 0.341301 0.071521 0.115120
3 0.777294 0.779602 0.083120 0.142611
1 0.159872 0.578829 0.083120 0.132306
4 0.223318 0.325190 0.067656 0.109972
0 0.150823 0.077255 0.046771 0.085843
3 0.162026 0.179245 0.057990 0.117528
1 0.294477 0.180481 0.067266 0.092778
1 0.335930 0.222060 0.066109 0.098972
1 0.387055 0.170264 0.063786 0.111343
2 0.383646 0.077324 0.062437 0.085926
2 0.121974 0.262745 0.076542 0.113398
2 0.112339 0.111269 0.056187 0.105204
2 0.196789 0.068796 0.056828 0.082185
2 0.237133 0.090718 0.061464 0.099583
3 0.211539 0.171764 0.063786 0.101028
3 0.278292 0.255315 0.060031 0.104630
3 0.329104 0.083884 0.067094 0.081935
