3 0.321729 0.089352 0.053208 0.127037
4 0.515495 0.064231 0.063781 0.104444
3 0.384531 0.062542 0.058948 0.097583
4 0.436727 0.054579 0.043495 0.082472
0 0.153544 0.050287 0.057026 0.087630
0 0.209599 0.090667 0.053156 0.085907
0 0.241010 0.041898 0.040594 0.083796
0 0.324615 0.030727 0.058958 0.061454
3 0.396260 0.817329 0.086021 0.137454
3 0.480505 0.415190 0.071521 0.115120
3 0.779776 0.817333 0.083188 0.138704
1 0.209164 0.656148 0.083120 0.132296
4 0.261495 0.387046 0.067656 0.109963
0 0.189495 0.167454 0.044865 0.087500
3 0.204076 0.277176 0.053151 0.103796
1 0.331203 0.256079 0.067271 0.092787
1 0.366857 0.299375 0.066109 0.098972
1 0.418948 0.249301 0.063792 0.111343
2 0.407810 0.139185 0.062443 0.085926
2 0.167398 0.352097 0.076547 0.113398
2 0.157763 0.210926 0.056193 0.105204
2 0.243182 0.168454 0.056833 0.082185
2 0.280135 0.178347 0.048885 0.099583
3 0.253096 0.250801 0.063786 0.101028
3 0.313083 0.342940 0.060031 0.104620
3 0.354234 0.149162 0.067094 0.088824
