0 0.520453 0.240720 0.066906 0.123723
0 0.431664 0.198397 0.068109 0.098859
0 0.464602 0.269402 0.067203 0.122011
0 0.499016 0.355666 0.069625 0.124375
0 0.614219 0.576277 0.058219 0.116141
0 0.621086 0.689579 0.065297 0.127364
0 0.400281 0.690543 0.077094 0.093587
0 0.396305 0.494837 0.071766 0.121196
0 0.313508 0.256576 0.064141 0.130380
2 0.478828 0.657160 0.072000 0.133397
2 0.571688 0.731997 0.068750 0.118071
2 0.511328 0.743696 0.066406 0.132228
2 0.447289 0.764457 0.064203 0.120598
2 0.358172 0.614198 0.071438 0.134864
2 0.530617 0.448451 0.059391 0.128696
2 0.384039 0.387405 0.060141 0.114103
4 0.267422 0.338329 0.060656 0.127473
4 0.228938 0.509402 0.075000 0.128804
4 0.355734 0.873207 0.064281 0.131141
4 0.416273 0.600652 0.067453 0.104728
4 0.342109 0.480435 0.053594 0.125272
4 0.437117 0.399810 0.064922 0.122935
1 0.375422 0.217745 0.063594 0.104076
1 0.558547 0.339497 0.063156 0.132147
1 0.595508 0.426101 0.070953 0.128288
1 0.573539 0.542554 0.059578 0.115435
1 0.570133 0.630693 0.065516 0.108016
1 0.290859 0.822908 0.080469 0.134239
1 0.308422 0.696508 0.074187 0.132473
1 0.300305 0.576630 0.066047 0.120543
3 0.326258 0.370910 0.066953 0.119755
3 0.285273 0.454755 0.067203 0.125815
3 0.247266 0.625367 0.073875 0.127310
3 0.242336 0.739660 0.075672 0.128723
3 0.349914 0.757310 0.075828 0.122283
3 0.412117 0.864592 0.078172 0.133696
3 0.487680 0.852133 0.078766 0.110353
3 0.525500 0.586209 0.051875 0.127310
3 0.470367 0.559647 0.068203 0.102174
3 0.472859 0.469552 0.072344 0.100951
3 0.406062 0.307527 0.074031 0.083370
