0 0.512844 0.158940 0.063625 0.109511
0 0.407883 0.117323 0.068109 0.095462
0 0.443219 0.190693 0.061719 0.124538
0 0.483352 0.290503 0.070859 0.127799
0 0.632656 0.538424 0.059625 0.116141
0 0.643516 0.677174 0.063281 0.127337
0 0.366484 0.669497 0.078594 0.095788
0 0.365680 0.446712 0.067734 0.121196
0 0.268281 0.183111 0.061375 0.120951
2 0.462406 0.637622 0.070781 0.132255
2 0.575078 0.738478 0.068750 0.128696
2 0.505203 0.739524 0.059625 0.118125
2 0.427078 0.770095 0.071094 0.120462
2 0.314219 0.586005 0.071438 0.134837
2 0.523602 0.383451 0.058703 0.128696
2 0.346922 0.325815 0.056719 0.112935
4 0.212297 0.272486 0.064813 0.127473
4 0.161852 0.467948 0.075016 0.131114
4 0.305563 0.905679 0.062250 0.145870
4 0.384914 0.565829 0.069422 0.095136
4 0.297594 0.433573 0.053594 0.125299
4 0.410859 0.334810 0.068281 0.108696
1 0.339859 0.157785 0.063594 0.104103
1 0.550984 0.266304 0.055656 0.105978
1 0.603703 0.383832 0.068062 0.115598
1 0.572578 0.477609 0.054188 0.100000
1 0.571844 0.603723 0.068969 0.118859
1 0.219641 0.860734 0.080469 0.134239
1 0.251891 0.686603 0.074187 0.121739
1 0.244430 0.534293 0.059172 0.120543
3 0.279563 0.306970 0.066969 0.119755
3 0.231555 0.405109 0.065141 0.125815
3 0.179289 0.601698 0.073859 0.127310
3 0.167766 0.730802 0.077656 0.128723
3 0.305117 0.761943 0.079234 0.121005
3 0.382266 0.894375 0.074094 0.136522
3 0.478461 0.869918 0.082734 0.118750
3 0.521406 0.549280 0.051875 0.127310
3 0.455453 0.514198 0.072969 0.088125
3 0.453156 0.416359 0.072344 0.100978
3 0.376156 0.234592 0.074031 0.083370
