0 0.539492 0.233628 0.062859 0.123723
0 0.453070 0.193084 0.068109 0.098832
0 0.486680 0.262269 0.064516 0.122092
0 0.515219 0.345122 0.069625 0.124375
0 0.634969 0.568288 0.059625 0.116141
0 0.639453 0.684851 0.063281 0.127364
0 0.419836 0.683166 0.081203 0.093560
0 0.418570 0.485951 0.071766 0.121196
0 0.334242 0.248696 0.064141 0.130380
2 0.493945 0.653614 0.072016 0.133370
2 0.584094 0.731698 0.068750 0.118071
2 0.530781 0.743872 0.069875 0.132255
2 0.463891 0.753397 0.066281 0.121739
2 0.370625 0.600204 0.071438 0.134864
2 0.544664 0.429538 0.059391 0.128696
2 0.399156 0.384158 0.060125 0.114130
4 0.285781 0.329470 0.060656 0.127473
4 0.251375 0.502011 0.075000 0.128804
4 0.373031 0.866984 0.064281 0.131141
4 0.434117 0.591508 0.067453 0.104701
4 0.365219 0.468995 0.053594 0.125272
4 0.455469 0.395367 0.064906 0.122908
1 0.387437 0.218886 0.063594 0.104076
1 0.571031 0.330041 0.063156 0.132147
1 0.608078 0.429796 0.070969 0.128288
1 0.583555 0.520951 0.059578 0.115435
1 0.585086 0.628777 0.065516 0.107989
1 0.292719 0.816399 0.080469 0.134266
1 0.318164 0.679864 0.074172 0.132500
1 0.316664 0.560571 0.066047 0.120543
3 0.346992 0.362826 0.066953 0.119783
3 0.305328 0.443533 0.067219 0.125815
3 0.269352 0.617677 0.073859 0.127310
3 0.262937 0.725489 0.077656 0.128696
3 0.371391 0.752799 0.079219 0.121033
3 0.430781 0.861902 0.078156 0.133696
3 0.506375 0.846223 0.078750 0.110380
3 0.543500 0.579402 0.051875 0.127337
3 0.492336 0.550870 0.068203 0.102174
3 0.492406 0.464823 0.072344 0.100951
3 0.425781 0.301019 0.074031 0.083397
