0 0.514266 0.160666 0.063625 0.109538
0 0.409648 0.118519 0.068109 0.095462
0 0.445250 0.194253 0.061719 0.124538
0 0.485164 0.291685 0.070859 0.127826
0 0.634555 0.540788 0.059609 0.116141
0 0.646000 0.679538 0.063281 0.127337
0 0.368063 0.673832 0.078594 0.095815
0 0.367172 0.449565 0.067750 0.121196
0 0.269867 0.183111 0.061359 0.120951
2 0.465125 0.641563 0.070781 0.132255
2 0.577125 0.740054 0.068750 0.128696
2 0.506336 0.743465 0.059641 0.118125
2 0.428984 0.775774 0.071094 0.120462
2 0.315578 0.589552 0.071438 0.134864
2 0.526453 0.385815 0.058719 0.128696
2 0.349109 0.329606 0.056719 0.112962
4 0.213453 0.273818 0.064812 0.127473
4 0.163313 0.470149 0.075000 0.131114
4 0.307602 0.908424 0.062234 0.145870
4 0.386406 0.569144 0.069437 0.095136
4 0.299633 0.433573 0.053609 0.125299
4 0.413031 0.337174 0.068281 0.108696
1 0.340562 0.158003 0.063594 0.104103
1 0.554375 0.272935 0.055656 0.105978
1 0.605836 0.387283 0.069016 0.119837
1 0.574211 0.479511 0.054203 0.100000
1 0.575102 0.605149 0.068953 0.118886
1 0.221422 0.864035 0.080469 0.134266
1 0.253250 0.688967 0.074187 0.121739
1 0.246914 0.537038 0.059172 0.120543
3 0.281195 0.308383 0.066953 0.119755
3 0.232461 0.406685 0.065141 0.125815
3 0.180648 0.603356 0.073859 0.127310
3 0.169578 0.733560 0.077656 0.128696
3 0.306477 0.765883 0.079234 0.121005
3 0.384078 0.898315 0.074094 0.136522
3 0.481633 0.875054 0.082734 0.118750
3 0.522766 0.550856 0.051875 0.127310
3 0.457266 0.517351 0.072969 0.088125
3 0.455875 0.418329 0.072344 0.100951
3 0.378875 0.237432 0.074031 0.083397
