0 0.522000 0.227935 0.063625 0.109511
0 0.436047 0.191766 0.068125 0.094076
0 0.466172 0.262242 0.061719 0.124538
0 0.497930 0.333152 0.064547 0.104457
0 0.615992 0.547011 0.059609 0.116141
0 0.627641 0.655340 0.063281 0.127364
0 0.403547 0.655693 0.080625 0.101712
0 0.399773 0.468587 0.071766 0.121196
0 0.317008 0.244851 0.061359 0.120951
2 0.482672 0.626984 0.070781 0.132228
2 0.572781 0.701726 0.068750 0.128668
2 0.515359 0.706861 0.069875 0.132255
2 0.450273 0.727514 0.071078 0.120462
2 0.357430 0.579253 0.071422 0.134864
2 0.528000 0.422663 0.058719 0.128696
2 0.384289 0.371861 0.056703 0.112962
4 0.269172 0.327649 0.064812 0.127473
4 0.231719 0.487514 0.075000 0.131114
4 0.355391 0.837799 0.062250 0.145870
4 0.420875 0.566780 0.069437 0.095136
4 0.349656 0.456250 0.053594 0.125272
4 0.440180 0.374022 0.073047 0.108696
1 0.380328 0.225571 0.063594 0.104076
1 0.552125 0.320177 0.063156 0.132745
1 0.597523 0.409402 0.070953 0.128315
1 0.574164 0.484783 0.059578 0.115435
1 0.570688 0.592717 0.068969 0.118859
1 0.284641 0.799212 0.080469 0.134239
1 0.303805 0.654823 0.074172 0.132473
1 0.298258 0.531467 0.066047 0.120543
3 0.328508 0.352840 0.066953 0.119755
3 0.289273 0.435190 0.067203 0.125815
3 0.249797 0.593329 0.073875 0.127310
3 0.242531 0.704212 0.077656 0.128696
3 0.355625 0.726644 0.079219 0.121005
3 0.415820 0.830543 0.076078 0.136522
3 0.492070 0.811223 0.082734 0.118750
3 0.526875 0.550856 0.051875 0.127310
3 0.476469 0.525054 0.072969 0.096304
3 0.474578 0.441617 0.072344 0.100951
3 0.410438 0.292242 0.074031 0.083397
