0 0.525461 0.157989 0.065984 0.109511
0 0.433430 0.119905 0.068109 0.095462
0 0.465250 0.185557 0.057937 0.124538
0 0.500219 0.266753 0.070844 0.127799
0 0.632859 0.491644 0.058656 0.119266
0 0.642687 0.615870 0.063281 0.130978
0 0.402898 0.621359 0.077953 0.095815
0 0.398820 0.422255 0.067734 0.121196
0 0.307875 0.182989 0.061375 0.130652
2 0.484172 0.591658 0.071719 0.115652
2 0.585625 0.665014 0.068750 0.110734
2 0.521484 0.678628 0.057344 0.118125
2 0.452109 0.703913 0.068594 0.125217
2 0.353406 0.545231 0.062562 0.127473
2 0.536070 0.360557 0.055922 0.119810
2 0.379938 0.309008 0.051750 0.098451
4 0.254539 0.268546 0.066484 0.127473
4 0.216875 0.443682 0.074219 0.118342
4 0.351375 0.818927 0.057656 0.126875
4 0.419891 0.527690 0.069437 0.101087
4 0.338570 0.402582 0.053609 0.115489
4 0.436844 0.318628 0.067250 0.120408
1 0.368234 0.157785 0.063594 0.104103
1 0.563656 0.251141 0.055656 0.105978
1 0.608516 0.353383 0.065313 0.106440
1 0.579562 0.442663 0.056500 0.089674
1 0.588078 0.554144 0.065625 0.104864
1 0.275586 0.770258 0.061891 0.100190
1 0.300828 0.631603 0.072813 0.111141
1 0.299500 0.494389 0.056406 0.118288
3 0.319766 0.301916 0.066969 0.125136
3 0.278414 0.385136 0.065141 0.128804
3 0.238539 0.555598 0.072328 0.117065
3 0.233156 0.678981 0.077656 0.122201
3 0.349336 0.698397 0.079234 0.119022
3 0.418359 0.807201 0.073281 0.130978
3 0.500297 0.791386 0.076719 0.104891
3 0.535125 0.506617 0.051875 0.132310
3 0.478234 0.481549 0.072969 0.088098
3 0.476313 0.389973 0.072344 0.091576
3 0.405031 0.226209 0.074594 0.083397
