0 0.522117 0.165965 0.067422 0.124375
0 0.422859 0.123546 0.071125 0.103125
0 0.458680 0.199891 0.064703 0.127989
0 0.494758 0.291427 0.071703 0.127799
0 0.631547 0.542228 0.060469 0.119185
0 0.638734 0.669266 0.063281 0.130978
0 0.389609 0.672636 0.080625 0.092663
0 0.387531 0.459429 0.070938 0.121196
0 0.289156 0.190829 0.061187 0.130516
2 0.476297 0.636821 0.064938 0.103533
2 0.581516 0.719946 0.061844 0.101359
2 0.514531 0.735394 0.055125 0.110625
2 0.439773 0.756929 0.065641 0.112500
2 0.335719 0.588152 0.059844 0.130978
2 0.531922 0.388084 0.058000 0.125951
2 0.366414 0.350163 0.052984 0.114402
4 0.238016 0.287541 0.066250 0.127473
4 0.199938 0.477391 0.074219 0.127989
4 0.338508 0.881250 0.057141 0.128804
4 0.404359 0.573043 0.069375 0.101087
4 0.324266 0.435299 0.053594 0.125815
4 0.428336 0.346182 0.067234 0.120408
1 0.354312 0.165285 0.063594 0.104103
1 0.559109 0.275625 0.055656 0.105978
1 0.609594 0.385557 0.073156 0.105897
1 0.576008 0.484293 0.047891 0.101793
1 0.579664 0.605231 0.065391 0.104212
1 0.255172 0.822160 0.059031 0.088505
1 0.282766 0.679022 0.072187 0.111467
1 0.284469 0.536332 0.056406 0.110652
3 0.305664 0.320204 0.068078 0.126060
3 0.261820 0.415489 0.065141 0.128804
3 0.219375 0.604674 0.073969 0.130924
3 0.214789 0.730679 0.077328 0.125598
3 0.334070 0.751576 0.078984 0.118043
3 0.406281 0.871196 0.073688 0.130978
3 0.490797 0.853696 0.076719 0.104565
3 0.527367 0.553329 0.052016 0.131495
3 0.470063 0.523533 0.072969 0.098641
3 0.469641 0.424783 0.072344 0.091576
3 0.393703 0.247473 0.074594 0.091359
