3 0.322763 0.718968 0.086016 0.137454
3 0.424188 0.304014 0.071521 0.115120
3 0.760940 0.773843 0.083120 0.142611
1 0.120872 0.539519 0.083120 0.132296
4 0.195771 0.263333 0.067656 0.109963
0 0.118846 0.031407 0.060307 0.062815
3 0.125479 0.136319 0.057990 0.117528
1 0.263625 0.122130 0.067271 0.092778
1 0.309372 0.183847 0.066109 0.098972
1 0.366068 0.121662 0.063792 0.111343
2 0.355250 0.026361 0.061469 0.051593
2 0.087534 0.218213 0.076547 0.113407
2 0.077227 0.054741 0.053349 0.105204
2 0.164971 0.037398 0.056828 0.053611
2 0.217073 0.038005 0.061469 0.076009
3 0.178833 0.116782 0.063792 0.101028
3 0.242255 0.203139 0.064969 0.113407
3 0.295870 0.031880 0.060313 0.062630
