0 0.529375 0.149212 0.066000 0.109511
0 0.433992 0.114062 0.068109 0.095462
0 0.466938 0.186535 0.057937 0.124538
0 0.503023 0.265788 0.070859 0.127826
0 0.637891 0.489687 0.058656 0.119266
0 0.648281 0.611916 0.063281 0.128886
0 0.405391 0.621359 0.078594 0.095815
0 0.400500 0.416413 0.067750 0.121196
0 0.307875 0.178125 0.061375 0.120924
2 0.486969 0.587785 0.077312 0.123397
2 0.591781 0.662092 0.068750 0.110761
2 0.527641 0.676671 0.057344 0.118125
2 0.455781 0.703397 0.072500 0.120380
2 0.353406 0.541345 0.062562 0.127473
2 0.538312 0.353764 0.055938 0.112038
2 0.379766 0.309103 0.052656 0.103533
4 0.255375 0.268546 0.064813 0.127473
4 0.217383 0.441576 0.073203 0.122283
4 0.353125 0.817405 0.056562 0.129918
4 0.420453 0.522337 0.069437 0.100109
4 0.339688 0.395788 0.053594 0.125272
4 0.439047 0.315761 0.068281 0.108696
1 0.371078 0.166372 0.063594 0.104103
1 0.568688 0.257962 0.055656 0.105978
1 0.610781 0.348505 0.061875 0.098641
1 0.586313 0.429035 0.054188 0.093560
1 0.589602 0.559212 0.067297 0.101196
1 0.273414 0.770652 0.057547 0.092935
1 0.301164 0.633655 0.073484 0.107038
1 0.299500 0.486658 0.056406 0.112554
3 0.320656 0.295679 0.066969 0.117391
3 0.278414 0.380842 0.065141 0.125815
3 0.238375 0.553668 0.072000 0.120924
3 0.232594 0.677052 0.077656 0.122201
3 0.349891 0.693967 0.079219 0.116196
3 0.421391 0.806223 0.074094 0.130978
3 0.504219 0.788451 0.076719 0.104891
3 0.536766 0.514334 0.051875 0.129810
3 0.480094 0.487228 0.072969 0.088098
3 0.479344 0.397255 0.072344 0.089185
3 0.406422 0.224253 0.074031 0.083397
