0 0.548141 0.248030 0.063625 0.109538
0 0.450695 0.204239 0.068109 0.094076
0 0.483094 0.276997 0.061719 0.124538
0 0.521391 0.373872 0.062063 0.106603
0 0.655352 0.631413 0.059609 0.116141
0 0.661188 0.761495 0.063281 0.127337
0 0.410313 0.750476 0.080625 0.101712
0 0.411258 0.533261 0.071766 0.121196
0 0.318578 0.259348 0.061375 0.120924
2 0.497422 0.678410 0.070781 0.132255
2 0.603437 0.801291 0.068750 0.128668
2 0.531570 0.799035 0.069859 0.132255
2 0.462688 0.824171 0.071094 0.120462
2 0.367781 0.649361 0.071438 0.134864
2 0.552937 0.462255 0.059375 0.128696
2 0.391984 0.404049 0.056719 0.112935
4 0.262969 0.356454 0.064812 0.127473
4 0.222148 0.543967 0.075016 0.128804
4 0.356422 0.940598 0.062250 0.118804
4 0.432039 0.636753 0.068859 0.097853
4 0.354141 0.508030 0.053594 0.125299
4 0.453742 0.431739 0.073047 0.108696
1 0.380234 0.211101 0.063594 0.104103
1 0.582594 0.359443 0.063156 0.132147
1 0.626531 0.465924 0.070969 0.128315
1 0.597148 0.562228 0.059578 0.115435
1 0.596125 0.667473 0.068969 0.118859
1 0.285750 0.877867 0.080469 0.134266
1 0.313055 0.747758 0.074172 0.132473
1 0.303586 0.605190 0.066047 0.120543
3 0.330336 0.379198 0.066953 0.119755
3 0.285609 0.483125 0.067219 0.125815
3 0.239094 0.672622 0.073875 0.127310
3 0.228953 0.800543 0.077656 0.128696
3 0.355406 0.829321 0.079219 0.121033
3 0.425398 0.932038 0.076078 0.134674
3 0.512906 0.932962 0.082750 0.118750
3 0.551094 0.635163 0.051875 0.127337
3 0.494203 0.603492 0.072969 0.096277
3 0.493250 0.502649 0.072344 0.100951
3 0.422109 0.319932 0.074031 0.083397
