0 0.532344 0.233913 0.066906 0.123696
0 0.446609 0.188940 0.068125 0.098859
0 0.479195 0.265231 0.064516 0.122092
0 0.511141 0.341875 0.069625 0.124402
0 0.626797 0.569185 0.058219 0.116141
0 0.635023 0.680720 0.065297 0.127364
0 0.415414 0.681386 0.081203 0.093587
0 0.411945 0.491875 0.071766 0.121196
0 0.329477 0.250462 0.064141 0.130380
2 0.485891 0.650068 0.072000 0.133397
2 0.577125 0.735530 0.068750 0.118071
2 0.524242 0.740747 0.066422 0.132201
2 0.461367 0.762269 0.064203 0.120571
2 0.363828 0.599810 0.071438 0.134837
2 0.536852 0.437826 0.059391 0.128696
2 0.392188 0.386236 0.060125 0.114103
4 0.280680 0.328872 0.060672 0.127473
4 0.243672 0.504185 0.075000 0.128804
4 0.369109 0.865027 0.064281 0.131141
4 0.429187 0.589416 0.067437 0.104701
4 0.357406 0.472554 0.053594 0.125272
4 0.449344 0.389755 0.064906 0.122935
1 0.381422 0.216372 0.063594 0.104103
1 0.564234 0.329878 0.063156 0.132147
1 0.602641 0.427283 0.070969 0.128315
1 0.574945 0.532935 0.059578 0.115435
1 0.576586 0.630543 0.065516 0.107989
1 0.286937 0.822908 0.080469 0.134239
1 0.319180 0.683709 0.074172 0.132473
1 0.311602 0.564783 0.066047 0.120543
3 0.339742 0.361644 0.066953 0.119755
3 0.298531 0.448832 0.067219 0.125815
3 0.262219 0.615897 0.073875 0.127337
3 0.257125 0.727255 0.075687 0.128696
3 0.367312 0.753043 0.075812 0.122283
3 0.424352 0.859864 0.078172 0.133696
3 0.504328 0.844457 0.078750 0.110380
3 0.537734 0.574090 0.051875 0.127310
3 0.487070 0.547337 0.068203 0.102174
3 0.487125 0.463641 0.072344 0.100978
3 0.420328 0.302812 0.074031 0.083397
