0 0.520859 0.221168 0.063625 0.109511
0 0.436422 0.186440 0.068125 0.094076
0 0.463469 0.254198 0.061719 0.124538
0 0.495258 0.324538 0.066078 0.103152
0 0.614359 0.522038 0.059625 0.116141
0 0.623812 0.632405 0.063281 0.127364
0 0.405250 0.632405 0.080625 0.101712
0 0.400086 0.453288 0.071766 0.121196
0 0.321602 0.236753 0.061359 0.120951
2 0.483141 0.604524 0.070781 0.132255
2 0.572609 0.681196 0.068750 0.128696
2 0.516328 0.685054 0.069875 0.132283
2 0.451602 0.702432 0.071078 0.120462
2 0.357977 0.558913 0.071422 0.134837
2 0.528328 0.405109 0.058719 0.128696
2 0.385047 0.355489 0.056719 0.112935
4 0.273844 0.315231 0.064812 0.127473
4 0.237078 0.465734 0.075000 0.131141
4 0.357133 0.817717 0.062234 0.145870
4 0.419156 0.550068 0.069438 0.095136
4 0.349359 0.433261 0.053594 0.125272
4 0.440195 0.363505 0.073047 0.108696
1 0.381406 0.205476 0.063594 0.104103
1 0.552797 0.302296 0.063156 0.133234
1 0.593008 0.394334 0.070953 0.128288
1 0.574039 0.468533 0.059578 0.115435
1 0.568570 0.576168 0.068953 0.118859
1 0.288719 0.768193 0.080469 0.134266
1 0.312008 0.630312 0.074172 0.132473
1 0.315070 0.523641 0.066047 0.120543
3 0.333594 0.338302 0.066969 0.119755
3 0.293477 0.413696 0.067203 0.125815
3 0.257258 0.569389 0.073859 0.127310
3 0.249500 0.680476 0.077656 0.128723
3 0.356203 0.694443 0.079219 0.121005
3 0.417273 0.803682 0.076078 0.136549
3 0.498070 0.786848 0.082734 0.118750
3 0.527531 0.530747 0.051875 0.127310
3 0.476500 0.507147 0.072969 0.096304
3 0.473250 0.422908 0.072344 0.100978
3 0.410687 0.286196 0.074031 0.083370
