4 0.542586 0.334022 0.078047 0.105163
0 0.334055 0.330326 0.086328 0.126576
0 0.306625 0.457079 0.079719 0.142364
0 0.354773 0.568152 0.085391 0.140924
0 0.411320 0.784620 0.075422 0.139022
0 0.706047 0.550802 0.070937 0.150734
0 0.629984 0.772120 0.076531 0.150761
0 0.563945 0.716902 0.074234 0.140000
0 0.511484 0.976739 0.087625 0.046522
0 0.420891 0.987894 0.084281 0.024212
3 0.461984 0.164293 0.079188 0.116087
3 0.396773 0.247337 0.081266 0.120380
3 0.455641 0.412568 0.072969 0.142255
3 0.432891 0.541046 0.072219 0.140353
3 0.582125 0.248682 0.074875 0.133234
3 0.629641 0.334823 0.081250 0.137962
3 0.695125 0.415367 0.075125 0.132418
3 0.500156 0.650883 0.082406 0.136223
3 0.489281 0.783533 0.080500 0.148043
3 0.346305 0.840639 0.082734 0.138234
3 0.348766 0.954755 0.086563 0.090489
4 0.574781 0.581766 0.074094 0.133804
4 0.646336 0.637636 0.077641 0.146902
4 0.680031 0.895285 0.087656 0.158342
4 0.338344 0.700421 0.086594 0.150136
4 0.521742 0.406630 0.079484 0.140163
2 0.550516 0.089280 0.080469 0.117038
2 0.533570 0.209796 0.072266 0.134212
2 0.382266 0.433397 0.081812 0.142446
2 0.452297 0.919592 0.087437 0.153370
2 0.590555 0.950652 0.083328 0.098696
2 0.252430 0.709348 0.085984 0.150815
1 0.234648 0.573519 0.086609 0.118940
1 0.263609 0.861712 0.089188 0.161250
1 0.552727 0.855856 0.072047 0.154973
1 0.470680 0.284008 0.076891 0.118071
1 0.612625 0.177677 0.077687 0.128016
1 0.646188 0.498954 0.060969 0.142582
1 0.580352 0.460014 0.074359 0.136114
1 0.508922 0.523234 0.078906 0.116467
2 0.416898 0.659212 0.080141 0.135272
