0 0.520125 0.242188 0.062875 0.123723
0 0.430984 0.198410 0.068125 0.098832
0 0.467641 0.273492 0.064500 0.122092
0 0.494828 0.352514 0.069625 0.124375
0 0.613203 0.582174 0.058219 0.116141
0 0.619734 0.687813 0.063281 0.127364
0 0.400461 0.692024 0.081203 0.093560
0 0.395961 0.496603 0.071766 0.121196
0 0.309086 0.251658 0.064141 0.130380
2 0.475938 0.664253 0.072000 0.133397
2 0.567609 0.743804 0.068750 0.118043
2 0.505516 0.744266 0.069875 0.132283
2 0.444688 0.765217 0.066281 0.121739
2 0.356359 0.612024 0.071438 0.134864
2 0.531195 0.437418 0.059391 0.128696
2 0.383008 0.389769 0.060141 0.114103
4 0.260969 0.339511 0.060656 0.127446
4 0.226906 0.510870 0.075000 0.128804
4 0.349617 0.878804 0.064297 0.131141
4 0.414234 0.599470 0.067437 0.104701
4 0.343133 0.476087 0.053609 0.125272
4 0.434062 0.400992 0.064906 0.122908
1 0.372578 0.218709 0.063594 0.104103
1 0.558109 0.336372 0.063156 0.132147
1 0.604000 0.435557 0.070969 0.128288
1 0.580836 0.522935 0.059578 0.115435
1 0.570477 0.628777 0.065516 0.107989
1 0.279469 0.833533 0.080469 0.134239
1 0.307172 0.695122 0.074188 0.132473
1 0.304266 0.573288 0.066031 0.120543
3 0.323883 0.372677 0.066953 0.119755
3 0.282219 0.455924 0.067219 0.125815
3 0.244547 0.630068 0.073875 0.127310
3 0.240133 0.731984 0.075672 0.128696
3 0.347953 0.760774 0.079219 0.121005
3 0.410313 0.868125 0.078156 0.133696
3 0.487344 0.856277 0.078750 0.110380
3 0.524141 0.586304 0.051875 0.127337
3 0.470758 0.560326 0.068203 0.102174
3 0.471500 0.470720 0.072344 0.100951
3 0.404023 0.308111 0.074016 0.083397
