0 0.316211 0.211834 0.075078 0.116929
0 0.295422 0.326834 0.071531 0.131766
0 0.339477 0.424049 0.077828 0.134837
0 0.392180 0.602609 0.072703 0.115978
0 0.651766 0.398288 0.065406 0.136793
0 0.583914 0.586413 0.071859 0.140217
0 0.526711 0.548410 0.066672 0.124592
0 0.476234 0.821155 0.080219 0.148397
0 0.400992 0.844049 0.076766 0.139130
3 0.433797 0.055842 0.077094 0.101467
3 0.373461 0.130122 0.077109 0.120353
3 0.429000 0.273709 0.062781 0.129158
3 0.409211 0.388587 0.068797 0.122500
3 0.543008 0.124905 0.074859 0.133234
3 0.585008 0.200408 0.075797 0.128533
3 0.639734 0.269878 0.071063 0.121821
3 0.469445 0.487663 0.076422 0.118370
3 0.460789 0.609429 0.070234 0.126793
3 0.333719 0.659348 0.071937 0.124185
3 0.340539 0.772690 0.080578 0.121304
4 0.536750 0.433234 0.069906 0.122065
4 0.601086 0.477011 0.072922 0.127989
4 0.629219 0.689076 0.078906 0.139348
4 0.325602 0.546196 0.077016 0.125272
4 0.482750 0.272894 0.075406 0.127201
4 0.504148 0.207785 0.076047 0.107527
2 0.513523 0.016603 0.077016 0.033207
2 0.497820 0.094402 0.072266 0.134185
2 0.360281 0.297446 0.076375 0.133043
2 0.428250 0.722785 0.075875 0.134375
2 0.549672 0.768166 0.077813 0.140951
2 0.248398 0.544321 0.078453 0.135652
1 0.231852 0.432894 0.079172 0.118940
1 0.264164 0.673207 0.080422 0.140489
1 0.516328 0.664755 0.068594 0.124185
1 0.441992 0.154878 0.072859 0.118071
1 0.568625 0.063016 0.072219 0.110163
1 0.596234 0.351005 0.060969 0.134293
1 0.540281 0.322690 0.064812 0.128967
1 0.475906 0.384606 0.076844 0.103614
2 0.395516 0.497106 0.076156 0.116712
