3 0.328495 0.126296 0.053208 0.084074
4 0.524677 0.102889 0.063781 0.104444
3 0.393229 0.102917 0.058948 0.097593
4 0.437211 0.093245 0.043495 0.082472
0 0.156443 0.077778 0.057021 0.087630
0 0.212984 0.120731 0.053156 0.085907
0 0.252125 0.072824 0.040594 0.083796
0 0.333313 0.056495 0.058958 0.075213
1 0.259372 0.136199 0.042526 0.067009
1 0.168526 0.143931 0.040594 0.096213
3 0.410758 0.844819 0.086016 0.137454
3 0.490656 0.454704 0.071521 0.115111
3 0.781638 0.823727 0.083234 0.135769
1 0.222695 0.699106 0.083120 0.132306
4 0.275992 0.438593 0.067651 0.109963
0 0.204474 0.203537 0.044865 0.087500
3 0.219539 0.318412 0.053151 0.103787
1 0.341833 0.293023 0.067271 0.092787
1 0.381357 0.338898 0.066109 0.098963
1 0.431029 0.278514 0.063786 0.111343
2 0.415542 0.179565 0.062437 0.085926
2 0.185763 0.395051 0.076547 0.113398
2 0.174195 0.241852 0.056193 0.105204
2 0.248013 0.197667 0.056828 0.082185
2 0.287870 0.221306 0.048885 0.099593
3 0.259862 0.287745 0.063786 0.101028
3 0.325167 0.371292 0.060031 0.104620
3 0.361966 0.188681 0.067089 0.088824
