3 0.341057 0.145194 0.053208 0.084074
4 0.525159 0.129519 0.063786 0.104444
3 0.404828 0.128690 0.058948 0.097583
4 0.444458 0.113861 0.043490 0.082481
0 0.170940 0.117296 0.057026 0.087630
0 0.230865 0.152519 0.053156 0.085907
0 0.256474 0.102032 0.040594 0.083787
0 0.340078 0.087421 0.058958 0.075213
1 0.277737 0.170560 0.042526 0.067009
1 0.183021 0.171421 0.040594 0.096213
0 0.239562 0.039977 0.058958 0.060139
0 0.290305 0.063171 0.042526 0.068731
1 0.219266 0.090662 0.043490 0.082472
3 0.323648 0.028148 0.051224 0.056296
3 0.379219 0.035884 0.057990 0.071769
1 0.301901 0.123310 0.034792 0.068731
3 0.420422 0.862861 0.086021 0.137463
3 0.494036 0.475319 0.071521 0.115120
3 0.782883 0.827986 0.083266 0.133806
1 0.233003 0.720866 0.083120 0.132306
4 0.287107 0.456630 0.067651 0.109963
0 0.213656 0.224157 0.044865 0.087500
3 0.223888 0.337310 0.053151 0.103787
1 0.348117 0.317935 0.067266 0.092778
1 0.387154 0.364671 0.066109 0.098972
1 0.437312 0.313736 0.063792 0.111343
2 0.423273 0.204046 0.062443 0.085926
2 0.197854 0.414810 0.064927 0.113398
2 0.187404 0.268773 0.056193 0.105194
2 0.248013 0.226875 0.056828 0.082176
2 0.297534 0.252231 0.048891 0.099593
3 0.270492 0.312657 0.063786 0.101037
3 0.331932 0.400500 0.060031 0.104630
3 0.367281 0.217032 0.067094 0.088824
