0 0.547477 0.099715 0.062859 0.137962
0 0.451375 0.047038 0.068125 0.094076
0 0.484164 0.118601 0.061703 0.124538
0 0.518656 0.215448 0.066844 0.117201
0 0.651617 0.469280 0.059609 0.116114
0 0.656781 0.592649 0.063281 0.127364
0 0.414734 0.590598 0.080625 0.101739
0 0.410914 0.377228 0.071766 0.121196
0 0.317898 0.108043 0.061359 0.130380
2 0.501453 0.559022 0.070031 0.132228
2 0.598875 0.653668 0.068750 0.128696
2 0.532875 0.662405 0.069875 0.132255
2 0.463023 0.678383 0.071078 0.120462
2 0.364172 0.500313 0.071438 0.134864
2 0.555367 0.326413 0.059391 0.128696
2 0.394391 0.260340 0.056719 0.112962
4 0.264156 0.196780 0.064813 0.127473
4 0.225891 0.387364 0.075000 0.128804
4 0.361180 0.788967 0.062234 0.131141
4 0.427828 0.491916 0.067437 0.104701
4 0.349594 0.350815 0.053594 0.125272
4 0.454430 0.265082 0.073047 0.108696
1 0.384391 0.083696 0.063594 0.104076
1 0.582594 0.215231 0.063156 0.132147
1 0.629055 0.318940 0.070953 0.128315
1 0.600211 0.424239 0.059578 0.115435
1 0.603031 0.537649 0.068969 0.118886
1 0.278781 0.749022 0.080469 0.134239
1 0.306773 0.595041 0.074172 0.132473
1 0.304789 0.456250 0.066047 0.120543
3 0.332375 0.229660 0.066969 0.119755
3 0.285273 0.329158 0.067203 0.125815
3 0.244313 0.513057 0.073875 0.127310
3 0.237328 0.637228 0.077656 0.128696
3 0.360172 0.662649 0.079219 0.121005
3 0.424719 0.780652 0.076094 0.133696
3 0.509055 0.772989 0.082734 0.118750
3 0.552000 0.478342 0.051875 0.127337
3 0.492641 0.445435 0.072969 0.096304
3 0.491547 0.347799 0.072344 0.100978
3 0.417789 0.161236 0.074016 0.083397
