0 0.502156 0.141644 0.063625 0.109538
0 0.403805 0.107867 0.068109 0.095462
0 0.439813 0.178872 0.061719 0.124538
0 0.478594 0.268043 0.070844 0.127826
0 0.619336 0.495870 0.059609 0.116141
0 0.631969 0.616889 0.063281 0.127364
0 0.375313 0.629307 0.078594 0.095788
0 0.370172 0.419755 0.067750 0.121196
0 0.273719 0.172473 0.061375 0.120924
2 0.465813 0.591522 0.070781 0.132228
2 0.577797 0.681739 0.068750 0.128696
2 0.505203 0.691046 0.059625 0.118125
2 0.431430 0.713832 0.071078 0.120489
2 0.322016 0.543451 0.062563 0.134837
2 0.522922 0.350394 0.058719 0.112038
2 0.352094 0.307636 0.052656 0.103533
4 0.222875 0.263859 0.064812 0.127446
4 0.175250 0.451753 0.075000 0.131114
4 0.322859 0.845435 0.058906 0.133967
4 0.391437 0.529687 0.069437 0.095136
4 0.307789 0.398111 0.053609 0.125299
4 0.411937 0.315897 0.068281 0.108696
1 0.341984 0.154878 0.063594 0.104103
1 0.553016 0.264891 0.055656 0.105978
1 0.596516 0.358207 0.064187 0.098641
1 0.574750 0.438370 0.054188 0.100000
1 0.570750 0.561875 0.068969 0.118859
1 0.237312 0.812255 0.080469 0.134239
1 0.266164 0.638125 0.074172 0.121739
1 0.264820 0.507092 0.059172 0.120543
3 0.287172 0.293492 0.066969 0.119755
3 0.240398 0.385027 0.065141 0.125815
3 0.194922 0.567418 0.073875 0.127337
3 0.188172 0.688247 0.077656 0.128723
3 0.318711 0.709348 0.079234 0.121033
3 0.392453 0.834090 0.074094 0.136549
3 0.481867 0.810815 0.082734 0.118750
3 0.518000 0.507894 0.051875 0.127310
3 0.456813 0.477554 0.072969 0.088098
3 0.454516 0.384443 0.072344 0.086766
3 0.375477 0.215910 0.074016 0.083397
