3 0.361714 0.210356 0.057562 0.089083
4 0.549177 0.133463 0.061812 0.086574
3 0.426341 0.168958 0.049297 0.086861
4 0.466654 0.141407 0.048318 0.101815
0 0.203396 0.206491 0.046375 0.090667
0 0.256880 0.240991 0.053156 0.085907
0 0.283862 0.174880 0.055286 0.083796
0 0.355039 0.169255 0.065005 0.083306
1 0.395029 0.454366 0.043745 0.079935
1 0.213721 0.261731 0.041797 0.072630
0 0.252841 0.104523 0.049286 0.058361
0 0.303081 0.117185 0.042526 0.068722
1 0.241195 0.162449 0.043495 0.082472
3 0.336576 0.068708 0.051224 0.069194
3 0.393474 0.060366 0.057990 0.071769
1 0.303664 0.240657 0.044964 0.088407
4 0.282690 0.044801 0.056411 0.078602
4 0.361583 0.300727 0.049240 0.085861
2 0.500523 0.270639 0.044505 0.103981
3 0.577044 0.710356 0.065203 0.091028
3 0.605057 0.601106 0.071521 0.115120
3 0.867607 0.925995 0.084318 0.121065
1 0.227669 0.939120 0.076099 0.121759
4 0.333089 0.543171 0.062823 0.101380
0 0.252776 0.315426 0.044865 0.087500
3 0.621753 0.371356 0.053151 0.110269
1 0.552977 0.489028 0.048141 0.083907
1 0.538414 0.544894 0.055245 0.094769
1 0.548557 0.288764 0.061792 0.111324
2 0.455500 0.265579 0.057625 0.086787
2 0.250547 0.501685 0.053354 0.096259
2 0.220776 0.365005 0.055813 0.088880
2 0.296831 0.345995 0.051224 0.085713
2 0.443753 0.488667 0.059745 0.095704
3 0.339336 0.424560 0.055245 0.092731
3 0.562479 0.368389 0.050042 0.081185
3 0.401359 0.249000 0.056219 0.088833
