0 0.554484 0.127459 0.063625 0.109538
0 0.449000 0.079497 0.068125 0.095462
0 0.488750 0.159389 0.061719 0.124538
0 0.528211 0.256807 0.070859 0.127799
0 0.680508 0.520707 0.059609 0.116141
0 0.692453 0.661807 0.063281 0.127364
0 0.410984 0.657079 0.080625 0.101712
0 0.407516 0.428043 0.071750 0.121196
0 0.305664 0.144103 0.061359 0.120924
2 0.508625 0.622255 0.070781 0.132228
2 0.625031 0.727242 0.068750 0.128668
2 0.551078 0.729470 0.068469 0.118125
2 0.468133 0.755204 0.071078 0.120462
2 0.353641 0.564728 0.071438 0.134837
2 0.566078 0.360408 0.058719 0.128696
2 0.385391 0.304076 0.056719 0.112935
4 0.247344 0.238451 0.064812 0.127446
4 0.199719 0.444660 0.075000 0.131114
4 0.347703 0.896223 0.062250 0.145870
4 0.428820 0.548003 0.069422 0.095136
4 0.339734 0.402826 0.053594 0.125272
4 0.451711 0.310000 0.073047 0.108696
1 0.372234 0.122378 0.063594 0.104103
1 0.597992 0.254090 0.063141 0.133234
1 0.647945 0.369375 0.070953 0.128315
1 0.617773 0.464810 0.059578 0.115435
1 0.623086 0.595571 0.068953 0.118859
1 0.256344 0.843791 0.080469 0.134266
1 0.285422 0.665177 0.074187 0.132473
1 0.290523 0.509973 0.066047 0.120543
3 0.319117 0.275761 0.066953 0.119783
3 0.271336 0.379103 0.067203 0.125815
3 0.220750 0.578057 0.073875 0.127310
3 0.207875 0.722527 0.077656 0.128696
3 0.347938 0.744212 0.079219 0.121033
3 0.426070 0.884918 0.076078 0.136522
3 0.525367 0.867554 0.082734 0.118750
3 0.568984 0.528003 0.051875 0.127310
3 0.498953 0.499470 0.072969 0.096277
3 0.499359 0.395082 0.072344 0.100978
3 0.416258 0.201726 0.074016 0.083397
