0 0.497266 0.144334 0.063625 0.109538
0 0.395797 0.102106 0.068125 0.095462
0 0.432648 0.177486 0.061703 0.124538
0 0.472047 0.265027 0.070844 0.127826
0 0.615445 0.499321 0.059609 0.116141
0 0.626703 0.621943 0.063281 0.127364
0 0.360813 0.630625 0.078594 0.095815
0 0.358609 0.421495 0.067750 0.121196
0 0.260625 0.166875 0.061375 0.120924
2 0.455516 0.602432 0.070781 0.132255
2 0.563156 0.688573 0.068750 0.128668
2 0.492289 0.704511 0.059641 0.118098
2 0.415344 0.719606 0.071094 0.120462
2 0.305938 0.551726 0.071438 0.134864
2 0.511047 0.356861 0.058719 0.112038
2 0.337148 0.305272 0.052641 0.103533
4 0.205430 0.261101 0.064828 0.127473
4 0.159734 0.451753 0.075000 0.131114
4 0.308070 0.858261 0.058922 0.133967
4 0.377906 0.529660 0.069437 0.095136
4 0.295492 0.399185 0.053609 0.125272
4 0.400875 0.314076 0.068281 0.108696
1 0.331328 0.155204 0.063594 0.104103
1 0.540578 0.250978 0.055656 0.105978
1 0.585727 0.358668 0.064172 0.098641
1 0.558352 0.448696 0.054203 0.100000
1 0.560516 0.577948 0.068969 0.118886
1 0.221047 0.819117 0.080469 0.134266
1 0.246766 0.645761 0.074187 0.121739
1 0.246695 0.509076 0.059172 0.120543
3 0.274141 0.289524 0.066969 0.119755
3 0.227367 0.387717 0.065141 0.125815
3 0.178656 0.574361 0.073875 0.127310
3 0.173828 0.695870 0.077656 0.128696
3 0.299000 0.714144 0.079219 0.121005
3 0.379172 0.845163 0.074094 0.136522
3 0.470133 0.821250 0.082734 0.118750
3 0.505172 0.510788 0.051875 0.127337
3 0.443000 0.479130 0.072969 0.088098
3 0.444688 0.386277 0.072344 0.086793
3 0.366891 0.217853 0.074031 0.083370
