3 0.382130 0.310745 0.053208 0.069083
4 0.555841 0.252787 0.063786 0.104444
3 0.434786 0.280301 0.058948 0.097583
4 0.479732 0.265903 0.043495 0.082472
0 0.213292 0.298972 0.046375 0.072185
0 0.264328 0.317343 0.053156 0.085907
0 0.298276 0.261380 0.040594 0.083796
0 0.377281 0.249546 0.058958 0.064444
1 0.316091 0.348639 0.042526 0.067019
1 0.223794 0.345458 0.041193 0.080120
0 0.268555 0.195046 0.058953 0.049796
0 0.324367 0.218644 0.042526 0.068731
1 0.258643 0.247000 0.043495 0.082481
3 0.361820 0.186630 0.051224 0.069185
3 0.411594 0.186204 0.057990 0.071759
1 0.337807 0.283995 0.034792 0.068731
4 0.309224 0.153269 0.047354 0.068333
3 0.440487 0.942991 0.079714 0.114019
3 0.531000 0.624792 0.071521 0.115120
3 0.792820 0.862088 0.083526 0.118157
1 0.295419 0.876060 0.083120 0.132306
4 0.340503 0.622417 0.062828 0.101389
0 0.256542 0.396278 0.044865 0.087500
3 0.271078 0.505671 0.053146 0.103787
1 0.387010 0.471694 0.067271 0.092778
1 0.427271 0.527032 0.058885 0.086120
1 0.475490 0.447505 0.051698 0.109157
2 0.458789 0.345778 0.062443 0.085926
2 0.252229 0.585333 0.053354 0.096259
2 0.228852 0.436741 0.051974 0.091241
2 0.294518 0.410792 0.042339 0.089083
2 0.350443 0.419301 0.048885 0.080694
3 0.315995 0.482736 0.063792 0.101028
3 0.382542 0.561565 0.059302 0.103778
3 0.414151 0.366926 0.067094 0.088833
