0 0.567305 0.082201 0.063609 0.109511
0 0.465555 0.048207 0.068109 0.094076
0 0.502734 0.122160 0.061719 0.124538
0 0.542289 0.211128 0.070859 0.127799
0 0.690797 0.458234 0.059625 0.116141
0 0.699703 0.599946 0.063281 0.127337
0 0.429547 0.589375 0.080625 0.101739
0 0.425414 0.370136 0.071766 0.121196
0 0.321086 0.105095 0.061359 0.120951
2 0.520859 0.562758 0.070781 0.132255
2 0.631906 0.661399 0.068750 0.128668
2 0.560344 0.670992 0.069875 0.132255
2 0.482398 0.693736 0.071078 0.120462
2 0.371062 0.504375 0.071437 0.134837
2 0.579781 0.312908 0.058719 0.128696
2 0.398047 0.262717 0.056719 0.112935
4 0.270828 0.192405 0.064812 0.127473
4 0.221109 0.389090 0.075000 0.131114
4 0.370359 0.818995 0.062250 0.145870
4 0.443094 0.491970 0.069437 0.095136
4 0.361383 0.344918 0.053609 0.125272
4 0.464914 0.266250 0.073047 0.108696
1 0.387078 0.088003 0.063594 0.104103
1 0.605227 0.225611 0.063141 0.133234
1 0.655617 0.322337 0.070953 0.128315
1 0.630227 0.414171 0.059578 0.115462
1 0.627570 0.544144 0.068953 0.118886
1 0.277141 0.776182 0.080469 0.134266
1 0.303773 0.608437 0.074172 0.132473
1 0.312023 0.460516 0.066047 0.120543
3 0.339703 0.227296 0.066969 0.119755
3 0.290555 0.324402 0.067203 0.125815
3 0.239844 0.521209 0.073875 0.127310
3 0.233094 0.648723 0.077656 0.128696
3 0.367750 0.673967 0.079219 0.121033
3 0.445492 0.803016 0.076078 0.136522
3 0.537539 0.793098 0.082734 0.118750
3 0.577812 0.471250 0.051875 0.127337
3 0.512187 0.440367 0.072969 0.096277
3 0.511594 0.337948 0.072344 0.100951
3 0.434344 0.158003 0.074031 0.083397
