0 0.552070 0.229117 0.062859 0.109538
0 0.452734 0.178234 0.068125 0.094076
0 0.487391 0.264579 0.061719 0.124538
0 0.523539 0.353573 0.062078 0.106603
0 0.660789 0.620000 0.059609 0.116141
0 0.667312 0.749280 0.063281 0.127364
0 0.413484 0.743383 0.080625 0.101712
0 0.413633 0.522609 0.071766 0.121196
0 0.320617 0.241033 0.061359 0.120924
2 0.498437 0.679470 0.070781 0.132255
2 0.605187 0.796223 0.068750 0.128696
2 0.538141 0.808098 0.069875 0.132283
2 0.464727 0.829688 0.071078 0.120462
2 0.366555 0.648655 0.071422 0.134864
2 0.557242 0.459103 0.059391 0.128696
2 0.391703 0.394416 0.056719 0.112962
4 0.262969 0.336359 0.064812 0.127446
4 0.220789 0.530978 0.075016 0.128804
4 0.357781 0.936739 0.062250 0.120543
4 0.430742 0.627147 0.068016 0.101957
4 0.351969 0.499755 0.053594 0.125272
4 0.457820 0.410462 0.073047 0.108696
1 0.380531 0.207160 0.063594 0.104103
1 0.584625 0.347378 0.063156 0.132147
1 0.629141 0.458614 0.070969 0.128315
1 0.601227 0.563111 0.059578 0.115462
1 0.598844 0.661562 0.068969 0.118886
1 0.284219 0.874918 0.080469 0.134239
1 0.311023 0.746345 0.074172 0.132473
1 0.304398 0.593125 0.066047 0.120543
3 0.329320 0.375054 0.066953 0.119783
3 0.284250 0.472500 0.067219 0.125815
3 0.240117 0.660204 0.073859 0.127310
3 0.230469 0.790788 0.077656 0.128696
3 0.357453 0.831685 0.079219 0.121033
3 0.425742 0.930774 0.076078 0.133723
3 0.514836 0.926658 0.082734 0.118750
3 0.558797 0.626101 0.051875 0.127310
3 0.495562 0.592840 0.072969 0.096277
3 0.498687 0.493193 0.072344 0.100951
3 0.421016 0.305747 0.074031 0.083397
