0 0.568078 0.081359 0.063625 0.109511
0 0.466336 0.048207 0.068109 0.094076
0 0.503703 0.122160 0.061719 0.124538
0 0.543164 0.211304 0.070859 0.127826
0 0.691383 0.458057 0.059609 0.116114
0 0.700453 0.601264 0.063281 0.127364
0 0.430031 0.589715 0.080625 0.101712
0 0.425867 0.370136 0.071766 0.121196
0 0.321406 0.105095 0.061375 0.120951
2 0.521312 0.563682 0.070781 0.132255
2 0.632078 0.663533 0.068750 0.128696
2 0.560641 0.672568 0.069875 0.132255
2 0.482398 0.695312 0.071078 0.120462
2 0.371312 0.504443 0.071438 0.134864
2 0.580313 0.312799 0.058719 0.128696
2 0.398125 0.262717 0.056719 0.112935
4 0.271375 0.192188 0.064812 0.127473
4 0.221680 0.389090 0.075016 0.131114
4 0.370742 0.819918 0.062234 0.145870
4 0.443094 0.493356 0.069437 0.095136
4 0.362156 0.344918 0.053594 0.125272
4 0.465398 0.266250 0.073047 0.108696
1 0.387281 0.088207 0.063594 0.104076
1 0.605578 0.225693 0.063156 0.133234
1 0.655758 0.322527 0.070953 0.128315
1 0.630812 0.414171 0.059594 0.115462
1 0.627531 0.546114 0.068969 0.118859
1 0.276984 0.777853 0.080469 0.134239
1 0.302789 0.611060 0.074172 0.132500
1 0.312383 0.460679 0.066047 0.120543
3 0.339125 0.228478 0.066969 0.119783
3 0.291172 0.324511 0.067219 0.125815
3 0.240273 0.521644 0.073859 0.127310
3 0.233703 0.649239 0.077656 0.128696
3 0.368328 0.674470 0.079219 0.121005
3 0.446469 0.804538 0.076094 0.136522
3 0.538461 0.794266 0.082734 0.118750
3 0.578500 0.471644 0.051875 0.127310
3 0.512984 0.440367 0.072969 0.096277
3 0.512281 0.338084 0.072344 0.100951
3 0.434203 0.158003 0.074031 0.083397
