0 0.528148 0.169130 0.063609 0.109511
0 0.432859 0.133872 0.068125 0.095462
0 0.467852 0.200448 0.061703 0.124538
0 0.497969 0.278682 0.070844 0.127799
0 0.637500 0.499959 0.059625 0.116114
0 0.656047 0.633098 0.063281 0.127337
0 0.406234 0.644076 0.078594 0.095815
0 0.397812 0.434348 0.067750 0.121196
0 0.306172 0.196413 0.061375 0.120924
2 0.487562 0.603655 0.070781 0.132255
2 0.597172 0.690910 0.068750 0.128668
2 0.526453 0.693736 0.059625 0.118125
2 0.453359 0.719524 0.071094 0.120462
2 0.353047 0.555666 0.062562 0.134864
2 0.536641 0.366943 0.058719 0.112038
2 0.376078 0.324728 0.052656 0.103533
4 0.254984 0.284851 0.064813 0.127473
4 0.214086 0.466780 0.075016 0.131114
4 0.354422 0.852201 0.058906 0.133967
4 0.416281 0.536236 0.069437 0.095136
4 0.337922 0.412296 0.053594 0.125299
4 0.439813 0.335408 0.068281 0.108696
1 0.369859 0.173410 0.063594 0.104103
1 0.563953 0.259620 0.055656 0.105978
1 0.609242 0.360245 0.064172 0.098641
1 0.586648 0.447228 0.054203 0.100000
1 0.582406 0.563234 0.068969 0.106685
1 0.274875 0.811372 0.080469 0.134266
1 0.302180 0.664130 0.074172 0.121739
1 0.297445 0.514185 0.059172 0.120543
3 0.318953 0.314769 0.066969 0.119755
3 0.275148 0.403750 0.065141 0.125815
3 0.232797 0.587187 0.073875 0.127310
3 0.225844 0.710707 0.077656 0.128696
3 0.352687 0.725978 0.079219 0.121033
3 0.424234 0.837052 0.074094 0.136549
3 0.508711 0.817609 0.082734 0.118750
3 0.539297 0.519715 0.051875 0.127310
3 0.480953 0.492908 0.072969 0.088098
3 0.477187 0.396155 0.072344 0.086766
3 0.405547 0.243995 0.074031 0.083370
