0 0.318383 0.229796 0.075078 0.116929
0 0.300656 0.338886 0.071531 0.131739
0 0.341922 0.434701 0.077844 0.134837
0 0.394047 0.617582 0.072719 0.115978
0 0.653602 0.405978 0.065391 0.136793
0 0.587172 0.601264 0.071844 0.140190
0 0.529977 0.553043 0.066672 0.124565
0 0.481133 0.830747 0.080234 0.148397
0 0.406156 0.857418 0.076781 0.139130
3 0.433477 0.072880 0.077109 0.108859
3 0.374281 0.154389 0.077125 0.120353
3 0.429438 0.299063 0.062781 0.129158
3 0.410031 0.405326 0.068812 0.122500
3 0.542453 0.146780 0.074875 0.133234
3 0.586102 0.219511 0.075797 0.128533
3 0.644828 0.288302 0.071063 0.121821
3 0.473117 0.502255 0.076422 0.118370
3 0.462836 0.616168 0.070234 0.126793
3 0.332500 0.672826 0.071937 0.124185
3 0.343148 0.787296 0.080578 0.121332
4 0.538383 0.443166 0.069922 0.122038
4 0.603523 0.484579 0.072922 0.128016
4 0.635734 0.707242 0.078906 0.139321
4 0.329133 0.551033 0.077016 0.125272
4 0.488461 0.283220 0.075391 0.127201
4 0.504961 0.218424 0.076047 0.107554
2 0.513523 0.023274 0.077016 0.046549
2 0.501086 0.110285 0.072266 0.134212
2 0.365859 0.311046 0.076375 0.133071
2 0.431859 0.732310 0.075875 0.134348
2 0.554156 0.782785 0.077813 0.140951
2 0.251094 0.561060 0.078469 0.135652
1 0.234867 0.448641 0.079172 0.118967
1 0.263266 0.695340 0.080437 0.140462
1 0.517969 0.675299 0.068594 0.124185
1 0.443930 0.180611 0.072859 0.118071
1 0.568727 0.078261 0.072203 0.110163
1 0.597781 0.360285 0.060969 0.134321
1 0.541328 0.331590 0.064813 0.128940
1 0.475906 0.391889 0.076844 0.103614
2 0.395516 0.508451 0.076156 0.116739
