3 0.319076 0.719532 0.086016 0.137454
3 0.420865 0.301458 0.071521 0.115120
3 0.758789 0.774435 0.083120 0.142611
1 0.113456 0.537838 0.083120 0.132306
4 0.191221 0.262380 0.067651 0.109963
0 0.114284 0.029301 0.060307 0.058602
3 0.120505 0.134986 0.057990 0.117528
1 0.256398 0.117847 0.067266 0.092787
1 0.305044 0.180000 0.066109 0.098963
1 0.361901 0.117644 0.063792 0.111343
2 0.351505 0.025796 0.061469 0.051593
2 0.085122 0.214403 0.076547 0.113398
2 0.069096 0.052602 0.053349 0.105204
2 0.149914 0.032847 0.056828 0.053602
2 0.208036 0.038005 0.061469 0.076009
3 0.173497 0.114028 0.063786 0.101037
3 0.238643 0.203139 0.064974 0.113407
3 0.291995 0.029921 0.060312 0.059843
