3 0.428839 0.233255 0.053844 0.089083
4 0.542000 0.137278 0.061813 0.086574
3 0.525060 0.210625 0.049297 0.086861
4 0.463661 0.141870 0.057802 0.101815
0 0.209938 0.227417 0.046375 0.090667
0 0.267594 0.262398 0.053156 0.085907
0 0.295461 0.186481 0.055286 0.083796
0 0.469487 0.384745 0.065005 0.083306
1 0.260497 0.472884 0.043745 0.079935
1 0.219404 0.290167 0.041797 0.086130
0 0.257927 0.130931 0.049292 0.058361
0 0.303648 0.117245 0.042526 0.068731
1 0.248120 0.190940 0.043490 0.082472
3 0.337284 0.084704 0.051224 0.069185
3 0.393609 0.059287 0.057990 0.071759
1 0.359776 0.382079 0.045448 0.095139
4 0.285216 0.052991 0.056411 0.075685
4 0.490057 0.439898 0.049240 0.085852
2 0.514128 0.312120 0.044505 0.094741
1 0.391570 0.194671 0.045453 0.099324
3 0.480586 0.338046 0.053974 0.085852
3 0.411414 0.644449 0.059661 0.098861
4 0.345615 0.523778 0.071969 0.112796
1 0.437370 0.423907 0.045583 0.094278
1 0.280927 0.663403 0.073865 0.121213
3 0.597057 0.577648 0.065198 0.107259
3 0.489391 0.520296 0.065302 0.108870
3 0.847576 0.899051 0.084318 0.127824
1 0.227669 0.939120 0.076099 0.121759
4 0.340956 0.520380 0.062828 0.101389
0 0.348695 0.307343 0.045828 0.087500
3 0.644477 0.345097 0.058828 0.110269
1 0.569263 0.504889 0.048141 0.083907
1 0.525357 0.579810 0.055245 0.094769
1 0.558039 0.326227 0.053234 0.099639
2 0.468255 0.244079 0.055552 0.086787
2 0.265375 0.329130 0.059969 0.096259
2 0.334570 0.201306 0.052641 0.083241
2 0.377708 0.165782 0.047990 0.080120
2 0.443753 0.488667 0.059745 0.095704
3 0.394461 0.407708 0.059016 0.099491
3 0.538750 0.405736 0.063313 0.103065
3 0.437393 0.286727 0.056224 0.088824
