0 0.511289 0.213791 0.062859 0.137962
0 0.417391 0.172405 0.068125 0.098832
0 0.453367 0.249851 0.064516 0.122092
0 0.483281 0.326508 0.069625 0.124375
0 0.605055 0.563261 0.059609 0.116141
0 0.612266 0.679538 0.063281 0.127337
0 0.382109 0.681386 0.081187 0.093587
0 0.381008 0.483587 0.071766 0.121196
0 0.294133 0.228016 0.064141 0.130380
2 0.467469 0.644715 0.070031 0.132255
2 0.562844 0.725476 0.068750 0.128668
2 0.499406 0.744266 0.069875 0.132283
2 0.436859 0.756399 0.071094 0.120462
2 0.339375 0.602568 0.071438 0.134864
2 0.517820 0.421264 0.059391 0.128668
2 0.368391 0.377364 0.056719 0.112935
4 0.247328 0.322976 0.064812 0.127473
4 0.211273 0.506155 0.075016 0.128777
4 0.339422 0.865815 0.064281 0.131141
4 0.395883 0.579389 0.067453 0.104701
4 0.326820 0.459538 0.053609 0.125272
4 0.424547 0.382079 0.064906 0.122908
1 0.362391 0.205720 0.063594 0.104103
1 0.545203 0.318057 0.063156 0.132147
1 0.579531 0.422554 0.070969 0.128315
1 0.566570 0.515842 0.059578 0.115435
1 0.555820 0.628696 0.067641 0.105815
1 0.276750 0.824090 0.080469 0.134266
1 0.297430 0.694334 0.074172 0.132473
1 0.286430 0.565598 0.066047 0.120543
3 0.310289 0.351399 0.066953 0.119755
3 0.261828 0.441739 0.067219 0.125815
3 0.228234 0.617079 0.073875 0.127310
3 0.224859 0.733152 0.077656 0.128696
3 0.330953 0.754864 0.079219 0.121033
3 0.398531 0.861046 0.078156 0.133723
3 0.473727 0.851005 0.084141 0.118750
3 0.513250 0.570543 0.051875 0.127337
3 0.457500 0.538478 0.072969 0.096304
3 0.458578 0.454185 0.072344 0.100978
3 0.389750 0.286834 0.074031 0.083397
