0 0.311125 0.211359 0.075094 0.116902
0 0.287063 0.337188 0.071531 0.131766
0 0.331773 0.436168 0.077828 0.134837
0 0.380008 0.626807 0.072703 0.115951
0 0.651906 0.414891 0.065406 0.136793
0 0.579484 0.617405 0.071844 0.140190
0 0.519937 0.566196 0.066688 0.124565
0 0.472047 0.845829 0.080219 0.148397
0 0.390734 0.866413 0.076781 0.139130
3 0.428250 0.056522 0.077094 0.113043
3 0.366172 0.140149 0.077125 0.120353
3 0.425328 0.287160 0.062781 0.129158
3 0.403750 0.408492 0.068813 0.122527
3 0.541414 0.139878 0.074859 0.133234
3 0.585180 0.215734 0.075797 0.128533
3 0.643852 0.288872 0.071078 0.121821
3 0.466266 0.504538 0.076438 0.118370
3 0.452398 0.626114 0.070234 0.126793
3 0.324422 0.672269 0.071937 0.124212
3 0.330164 0.798777 0.080578 0.121304
4 0.532508 0.448288 0.069922 0.122065
4 0.595914 0.494144 0.072922 0.128016
4 0.627500 0.715910 0.078906 0.139321
4 0.317773 0.552989 0.077016 0.125272
4 0.482859 0.289837 0.075406 0.127228
4 0.501539 0.213981 0.076047 0.107527
2 0.513523 0.016304 0.077016 0.032609
2 0.496844 0.100367 0.072281 0.134212
2 0.357914 0.310285 0.076359 0.133071
2 0.421906 0.737799 0.075875 0.134348
2 0.542930 0.794280 0.077828 0.140951
2 0.242688 0.564198 0.078469 0.135679
1 0.223289 0.444946 0.079172 0.118967
1 0.253141 0.695204 0.080437 0.140462
1 0.510297 0.688370 0.068594 0.124185
1 0.439789 0.169076 0.072859 0.118043
1 0.571344 0.067092 0.072219 0.123967
1 0.593984 0.367636 0.060969 0.134293
1 0.536922 0.333587 0.064813 0.128967
1 0.474188 0.400992 0.076844 0.103614
2 0.386141 0.519226 0.076156 0.116712
