0 0.566531 0.083057 0.063625 0.109538
0 0.464781 0.048207 0.068125 0.094076
0 0.501766 0.122160 0.061719 0.124538
0 0.541414 0.210965 0.070859 0.127799
0 0.690211 0.458397 0.059609 0.116141
0 0.698937 0.598628 0.063281 0.127364
0 0.429063 0.589035 0.080625 0.101712
0 0.424961 0.370136 0.071766 0.121196
0 0.320773 0.105095 0.061359 0.120951
2 0.520406 0.561834 0.070781 0.132255
2 0.631719 0.659280 0.068750 0.128668
2 0.560039 0.669416 0.069859 0.132255
2 0.482398 0.692160 0.071078 0.120462
2 0.370812 0.504321 0.071438 0.134837
2 0.579258 0.313043 0.058703 0.128696
2 0.397953 0.262717 0.056719 0.112935
4 0.270266 0.192622 0.064813 0.127473
4 0.220531 0.389090 0.075000 0.131114
4 0.369984 0.818071 0.062250 0.145870
4 0.443094 0.490557 0.069437 0.095136
4 0.360609 0.344918 0.053594 0.125272
4 0.464430 0.266250 0.073047 0.108696
1 0.386875 0.087785 0.063594 0.104103
1 0.604875 0.225530 0.063156 0.133234
1 0.655477 0.322147 0.070953 0.128315
1 0.629633 0.414171 0.059578 0.115462
1 0.627617 0.542174 0.068953 0.118859
1 0.277297 0.774511 0.080469 0.134239
1 0.304758 0.605802 0.074172 0.132473
1 0.311656 0.460353 0.066031 0.120543
3 0.340289 0.226114 0.066953 0.119783
3 0.289938 0.324293 0.067219 0.125815
3 0.239406 0.520788 0.073875 0.127337
3 0.232500 0.648179 0.077656 0.128696
3 0.367156 0.673465 0.079219 0.121005
3 0.444523 0.801495 0.076078 0.136522
3 0.536617 0.791902 0.082734 0.118750
3 0.577141 0.470856 0.051875 0.127310
3 0.511375 0.440367 0.072969 0.096277
3 0.510922 0.337813 0.072344 0.100951
3 0.434477 0.158003 0.074016 0.083397
