0 0.598961 0.205503 0.062859 0.137962
0 0.507789 0.154674 0.068109 0.098859
0 0.541047 0.226209 0.064500 0.122092
0 0.575031 0.313505 0.069625 0.124402
0 0.696133 0.562092 0.059609 0.116141
0 0.705375 0.677174 0.063281 0.127337
0 0.477945 0.670747 0.081203 0.093560
0 0.472086 0.468234 0.071766 0.121196
0 0.384539 0.211467 0.064141 0.130380
2 0.556500 0.635258 0.070031 0.132255
2 0.651203 0.719565 0.068750 0.128696
2 0.597953 0.726535 0.069875 0.132255
2 0.525555 0.749307 0.071078 0.120462
2 0.433164 0.576562 0.071422 0.134864
2 0.612977 0.411821 0.059391 0.128696
2 0.456062 0.354891 0.056719 0.112935
4 0.337047 0.299334 0.064812 0.127473
4 0.296906 0.475408 0.075000 0.128804
4 0.428461 0.858723 0.064297 0.131141
4 0.489680 0.573465 0.067453 0.104701
4 0.416539 0.445367 0.053609 0.125299
4 0.514266 0.363166 0.064906 0.122908
1 0.448016 0.187976 0.063594 0.104103
1 0.642391 0.303872 0.063156 0.132147
1 0.679438 0.408370 0.070969 0.128315
1 0.654242 0.506386 0.059578 0.115435
1 0.650297 0.609783 0.067656 0.105815
1 0.368500 0.795720 0.080469 0.134266
1 0.387828 0.665965 0.074187 0.132473
1 0.385148 0.543723 0.066047 0.120543
3 0.397969 0.334851 0.066969 0.119755
3 0.356297 0.420489 0.067219 0.125815
3 0.317266 0.596984 0.073875 0.127337
3 0.313219 0.714239 0.077656 0.128696
3 0.422703 0.741861 0.079219 0.121005
3 0.484852 0.844497 0.078172 0.133723
3 0.566844 0.839185 0.084125 0.118750
3 0.602641 0.564049 0.051875 0.127337
3 0.547906 0.531386 0.072969 0.096304
3 0.547625 0.438818 0.072344 0.100951
3 0.482188 0.269103 0.074031 0.083370
