0 0.517391 0.235095 0.066906 0.123723
0 0.433023 0.193668 0.068109 0.098859
0 0.462883 0.264035 0.064516 0.122092
0 0.496187 0.343057 0.069625 0.124375
0 0.613875 0.569185 0.058219 0.116141
0 0.619680 0.685965 0.065297 0.127364
0 0.399781 0.686114 0.081187 0.093587
0 0.396648 0.496603 0.071766 0.121196
0 0.313852 0.251658 0.064141 0.130380
2 0.472203 0.658927 0.072000 0.133397
2 0.564703 0.736046 0.068750 0.118071
2 0.509391 0.742310 0.067563 0.132228
2 0.448000 0.764226 0.064187 0.120571
2 0.352625 0.605815 0.071438 0.134837
2 0.528289 0.437826 0.059391 0.128696
2 0.377352 0.388601 0.060141 0.114103
4 0.265047 0.333601 0.060656 0.127473
4 0.229625 0.506141 0.075000 0.128804
4 0.352680 0.870543 0.064297 0.131141
4 0.414914 0.595938 0.067453 0.104701
4 0.343359 0.475707 0.053594 0.125272
4 0.436547 0.394688 0.064906 0.122908
1 0.365109 0.223451 0.063594 0.104076
1 0.554719 0.329878 0.063156 0.132147
1 0.595719 0.427283 0.070969 0.128315
1 0.571773 0.531821 0.059578 0.115435
1 0.569305 0.632826 0.065516 0.107989
1 0.278109 0.821726 0.080469 0.134266
1 0.308305 0.695530 0.074172 0.132473
1 0.304266 0.569728 0.066031 0.120543
3 0.324562 0.360856 0.066969 0.119755
3 0.283578 0.450027 0.067219 0.125815
3 0.251344 0.621807 0.073875 0.127310
3 0.244211 0.733152 0.075672 0.128696
3 0.353047 0.757772 0.075813 0.122283
3 0.412117 0.862812 0.078172 0.133723
3 0.489719 0.849769 0.078750 0.110353
3 0.523453 0.577052 0.051875 0.127310
3 0.472117 0.554429 0.068203 0.102174
3 0.470813 0.464823 0.072344 0.100951
3 0.404703 0.302215 0.074031 0.083397
