0 0.315719 0.245190 0.080875 0.128804
0 0.293047 0.360734 0.071531 0.131739
0 0.338445 0.461766 0.077828 0.140924
0 0.399547 0.643003 0.073625 0.126875
0 0.668617 0.412622 0.065391 0.136766
0 0.600453 0.620272 0.071844 0.140217
0 0.539172 0.575639 0.066688 0.124592
0 0.493516 0.876671 0.080219 0.155571
0 0.412063 0.903166 0.081562 0.147527
3 0.431766 0.093437 0.077094 0.108886
3 0.372539 0.166481 0.077109 0.120353
3 0.430844 0.307908 0.062781 0.129130
3 0.412836 0.418655 0.068797 0.122527
3 0.547008 0.150177 0.074859 0.133234
3 0.590945 0.227364 0.075797 0.128533
3 0.652992 0.293030 0.071078 0.121821
3 0.478063 0.517351 0.076438 0.124321
3 0.468492 0.641712 0.070234 0.126793
3 0.338109 0.698764 0.076000 0.128832
3 0.342656 0.830054 0.086563 0.134185
4 0.547602 0.456440 0.069922 0.122065
4 0.614758 0.497595 0.072922 0.128016
4 0.655250 0.726957 0.082250 0.145380
4 0.326781 0.575815 0.077000 0.125272
4 0.492523 0.291359 0.075391 0.127228
4 0.507555 0.230788 0.076047 0.107554
2 0.510102 0.031345 0.077016 0.062690
2 0.500273 0.122337 0.072266 0.134185
2 0.363930 0.330611 0.076359 0.133071
2 0.437352 0.769416 0.082016 0.134375
2 0.571492 0.814579 0.077828 0.149266
2 0.246758 0.591033 0.080484 0.140217
1 0.227117 0.473274 0.080484 0.118940
1 0.259156 0.732106 0.080437 0.148342
1 0.531344 0.700734 0.068594 0.134946
1 0.442836 0.195353 0.072859 0.118043
1 0.570125 0.090136 0.072219 0.110163
1 0.609484 0.367133 0.060969 0.134321
1 0.550891 0.346562 0.064813 0.128940
1 0.484969 0.403329 0.077875 0.103614
2 0.401281 0.528003 0.076156 0.116712
