4 0.553594 0.341114 0.078031 0.105163
0 0.343914 0.334348 0.086328 0.126576
0 0.316211 0.462677 0.079703 0.142364
0 0.363805 0.572880 0.085391 0.140924
0 0.419703 0.793356 0.078781 0.138995
0 0.717602 0.566155 0.070953 0.150734
0 0.638281 0.792446 0.076531 0.150761
0 0.569656 0.736766 0.074219 0.140000
0 0.511484 0.985245 0.087625 0.029511
0 0.420891 0.992147 0.084281 0.015707
3 0.476125 0.164783 0.079188 0.116087
3 0.407375 0.248764 0.081281 0.120353
3 0.467062 0.418954 0.072969 0.142255
3 0.444578 0.547201 0.072219 0.140380
3 0.599258 0.260041 0.074859 0.133234
3 0.644055 0.343084 0.081266 0.137962
3 0.708445 0.427894 0.075141 0.132418
3 0.508859 0.663166 0.082406 0.136223
3 0.496219 0.799253 0.080500 0.148071
3 0.353641 0.850027 0.082719 0.140707
3 0.351219 0.959715 0.086562 0.080571
4 0.585133 0.607894 0.074141 0.143016
4 0.657789 0.659674 0.077641 0.141250
4 0.686828 0.916916 0.087656 0.157636
4 0.342297 0.712948 0.086594 0.150136
4 0.533969 0.421522 0.079469 0.140163
2 0.565609 0.091399 0.080469 0.117038
2 0.545531 0.215014 0.072281 0.134212
2 0.392875 0.438370 0.081813 0.142446
2 0.456375 0.926766 0.087437 0.146467
2 0.595445 0.958451 0.083328 0.083098
2 0.257867 0.715014 0.085984 0.150842
1 0.241992 0.579185 0.086609 0.118967
1 0.266875 0.873764 0.089188 0.161223
1 0.558711 0.871264 0.075328 0.154973
1 0.483320 0.288261 0.076891 0.118043
1 0.626086 0.186413 0.077703 0.128043
1 0.655766 0.515421 0.061813 0.143614
1 0.592906 0.471046 0.074344 0.136114
1 0.520883 0.535299 0.078891 0.116467
2 0.426547 0.669620 0.080125 0.135272
