0 0.328625 0.236902 0.080875 0.128804
0 0.306414 0.350883 0.071516 0.131766
0 0.353398 0.450747 0.077828 0.140897
0 0.412016 0.626821 0.072719 0.126033
0 0.683563 0.404348 0.065406 0.136793
0 0.615141 0.608682 0.071844 0.140190
0 0.552086 0.565000 0.066672 0.124565
0 0.506656 0.864063 0.080219 0.155571
0 0.425422 0.892921 0.081563 0.147527
3 0.446266 0.079647 0.077094 0.108859
3 0.385680 0.153872 0.077109 0.120353
3 0.444437 0.292541 0.062781 0.129158
3 0.426438 0.405639 0.068812 0.122527
3 0.560148 0.142296 0.074859 0.133234
3 0.605445 0.215543 0.075797 0.128533
3 0.668852 0.280421 0.071078 0.121821
3 0.493016 0.506141 0.076438 0.118370
3 0.483445 0.632255 0.070234 0.126793
3 0.350344 0.686943 0.076000 0.128832
3 0.356250 0.818234 0.086562 0.134185
4 0.561867 0.446984 0.069922 0.122065
4 0.628695 0.484280 0.072922 0.128016
4 0.667906 0.717772 0.078906 0.139348
4 0.341055 0.569103 0.077016 0.125272
4 0.506117 0.284266 0.075391 0.127228
4 0.521148 0.222908 0.076047 0.107554
2 0.524367 0.024416 0.077016 0.048832
2 0.514883 0.111101 0.072266 0.134212
2 0.376617 0.317215 0.076359 0.133071
2 0.453664 0.751698 0.082016 0.134375
2 0.585086 0.803913 0.077828 0.145652
2 0.260000 0.579212 0.078469 0.135652
1 0.240711 0.459090 0.080484 0.118940
1 0.271391 0.720285 0.080438 0.148342
1 0.544266 0.691277 0.068594 0.134946
1 0.457336 0.185109 0.072859 0.118043
1 0.583383 0.077717 0.072203 0.110163
1 0.623930 0.357690 0.060984 0.134293
1 0.561984 0.332378 0.064813 0.128940
1 0.496359 0.389144 0.076844 0.103614
2 0.414203 0.515000 0.076156 0.116739
