0 0.507211 0.226590 0.062859 0.123723
0 0.420695 0.185571 0.068109 0.098859
0 0.450852 0.257785 0.064516 0.122092
0 0.483406 0.336671 0.069625 0.124375
0 0.600969 0.564946 0.058219 0.116141
0 0.608359 0.673927 0.063281 0.127364
0 0.385414 0.676481 0.081203 0.093560
0 0.383055 0.481223 0.071766 0.121196
0 0.299477 0.246413 0.064141 0.130380
2 0.472477 0.651454 0.072016 0.133397
2 0.558773 0.728207 0.068734 0.118043
2 0.497477 0.735408 0.069859 0.132283
2 0.435477 0.751984 0.064609 0.120815
2 0.340664 0.603207 0.071422 0.134837
2 0.517336 0.430557 0.059391 0.128668
2 0.367195 0.383003 0.060141 0.114103
4 0.252445 0.328220 0.060672 0.127473
4 0.216031 0.500408 0.075000 0.128804
4 0.340375 0.864402 0.064281 0.131141
4 0.403547 0.589062 0.067438 0.104701
4 0.330609 0.467147 0.053594 0.125272
4 0.422992 0.387147 0.064922 0.122935
1 0.360578 0.221861 0.063594 0.104103
1 0.549281 0.335204 0.063156 0.132147
1 0.592445 0.429647 0.070953 0.128315
1 0.575773 0.515435 0.059578 0.115435
1 0.560852 0.621495 0.065516 0.107989
1 0.264734 0.825272 0.080469 0.134239
1 0.294617 0.689606 0.074172 0.132473
1 0.286602 0.560788 0.066047 0.120543
3 0.309609 0.357446 0.066969 0.119783
3 0.271266 0.443967 0.067219 0.125815
3 0.233398 0.613057 0.073859 0.127310
3 0.226805 0.722527 0.075672 0.128696
3 0.337203 0.747296 0.079219 0.121005
3 0.396719 0.848424 0.078156 0.133696
3 0.477148 0.838777 0.078766 0.110380
3 0.511906 0.573139 0.051875 0.127310
3 0.459687 0.547500 0.068219 0.102174
3 0.461438 0.459389 0.072344 0.100951
3 0.393078 0.295910 0.074031 0.083397
