0 0.551727 0.224973 0.062859 0.109511
0 0.454430 0.175299 0.068109 0.094076
0 0.487391 0.260149 0.061719 0.124538
0 0.523656 0.349851 0.062063 0.106603
0 0.660789 0.616440 0.059609 0.116141
0 0.666969 0.743370 0.063281 0.127337
0 0.413375 0.739823 0.080625 0.101712
0 0.413633 0.520245 0.071766 0.121196
0 0.318922 0.237486 0.061375 0.120951
2 0.498609 0.679647 0.070781 0.132228
2 0.605469 0.795380 0.068750 0.128696
2 0.538312 0.806332 0.069875 0.132283
2 0.465070 0.825340 0.071078 0.120462
2 0.366719 0.643927 0.071438 0.134864
2 0.557242 0.454959 0.059391 0.128668
2 0.391656 0.392813 0.056719 0.112962
4 0.263312 0.331427 0.064812 0.127473
4 0.219602 0.525652 0.075016 0.128804
4 0.358031 0.934674 0.062250 0.123207
4 0.430516 0.625543 0.067875 0.102663
4 0.350609 0.494144 0.053594 0.125299
4 0.458500 0.406929 0.073062 0.108696
1 0.380578 0.206508 0.063594 0.104103
1 0.584969 0.345367 0.063156 0.132147
1 0.629312 0.455516 0.070969 0.128315
1 0.601398 0.558383 0.059578 0.115462
1 0.599297 0.660584 0.068969 0.118886
1 0.283875 0.873736 0.080469 0.134266
1 0.308977 0.742989 0.074172 0.132500
1 0.304539 0.591114 0.066047 0.120543
3 0.330680 0.370326 0.066953 0.119783
3 0.283906 0.465978 0.067219 0.125815
3 0.240289 0.658139 0.073859 0.127310
3 0.230734 0.789158 0.077656 0.128696
3 0.357453 0.824307 0.079219 0.121005
3 0.425484 0.930190 0.076094 0.133696
3 0.514742 0.924293 0.082734 0.118750
3 0.558625 0.620774 0.051875 0.127310
3 0.496922 0.588111 0.072969 0.096277
3 0.499031 0.489063 0.072344 0.100951
3 0.421359 0.301617 0.074031 0.083397
