0 0.536766 0.233329 0.066906 0.123723
0 0.451203 0.187758 0.068125 0.098832
0 0.483102 0.263736 0.064516 0.122092
0 0.514203 0.340693 0.069625 0.124375
0 0.632461 0.567799 0.058234 0.116141
0 0.638648 0.680720 0.065297 0.127364
0 0.417781 0.682269 0.077094 0.093560
0 0.413844 0.490707 0.071750 0.121196
0 0.332367 0.246929 0.064141 0.130380
2 0.485273 0.650068 0.072016 0.133397
2 0.586422 0.733166 0.068750 0.118071
2 0.528836 0.741929 0.066422 0.132228
2 0.458648 0.761671 0.064203 0.120571
2 0.366672 0.601535 0.071437 0.134864
2 0.544039 0.436739 0.059391 0.128696
2 0.394820 0.387568 0.060141 0.114103
4 0.284422 0.333601 0.060656 0.127473
4 0.246703 0.500245 0.075000 0.128804
4 0.371781 0.865571 0.064281 0.131141
4 0.431836 0.587649 0.067453 0.104701
4 0.360398 0.469946 0.053609 0.125272
4 0.451937 0.388696 0.064906 0.122935
1 0.383797 0.216535 0.063594 0.104103
1 0.566047 0.329986 0.063156 0.132147
1 0.608250 0.426101 0.070969 0.128288
1 0.576594 0.534049 0.059594 0.115435
1 0.580383 0.628668 0.065516 0.107989
1 0.292969 0.822486 0.080469 0.134266
1 0.317289 0.685340 0.074172 0.132473
1 0.310586 0.564484 0.066047 0.120543
3 0.342406 0.362187 0.066969 0.119755
3 0.303172 0.445272 0.067219 0.125815
3 0.264734 0.618981 0.073875 0.127310
3 0.259773 0.727840 0.075672 0.128723
3 0.364891 0.753043 0.075813 0.122283
3 0.425781 0.859497 0.078156 0.133723
3 0.504945 0.844457 0.078766 0.110380
3 0.540453 0.575870 0.051875 0.127337
3 0.487477 0.548274 0.068203 0.102201
3 0.488156 0.463927 0.072344 0.100951
3 0.422781 0.303043 0.074031 0.083370
