0 0.552742 0.211386 0.062859 0.109511
0 0.450695 0.158152 0.068109 0.094076
0 0.490109 0.241535 0.061719 0.124538
0 0.523766 0.331916 0.062062 0.106603
0 0.659430 0.596359 0.059609 0.116141
0 0.665953 0.725639 0.063281 0.127364
0 0.413031 0.729198 0.080625 0.101712
0 0.413633 0.498967 0.071766 0.121196
0 0.316539 0.215027 0.061359 0.120924
2 0.499109 0.680177 0.070781 0.132255
2 0.606344 0.792840 0.068750 0.128668
2 0.538820 0.801005 0.069859 0.132283
2 0.466086 0.812351 0.071078 0.120462
2 0.367234 0.629742 0.071438 0.134864
2 0.557242 0.442554 0.059391 0.128696
2 0.391500 0.387989 0.056719 0.112935
4 0.259578 0.314687 0.064813 0.127473
4 0.216031 0.509701 0.075000 0.128804
4 0.358797 0.928451 0.062250 0.131141
4 0.429875 0.620747 0.067437 0.104701
4 0.346531 0.477296 0.053594 0.125299
4 0.456461 0.389185 0.073047 0.108696
1 0.380734 0.204524 0.063594 0.104103
1 0.585984 0.339348 0.063156 0.132120
1 0.629820 0.446196 0.070953 0.128315
1 0.601914 0.544198 0.059578 0.115462
1 0.600656 0.657622 0.068969 0.118886
1 0.282859 0.870190 0.080469 0.134239
1 0.302867 0.732948 0.074172 0.132473
1 0.304945 0.585109 0.066047 0.120543
3 0.327961 0.346685 0.066953 0.119783
3 0.284930 0.448859 0.067203 0.125815
3 0.235703 0.638342 0.073875 0.127337
3 0.229625 0.773342 0.077656 0.128696
3 0.357453 0.802133 0.079219 0.121005
3 0.424719 0.928410 0.076094 0.133723
3 0.514492 0.917201 0.082734 0.118750
3 0.558109 0.604823 0.051875 0.127310
3 0.497266 0.570978 0.072969 0.096304
3 0.496641 0.469552 0.072344 0.100951
3 0.421016 0.280924 0.074031 0.083370
