0 0.508766 0.178533 0.067094 0.120109
0 0.412023 0.138940 0.068078 0.102717
0 0.446906 0.214171 0.062844 0.125679
0 0.483117 0.305231 0.071172 0.126277
0 0.615164 0.549103 0.058359 0.117011
0 0.623461 0.672989 0.062766 0.129728
0 0.379078 0.679212 0.079719 0.092663
0 0.376406 0.468777 0.070563 0.120815
0 0.282531 0.205965 0.059156 0.128723
2 0.462469 0.636821 0.059125 0.103533
2 0.565953 0.730639 0.065625 0.109592
2 0.499609 0.740543 0.050406 0.110326
2 0.428094 0.762011 0.063000 0.114239
2 0.327539 0.596196 0.060234 0.130978
2 0.518641 0.399783 0.058781 0.123152
2 0.355328 0.358940 0.051531 0.112446
4 0.231039 0.299280 0.063734 0.126984
4 0.191953 0.489715 0.074594 0.127527
4 0.328594 0.880842 0.052500 0.128315
4 0.393023 0.579620 0.069266 0.101087
4 0.314609 0.446399 0.053594 0.126005
4 0.417812 0.357187 0.066344 0.118832
1 0.345664 0.178913 0.061797 0.104239
1 0.547109 0.292758 0.054781 0.106114
1 0.591969 0.397120 0.062250 0.099620
1 0.561578 0.489348 0.043219 0.101087
1 0.565453 0.609755 0.062094 0.099783
1 0.245844 0.828410 0.052313 0.087745
1 0.278219 0.682935 0.065250 0.112609
1 0.275492 0.553981 0.056547 0.107473
3 0.296875 0.333410 0.065188 0.126332
3 0.252586 0.428234 0.065141 0.128315
3 0.213133 0.609171 0.068922 0.123179
3 0.206672 0.733125 0.074531 0.120707
3 0.324617 0.755652 0.076141 0.108804
3 0.394984 0.870217 0.069781 0.129022
3 0.477047 0.854783 0.076062 0.100870
3 0.514062 0.559891 0.052625 0.124185
3 0.457141 0.533207 0.072531 0.098261
3 0.457000 0.436332 0.071312 0.091467
3 0.384477 0.261399 0.073766 0.088832
