3 0.417279 0.334940 0.050922 0.089083
4 0.527263 0.252667 0.061807 0.086574
3 0.502883 0.330074 0.049297 0.086870
4 0.442875 0.262981 0.057802 0.101815
0 0.200635 0.349731 0.046375 0.090667
0 0.259104 0.387435 0.053156 0.090926
0 0.285065 0.314204 0.057484 0.071981
0 0.472682 0.546782 0.052698 0.074880
1 0.264508 0.644426 0.047193 0.088315
1 0.220667 0.413167 0.041792 0.086130
0 0.255018 0.248718 0.049286 0.058361
0 0.297729 0.249426 0.042521 0.068722
1 0.244115 0.316069 0.043490 0.082472
3 0.330424 0.224319 0.050286 0.065843
3 0.378005 0.201505 0.057990 0.071769
1 0.339779 0.533477 0.047339 0.093454
4 0.283557 0.181616 0.056417 0.079009
4 0.511956 0.605514 0.049245 0.085861
2 0.498000 0.395421 0.044510 0.090824
1 0.388742 0.318111 0.038849 0.087574
3 0.476956 0.459819 0.053974 0.085861
3 0.475378 0.902028 0.059661 0.104352
4 0.348354 0.656204 0.063458 0.087574
1 0.439880 0.614981 0.048271 0.094278
1 0.324677 0.920111 0.077625 0.116222
3 0.483961 0.981199 0.065453 0.037602
3 0.585331 0.708995 0.065203 0.107269
3 0.476143 0.678134 0.049755 0.093250
3 0.819320 0.955773 0.084318 0.088454
1 0.227669 0.939120 0.076099 0.121759
4 0.340956 0.520380 0.062828 0.101389
0 0.346349 0.426301 0.050604 0.094213
3 0.623065 0.468755 0.058828 0.110269
1 0.553846 0.645875 0.048141 0.083898
1 0.524815 0.704505 0.055245 0.094769
1 0.535737 0.421421 0.049474 0.094491
2 0.456456 0.348491 0.050984 0.086778
2 0.250839 0.480611 0.049990 0.079352
2 0.327638 0.309597 0.050151 0.078806
2 0.363604 0.272755 0.045458 0.075731
2 0.443753 0.488667 0.059745 0.095704
3 0.394372 0.564727 0.059016 0.099491
3 0.530602 0.510079 0.063307 0.103065
3 0.434505 0.426889 0.056219 0.088833
