0 0.530320 0.224457 0.062859 0.123696
0 0.441180 0.184226 0.068109 0.098832
0 0.471047 0.255761 0.064500 0.122120
0 0.508422 0.334783 0.069625 0.124402
0 0.620000 0.559728 0.058219 0.116141
0 0.626180 0.671264 0.065297 0.127364
0 0.408617 0.671929 0.081203 0.093587
0 0.409562 0.477690 0.071750 0.121196
0 0.322008 0.236291 0.064141 0.130408
2 0.485227 0.642582 0.072016 0.133370
2 0.575766 0.723709 0.068750 0.118071
2 0.518437 0.727717 0.069875 0.132283
2 0.451859 0.751617 0.064188 0.120571
2 0.365187 0.591929 0.071437 0.134837
2 0.533453 0.426005 0.059375 0.128696
2 0.390492 0.375584 0.060141 0.114103
4 0.275922 0.320598 0.060656 0.127446
4 0.239141 0.493152 0.075000 0.128804
4 0.363891 0.849266 0.064281 0.131141
4 0.422391 0.580557 0.067438 0.104701
4 0.356047 0.463098 0.053594 0.125272
4 0.446297 0.378533 0.064906 0.122935
1 0.376328 0.212812 0.063594 0.104103
1 0.562641 0.328111 0.063156 0.132147
1 0.600828 0.418614 0.070969 0.128315
1 0.575633 0.512690 0.059578 0.115435
1 0.573875 0.619321 0.065531 0.107989
1 0.285578 0.804579 0.080469 0.134266
1 0.314086 0.671889 0.074172 0.132473
1 0.307664 0.550245 0.066047 0.120543
3 0.333398 0.350231 0.066953 0.119755
3 0.294453 0.435842 0.067219 0.125815
3 0.257453 0.600530 0.073875 0.127310
3 0.250328 0.718967 0.075687 0.128696
3 0.361547 0.739497 0.079219 0.121005
3 0.420281 0.840938 0.078156 0.133723
3 0.494812 0.827908 0.078750 0.110380
3 0.532281 0.568179 0.051875 0.127337
3 0.478227 0.536685 0.068203 0.102174
3 0.481016 0.456549 0.072344 0.100978
3 0.415578 0.291563 0.074031 0.083397
