0 0.490984 0.240367 0.058844 0.105951
0 0.405422 0.205543 0.059594 0.092065
0 0.435719 0.273383 0.057500 0.111603
0 0.467359 0.351168 0.061031 0.113098
0 0.584586 0.567296 0.049828 0.102636
0 0.591156 0.676970 0.056125 0.115408
0 0.374609 0.681603 0.067656 0.084076
0 0.372664 0.496359 0.062016 0.108696
0 0.289859 0.265543 0.054281 0.114565
2 0.450250 0.648832 0.062437 0.108533
2 0.540078 0.720679 0.057094 0.094837
2 0.483719 0.733614 0.051562 0.096033
2 0.418758 0.752636 0.056234 0.106359
2 0.330883 0.607296 0.051484 0.113234
2 0.498359 0.435584 0.051719 0.107310
2 0.353812 0.397935 0.047063 0.100815
4 0.244453 0.345978 0.059219 0.110652
4 0.210281 0.513804 0.065687 0.111576
4 0.330070 0.862337 0.050109 0.116902
4 0.388859 0.594334 0.061719 0.091821
4 0.318680 0.477337 0.046172 0.111087
4 0.409672 0.398750 0.059156 0.103533
1 0.345750 0.239185 0.053062 0.096304
1 0.524961 0.335856 0.053484 0.105625
1 0.566961 0.431957 0.060391 0.084402
1 0.540992 0.518342 0.045922 0.086250
1 0.541445 0.622704 0.060984 0.096277
1 0.261445 0.817717 0.060266 0.095000
1 0.283609 0.684864 0.058781 0.091033
1 0.278438 0.563859 0.052250 0.108478
3 0.305156 0.373709 0.058125 0.109375
3 0.263312 0.455707 0.058562 0.104239
3 0.229234 0.621943 0.062844 0.110571
3 0.223094 0.729620 0.064500 0.103804
3 0.326094 0.749429 0.066875 0.104185
3 0.388313 0.850489 0.061563 0.113913
3 0.461078 0.835842 0.067219 0.093207
3 0.495328 0.576046 0.044906 0.112092
3 0.443672 0.551861 0.062031 0.083614
3 0.444609 0.468723 0.062344 0.082120
3 0.379086 0.314239 0.065141 0.082065
