3 0.389378 0.378370 0.053214 0.094852
4 0.561974 0.311417 0.063781 0.104444
3 0.442638 0.344176 0.054120 0.092222
4 0.481904 0.314222 0.048318 0.101815
0 0.231104 0.365528 0.046375 0.072185
0 0.285464 0.399463 0.053156 0.085907
0 0.309146 0.332662 0.040594 0.083787
0 0.377039 0.314815 0.058953 0.066167
1 0.326055 0.403116 0.042526 0.073454
1 0.239201 0.420037 0.041797 0.072630
0 0.283047 0.268477 0.058958 0.049787
0 0.335857 0.258171 0.042526 0.068731
1 0.270479 0.320431 0.043490 0.082472
3 0.368263 0.239593 0.051224 0.069185
3 0.417630 0.244176 0.057990 0.071759
1 0.350940 0.336329 0.034797 0.068731
4 0.309628 0.207662 0.047359 0.068324
3 0.438219 0.954222 0.075177 0.091556
3 0.543802 0.686625 0.071521 0.115120
3 0.802138 0.894065 0.083776 0.103481
1 0.302721 0.913329 0.079609 0.115546
4 0.352578 0.688977 0.062823 0.101380
0 0.270432 0.480546 0.044865 0.087500
3 0.288391 0.582968 0.053146 0.103787
1 0.399813 0.554144 0.067271 0.092787
1 0.445388 0.586292 0.058891 0.086120
1 0.478529 0.511921 0.052943 0.104861
2 0.473888 0.416106 0.056401 0.088083
2 0.269135 0.664773 0.053354 0.096250
2 0.240018 0.515653 0.047755 0.077269
2 0.310826 0.483255 0.042339 0.089083
2 0.351893 0.497023 0.048891 0.080694
3 0.326667 0.563250 0.050510 0.094593
3 0.389419 0.641861 0.047932 0.091741
3 0.418680 0.430264 0.061661 0.088824
