3 0.341807 0.191843 0.050917 0.089074
4 0.442719 0.095796 0.061813 0.086574
3 0.422456 0.186778 0.049297 0.086870
4 0.368021 0.117074 0.057802 0.101815
0 0.113687 0.166148 0.046375 0.090667
0 0.190516 0.248662 0.053156 0.090917
0 0.217706 0.077565 0.058620 0.071981
0 0.390159 0.388171 0.052693 0.074880
1 0.170628 0.475032 0.055745 0.100472
1 0.132958 0.226407 0.041792 0.086130
0 0.158706 0.074597 0.049286 0.058361
0 0.196919 0.133079 0.042526 0.068731
1 0.148883 0.130255 0.043495 0.082472
3 0.243068 0.034583 0.050292 0.065833
3 0.298427 0.035083 0.057990 0.064241
1 0.254365 0.360102 0.052094 0.093463
4 0.193281 0.037236 0.056417 0.071120
4 0.419508 0.455727 0.049245 0.085861
2 0.394815 0.208486 0.044495 0.084787
1 0.299221 0.144704 0.038849 0.087574
3 0.396323 0.307144 0.053979 0.085861
3 0.475378 0.902028 0.059661 0.104352
4 0.257000 0.480519 0.065719 0.095667
1 0.356229 0.461111 0.048271 0.094278
1 0.235143 0.766639 0.077630 0.114407
3 0.386792 0.848278 0.065458 0.097389
3 0.499451 0.559431 0.065203 0.107269
3 0.392802 0.514245 0.049760 0.093250
3 0.712904 0.851412 0.091130 0.103231
1 0.227669 0.939120 0.076099 0.121759
4 0.340956 0.520380 0.062828 0.101389
0 0.257464 0.257514 0.052833 0.092176
3 0.541727 0.322852 0.058828 0.110259
1 0.464815 0.495505 0.048141 0.083898
1 0.438016 0.554282 0.055250 0.094769
1 0.447010 0.260505 0.046073 0.094491
2 0.704445 0.203690 0.050984 0.086787
2 0.168654 0.288884 0.049984 0.079361
2 0.242336 0.159292 0.050172 0.078806
2 0.273138 0.117255 0.045453 0.075731
2 0.443753 0.488667 0.059745 0.095704
3 0.303721 0.394329 0.059016 0.099491
3 0.451766 0.370903 0.063312 0.103065
3 0.353318 0.284407 0.056219 0.088833
