0 0.526234 0.238655 0.066906 0.123723
0 0.439141 0.191902 0.068125 0.098859
0 0.472422 0.267826 0.067187 0.122011
0 0.504344 0.347187 0.069625 0.124375
0 0.621188 0.570951 0.058219 0.116141
0 0.627773 0.686630 0.065297 0.127337
0 0.407586 0.687690 0.077078 0.093587
0 0.401859 0.491495 0.071750 0.121196
0 0.319961 0.254606 0.064141 0.130408
2 0.483789 0.650068 0.072016 0.133397
2 0.580859 0.732880 0.068750 0.118043
2 0.523906 0.742514 0.066406 0.132201
2 0.452125 0.760258 0.064187 0.120571
2 0.367188 0.606861 0.071438 0.134864
2 0.538891 0.440190 0.059375 0.128696
2 0.392188 0.389185 0.060125 0.114130
4 0.272523 0.334796 0.060672 0.127473
4 0.235570 0.505543 0.075016 0.128804
4 0.363219 0.869946 0.064281 0.131141
4 0.424430 0.591196 0.067453 0.104728
4 0.350953 0.473139 0.053594 0.125299
4 0.443914 0.395978 0.064922 0.122935
1 0.379719 0.218560 0.063594 0.104076
1 0.562531 0.330476 0.063156 0.132147
1 0.601625 0.426101 0.070969 0.128288
1 0.574555 0.539701 0.059578 0.115435
1 0.576250 0.628043 0.065531 0.107989
1 0.291797 0.817418 0.080469 0.134239
1 0.312758 0.689280 0.074172 0.132473
1 0.308008 0.563832 0.066047 0.120543
3 0.331359 0.370312 0.066969 0.119755
3 0.291734 0.450598 0.067219 0.125815
3 0.256102 0.617677 0.073859 0.127310
3 0.248969 0.731984 0.075687 0.128696
3 0.357203 0.753043 0.075813 0.122283
3 0.417555 0.859864 0.078172 0.133696
3 0.495500 0.845041 0.078750 0.110353
3 0.531609 0.581780 0.051875 0.127310
3 0.476445 0.554715 0.068203 0.102201
3 0.478969 0.465408 0.072344 0.100978
3 0.414555 0.303397 0.074016 0.083370
