0 0.526680 0.116046 0.066266 0.123560
0 0.428680 0.074633 0.068766 0.103125
0 0.463250 0.148451 0.064781 0.128152
0 0.499727 0.238682 0.071016 0.127799
0 0.634742 0.479796 0.060703 0.119266
0 0.642922 0.607745 0.063281 0.130978
0 0.396703 0.612147 0.080625 0.095163
0 0.393391 0.400054 0.068375 0.121196
0 0.297742 0.141250 0.061359 0.130652
2 0.481375 0.575448 0.070500 0.113234
2 0.585750 0.655951 0.067250 0.108641
2 0.520594 0.664579 0.054875 0.100299
2 0.446641 0.685788 0.064281 0.112337
2 0.345562 0.525598 0.059844 0.130978
2 0.535156 0.333573 0.056312 0.121114
2 0.371961 0.293533 0.052016 0.114402
4 0.247008 0.234389 0.066484 0.127473
4 0.208281 0.422133 0.074219 0.128016
4 0.344828 0.811793 0.057656 0.128804
4 0.411570 0.513261 0.069422 0.101087
4 0.332430 0.377038 0.053609 0.125815
4 0.433930 0.291807 0.067234 0.120408
1 0.360187 0.111726 0.063594 0.104103
1 0.562891 0.218152 0.055656 0.105978
1 0.608297 0.330014 0.067094 0.106440
1 0.580859 0.424973 0.048438 0.101467
1 0.584078 0.539986 0.065625 0.104864
1 0.265203 0.754620 0.059688 0.088587
1 0.289250 0.613750 0.072812 0.111141
1 0.292219 0.474361 0.056406 0.116821
3 0.313914 0.265870 0.067234 0.125326
3 0.269570 0.359022 0.065141 0.128804
3 0.229031 0.543152 0.074531 0.123913
3 0.224281 0.667473 0.077656 0.126087
3 0.340297 0.688125 0.079219 0.119022
3 0.412719 0.801087 0.074062 0.130978
3 0.495188 0.786033 0.076719 0.104891
3 0.533234 0.493519 0.051875 0.132310
3 0.473281 0.463397 0.072969 0.098641
3 0.472828 0.367092 0.072344 0.091576
3 0.399914 0.195421 0.074609 0.091603
