0 0.526906 0.238655 0.066906 0.123723
0 0.439141 0.191304 0.068125 0.098859
0 0.473781 0.267636 0.067187 0.122011
0 0.505703 0.340693 0.069625 0.124375
0 0.621695 0.570367 0.058234 0.116114
0 0.628680 0.685448 0.065297 0.127364
0 0.408602 0.686902 0.077078 0.093587
0 0.402766 0.490707 0.071750 0.121196
0 0.321328 0.251658 0.064156 0.130380
2 0.483914 0.650068 0.072016 0.133397
2 0.583922 0.733166 0.068750 0.118071
2 0.526961 0.741929 0.066422 0.132228
2 0.452664 0.760367 0.064203 0.120571
2 0.367141 0.606413 0.071437 0.134837
2 0.540930 0.437826 0.059391 0.128696
2 0.393883 0.389769 0.060141 0.114103
4 0.273883 0.333601 0.060672 0.127473
4 0.236758 0.504973 0.075016 0.128804
4 0.366609 0.870543 0.064281 0.131141
4 0.425336 0.591196 0.067453 0.104728
4 0.351289 0.467826 0.053609 0.125272
4 0.444937 0.396264 0.064906 0.122908
1 0.380062 0.218383 0.063594 0.104103
1 0.563562 0.331073 0.063156 0.132147
1 0.602641 0.426101 0.070969 0.128288
1 0.574727 0.539239 0.059578 0.115435
1 0.577273 0.627595 0.065516 0.108016
1 0.291891 0.817840 0.080469 0.134266
1 0.313141 0.688954 0.074188 0.132473
1 0.308352 0.563832 0.066047 0.120543
3 0.332719 0.371508 0.066969 0.119755
3 0.292406 0.448832 0.067219 0.125815
3 0.256781 0.618274 0.073875 0.127310
3 0.250328 0.729620 0.075687 0.128696
3 0.358312 0.753043 0.075813 0.122283
3 0.421633 0.858682 0.078172 0.133723
3 0.497531 0.844457 0.078750 0.110380
3 0.532969 0.582364 0.051875 0.127337
3 0.477891 0.554429 0.068219 0.102174
3 0.479656 0.463628 0.072344 0.100951
3 0.415578 0.303397 0.074031 0.083370
