0 0.520805 0.224457 0.062859 0.123696
0 0.434383 0.184226 0.068109 0.098832
0 0.462891 0.255761 0.064500 0.122120
0 0.495172 0.325924 0.069625 0.124402
0 0.613875 0.556168 0.058219 0.116141
0 0.616344 0.670082 0.063281 0.127337
0 0.399781 0.667201 0.081187 0.093587
0 0.396648 0.475326 0.071766 0.121196
0 0.315211 0.236291 0.064141 0.130408
2 0.477297 0.640611 0.072000 0.133397
2 0.563531 0.718981 0.068750 0.118071
2 0.508922 0.726535 0.069875 0.132255
2 0.445734 0.749253 0.064187 0.120571
2 0.354312 0.588383 0.071438 0.134864
2 0.525977 0.422446 0.059391 0.128696
2 0.376211 0.376780 0.060141 0.114103
4 0.269125 0.319416 0.060656 0.127473
4 0.231656 0.491957 0.075000 0.128804
4 0.354375 0.848071 0.064281 0.131141
4 0.416273 0.580557 0.067453 0.104701
4 0.344492 0.460734 0.053609 0.125272
4 0.436781 0.376168 0.064906 0.122935
1 0.367828 0.215177 0.063594 0.104103
1 0.556750 0.326345 0.063156 0.132147
1 0.595844 0.417826 0.070969 0.128315
1 0.570477 0.512283 0.059578 0.115435
1 0.567852 0.616454 0.065516 0.108016
1 0.276062 0.800448 0.080469 0.134266
1 0.305242 0.668927 0.074172 0.132473
1 0.302227 0.548451 0.066047 0.120543
3 0.324562 0.351413 0.066969 0.119783
3 0.284258 0.435842 0.067203 0.125815
3 0.249297 0.598166 0.073875 0.127310
3 0.244891 0.711875 0.075687 0.128696
3 0.352031 0.737133 0.079219 0.121005
3 0.412125 0.842120 0.078156 0.133696
3 0.488703 0.829076 0.078750 0.110380
3 0.524125 0.564633 0.051875 0.127310
3 0.470758 0.537867 0.068203 0.102201
3 0.472172 0.447092 0.072344 0.100978
3 0.405375 0.288030 0.074031 0.083397
