0 0.507156 0.152065 0.063625 0.109511
0 0.404258 0.114171 0.068109 0.095462
0 0.440156 0.185394 0.061719 0.124538
0 0.478937 0.279266 0.070844 0.127826
0 0.624094 0.519511 0.059625 0.116141
0 0.631969 0.658261 0.063281 0.127337
0 0.362406 0.655312 0.078594 0.095788
0 0.360648 0.435136 0.067734 0.121196
0 0.263523 0.171304 0.061359 0.120924
2 0.459016 0.619905 0.070781 0.132255
2 0.569641 0.716413 0.068750 0.128696
2 0.497047 0.719416 0.059625 0.118125
2 0.421234 0.746916 0.071094 0.120462
2 0.308781 0.567092 0.071438 0.134837
2 0.516125 0.366943 0.058719 0.112038
2 0.341680 0.313927 0.055359 0.109810
4 0.209055 0.268030 0.064828 0.127473
4 0.159094 0.461209 0.075000 0.131114
4 0.303828 0.880897 0.058906 0.133967
4 0.382609 0.547405 0.069437 0.095136
4 0.296914 0.412296 0.053609 0.125299
4 0.405375 0.325761 0.068281 0.108696
1 0.337016 0.156929 0.063594 0.104076
1 0.543469 0.252663 0.055656 0.105978
1 0.595156 0.370014 0.064187 0.098668
1 0.565234 0.453750 0.054187 0.100000
1 0.564359 0.596304 0.068969 0.118859
1 0.220328 0.832364 0.080469 0.134239
1 0.250531 0.661766 0.074188 0.121739
1 0.247055 0.523560 0.059172 0.120543
3 0.276070 0.299402 0.066953 0.119783
3 0.228008 0.392174 0.065141 0.125815
3 0.177930 0.586332 0.073859 0.127337
3 0.167094 0.716617 0.077656 0.128723
3 0.299687 0.738302 0.079219 0.121005
3 0.378188 0.870734 0.074094 0.136522
3 0.472352 0.847473 0.082734 0.118750
3 0.515297 0.533899 0.051875 0.127310
3 0.452063 0.492921 0.072969 0.088125
3 0.451109 0.402174 0.072344 0.086793
3 0.370266 0.225367 0.074031 0.083397
