0 0.505023 0.198927 0.064391 0.116929
0 0.412672 0.159932 0.064531 0.101005
0 0.445242 0.231617 0.058891 0.119755
0 0.481172 0.319674 0.069062 0.120109
0 0.608766 0.554293 0.056687 0.111141
0 0.616742 0.674293 0.060703 0.124783
0 0.381305 0.681780 0.073266 0.091332
0 0.377578 0.478342 0.067063 0.117391
0 0.287359 0.225027 0.057969 0.125489
2 0.461719 0.641766 0.060625 0.112663
2 0.560703 0.725204 0.059375 0.103940
2 0.496055 0.740679 0.049328 0.103913
2 0.427836 0.751807 0.054016 0.092310
2 0.329648 0.597826 0.058641 0.128696
2 0.513641 0.409647 0.053969 0.114457
2 0.358453 0.371821 0.050781 0.104620
4 0.237680 0.313111 0.062266 0.122690
4 0.200969 0.498546 0.071031 0.122908
4 0.333414 0.871726 0.050641 0.119484
4 0.394898 0.583709 0.068578 0.100136
4 0.319695 0.458832 0.051734 0.122663
4 0.416953 0.371359 0.062812 0.112500
1 0.349844 0.205476 0.057344 0.104701
1 0.541117 0.306861 0.051203 0.108288
1 0.585500 0.410679 0.056875 0.094837
1 0.557578 0.506508 0.044219 0.094810
1 0.560078 0.618560 0.057344 0.105435
1 0.253906 0.826372 0.047969 0.083668
1 0.281188 0.685965 0.061031 0.103342
1 0.277422 0.557337 0.057594 0.110543
3 0.300344 0.345992 0.061313 0.121114
3 0.258883 0.438370 0.063266 0.124130
3 0.221594 0.617432 0.068344 0.118995
3 0.214242 0.735679 0.072922 0.114674
3 0.327437 0.752731 0.073469 0.105734
3 0.396695 0.863587 0.065328 0.120435
3 0.473609 0.851726 0.072094 0.094592
3 0.511609 0.566196 0.048906 0.124185
3 0.456109 0.537962 0.068156 0.092174
3 0.455250 0.445231 0.067156 0.087908
3 0.385070 0.276101 0.070422 0.087418
