0 0.573813 0.209063 0.062875 0.137962
0 0.482641 0.164130 0.068125 0.098859
0 0.513180 0.234497 0.064516 0.122092
0 0.549203 0.321780 0.069625 0.124375
0 0.674383 0.560897 0.059609 0.116141
0 0.676828 0.679538 0.063281 0.127337
0 0.450758 0.675476 0.081203 0.093560
0 0.446937 0.476495 0.071750 0.121196
0 0.360070 0.219755 0.064141 0.130380
2 0.528641 0.641182 0.070031 0.132255
2 0.628781 0.727840 0.068750 0.128668
2 0.571445 0.734823 0.069859 0.132255
2 0.498711 0.756970 0.071078 0.120462
2 0.408016 0.593111 0.071438 0.134864
2 0.587148 0.415353 0.059391 0.128696
2 0.431594 0.367908 0.056719 0.112935
4 0.309188 0.307595 0.064813 0.127473
4 0.272437 0.488424 0.075000 0.128804
4 0.404328 0.865815 0.064281 0.131141
4 0.461133 0.579389 0.067453 0.104701
4 0.390031 0.456005 0.053594 0.125272
4 0.485039 0.371440 0.064922 0.122935
1 0.422875 0.187976 0.063594 0.104103
1 0.614875 0.307432 0.063156 0.132147
1 0.655312 0.411916 0.070969 0.128288
1 0.634539 0.509918 0.059578 0.115435
1 0.627867 0.613927 0.067641 0.105788
1 0.334516 0.814633 0.080469 0.134266
1 0.353844 0.682514 0.074187 0.132473
1 0.354555 0.554375 0.066047 0.120543
3 0.370102 0.340761 0.066953 0.119783
3 0.331828 0.426386 0.067219 0.125815
3 0.292797 0.602894 0.073875 0.127310
3 0.284000 0.723696 0.077656 0.128696
3 0.397562 0.745408 0.079219 0.121033
3 0.463102 0.856318 0.078172 0.133723
3 0.541695 0.842717 0.084141 0.118750
3 0.577141 0.565815 0.051875 0.127337
3 0.524797 0.538478 0.072969 0.096304
3 0.524516 0.444728 0.072344 0.100978
3 0.455000 0.276196 0.074031 0.083370
