3 0.344078 0.194366 0.050917 0.089083
4 0.443339 0.100204 0.061812 0.086574
3 0.426773 0.191630 0.049297 0.086870
4 0.368021 0.117074 0.057802 0.101815
0 0.113687 0.178269 0.046375 0.090667
0 0.182651 0.239338 0.053156 0.090917
0 0.217706 0.086653 0.058620 0.071991
0 0.393398 0.398375 0.052693 0.074880
1 0.170789 0.487537 0.055745 0.100481
1 0.134005 0.240398 0.041792 0.086130
0 0.160070 0.082477 0.049286 0.058361
0 0.196576 0.139745 0.042526 0.068731
1 0.149906 0.139949 0.043490 0.082472
3 0.244091 0.037009 0.050286 0.065833
3 0.298427 0.040949 0.057990 0.067065
1 0.255500 0.365657 0.052094 0.093463
4 0.193542 0.040824 0.056417 0.073278
4 0.424052 0.463301 0.049240 0.085861
2 0.404190 0.228181 0.044495 0.084787
1 0.302633 0.150259 0.038849 0.087574
3 0.398932 0.319625 0.053979 0.085861
3 0.475378 0.902028 0.059661 0.104352
4 0.259388 0.490824 0.065714 0.095667
1 0.358503 0.462843 0.048276 0.094278
1 0.238326 0.784009 0.077630 0.114407
3 0.391641 0.862819 0.065458 0.097398
3 0.504807 0.574264 0.065198 0.107269
3 0.396211 0.519801 0.049755 0.093250
3 0.721607 0.858921 0.091130 0.103231
1 0.227669 0.939120 0.076099 0.121759
4 0.340956 0.520380 0.062828 0.101389
0 0.260076 0.266065 0.052828 0.092185
3 0.547018 0.324583 0.058828 0.110259
1 0.471664 0.503639 0.048141 0.083907
1 0.445841 0.559356 0.055245 0.094769
1 0.455815 0.266569 0.047203 0.094491
2 0.654547 0.221324 0.050979 0.086778
2 0.170490 0.299606 0.049990 0.079361
2 0.243919 0.169153 0.050172 0.078806
2 0.276831 0.122301 0.045453 0.075731
2 0.443753 0.488667 0.059745 0.095704
3 0.306320 0.399523 0.059016 0.099491
3 0.452250 0.378690 0.063313 0.103065
3 0.353937 0.284407 0.056219 0.088833
