3 0.374078 0.298593 0.053208 0.079074
4 0.553906 0.246769 0.063781 0.104444
3 0.429953 0.263125 0.058948 0.097583
4 0.475867 0.248727 0.043495 0.082472
0 0.209062 0.273204 0.046375 0.072185
0 0.263120 0.311972 0.053156 0.085907
0 0.293443 0.243343 0.040594 0.083796
0 0.367620 0.224847 0.058958 0.062306
1 0.309951 0.324755 0.042526 0.067009
1 0.218354 0.327222 0.040594 0.096222
0 0.263724 0.181306 0.058958 0.049796
0 0.320503 0.206625 0.042526 0.068731
1 0.254779 0.223810 0.043495 0.082472
3 0.356987 0.169454 0.051224 0.056296
3 0.406760 0.171176 0.057990 0.071759
1 0.332422 0.265477 0.034792 0.068731
4 0.303586 0.130366 0.047359 0.068324
3 0.440789 0.941495 0.080318 0.117009
3 0.526974 0.607616 0.071521 0.115120
3 0.791578 0.857829 0.083500 0.120120
1 0.290586 0.852444 0.083120 0.132296
4 0.334464 0.603093 0.065240 0.105667
0 0.252917 0.386611 0.044865 0.087500
3 0.265443 0.488495 0.053146 0.103787
1 0.382904 0.450366 0.067266 0.092787
1 0.424047 0.507560 0.061292 0.090398
1 0.467638 0.437319 0.057745 0.110250
2 0.454763 0.338620 0.062443 0.085926
2 0.241359 0.561713 0.053354 0.096259
2 0.223323 0.417236 0.056188 0.105194
2 0.292305 0.390931 0.042339 0.089083
2 0.345854 0.399690 0.048885 0.080694
3 0.311164 0.465560 0.063786 0.101028
3 0.379766 0.542023 0.060031 0.104620
3 0.406099 0.349745 0.067094 0.088824
