0 0.642461 0.168872 0.062859 0.137962
0 0.550945 0.119158 0.068109 0.099946
0 0.583531 0.195476 0.064500 0.122092
0 0.615172 0.279280 0.066844 0.117201
0 0.737930 0.526617 0.059609 0.116114
0 0.744109 0.645856 0.063281 0.127364
0 0.513625 0.632323 0.081187 0.093560
0 0.511844 0.432174 0.071750 0.121196
0 0.425992 0.176005 0.064141 0.130380
2 0.590484 0.605421 0.070031 0.132255
2 0.688922 0.690014 0.068750 0.128668
2 0.631258 0.701712 0.069859 0.132283
2 0.560727 0.705258 0.071078 0.120462
2 0.468336 0.535774 0.071422 0.134864
2 0.648484 0.375163 0.059375 0.128696
2 0.494125 0.320625 0.056719 0.112935
4 0.376469 0.260326 0.064813 0.127446
4 0.337688 0.433451 0.075000 0.128804
4 0.464656 0.825326 0.064281 0.131141
4 0.530461 0.528546 0.067453 0.104701
4 0.458680 0.403995 0.053609 0.125272
4 0.551313 0.330068 0.064906 0.122908
1 0.485063 0.133614 0.063594 0.104076
1 0.674344 0.247432 0.063156 0.132147
1 0.715125 0.362867 0.070969 0.128288
1 0.690773 0.467663 0.059578 0.115435
1 0.691414 0.578465 0.067641 0.105788
1 0.384469 0.755530 0.080469 0.134266
1 0.416883 0.624293 0.074172 0.132500
1 0.415227 0.499701 0.066047 0.120543
3 0.440109 0.297622 0.066969 0.119755
3 0.398102 0.383234 0.067203 0.125815
3 0.358047 0.553247 0.073875 0.127310
3 0.352297 0.669918 0.077656 0.128696
3 0.465531 0.702853 0.079219 0.121033
3 0.523617 0.814946 0.076078 0.133696
3 0.606266 0.807255 0.084125 0.118750
3 0.643078 0.532133 0.051875 0.127310
3 0.590375 0.497106 0.072969 0.096277
3 0.589766 0.403940 0.072344 0.100978
3 0.522297 0.234226 0.074031 0.083397
