3 0.383943 0.338120 0.053208 0.088407
4 0.563490 0.277120 0.063781 0.104444
3 0.439312 0.299625 0.058948 0.097583
4 0.482445 0.276375 0.047109 0.096991
0 0.215885 0.318722 0.046375 0.072185
0 0.272982 0.337917 0.053161 0.085907
0 0.305922 0.286856 0.040594 0.083787
0 0.380906 0.269792 0.058958 0.064435
1 0.322430 0.362329 0.042526 0.067009
1 0.229539 0.367449 0.041797 0.064009
0 0.273385 0.221241 0.058958 0.049796
0 0.330326 0.236824 0.042526 0.068722
1 0.264440 0.281782 0.043495 0.082472
3 0.360914 0.199509 0.051224 0.069185
3 0.415219 0.202306 0.057990 0.071759
1 0.345505 0.300903 0.034792 0.068731
4 0.314456 0.171875 0.047359 0.068324
3 0.440034 0.945241 0.078807 0.109519
3 0.536797 0.636384 0.071521 0.115120
3 0.794685 0.868481 0.083578 0.115222
1 0.296880 0.883514 0.082417 0.128954
4 0.344125 0.635301 0.062823 0.101380
0 0.264391 0.416139 0.044865 0.087500
3 0.281143 0.532296 0.053151 0.103796
1 0.395706 0.507764 0.067266 0.092787
1 0.434518 0.548935 0.058891 0.086130
1 0.478208 0.470051 0.051698 0.109157
2 0.472831 0.375579 0.057911 0.087546
2 0.257057 0.601435 0.053354 0.096259
2 0.236393 0.460255 0.047755 0.077269
2 0.299956 0.425282 0.042339 0.089083
2 0.353341 0.437333 0.048891 0.080704
3 0.324367 0.504208 0.063786 0.101028
3 0.387247 0.584764 0.057120 0.101213
3 0.417776 0.389468 0.067094 0.088824
