4 0.574406 0.367378 0.090312 0.129375
0 0.350680 0.343601 0.094578 0.132201
0 0.317758 0.478587 0.080828 0.161304
0 0.364664 0.606345 0.088734 0.159266
0 0.420703 0.852052 0.083625 0.147418
0 0.745734 0.631440 0.077656 0.167772
0 0.651094 0.868179 0.084000 0.160761
0 0.583836 0.799932 0.077516 0.154158
0 0.512594 0.991318 0.087625 0.017364
0 0.432070 0.991997 0.084266 0.016005
3 0.496188 0.170951 0.087063 0.127228
3 0.421180 0.259226 0.088859 0.137690
3 0.479312 0.448696 0.072969 0.150163
3 0.451305 0.584660 0.077797 0.141984
3 0.629438 0.293519 0.084031 0.146114
3 0.673781 0.385910 0.086844 0.145299
3 0.738414 0.479552 0.084078 0.135408
3 0.518391 0.715231 0.089781 0.136223
3 0.502688 0.859918 0.083375 0.153696
3 0.346797 0.907745 0.086875 0.147663
3 0.346766 0.984701 0.086563 0.030598
4 0.602875 0.659511 0.080594 0.142989
4 0.676945 0.721630 0.083328 0.154076
4 0.700641 0.953152 0.091781 0.093696
4 0.341750 0.758872 0.089969 0.150136
4 0.551094 0.459647 0.088344 0.155163
2 0.594914 0.095965 0.086297 0.133886
2 0.575461 0.229524 0.083766 0.141277
2 0.401969 0.459565 0.085938 0.146087
2 0.455445 0.955774 0.087422 0.088451
2 0.601117 0.985353 0.083328 0.029293
2 0.251477 0.756345 0.090953 0.157799
1 0.235320 0.605380 0.093141 0.137554
1 0.257500 0.915965 0.094063 0.165516
1 0.565273 0.933193 0.080297 0.133614
1 0.502656 0.305530 0.085031 0.134918
1 0.659789 0.210054 0.082859 0.138804
1 0.679453 0.570068 0.070688 0.155299
1 0.614055 0.516739 0.074359 0.146739
1 0.534984 0.582269 0.087812 0.122092
2 0.428164 0.713207 0.089828 0.135272
