0 0.516602 0.170856 0.067578 0.122473
0 0.418273 0.129715 0.070172 0.103125
0 0.453836 0.205747 0.064297 0.127364
0 0.489898 0.297269 0.071703 0.127799
0 0.624750 0.545326 0.059563 0.118859
0 0.632391 0.671196 0.063281 0.130978
0 0.385125 0.675571 0.080625 0.092663
0 0.382859 0.463342 0.070938 0.121196
0 0.286180 0.197011 0.060422 0.129891
2 0.470234 0.636821 0.062188 0.103533
2 0.575078 0.725299 0.064219 0.105652
2 0.508281 0.738329 0.053125 0.110625
2 0.434812 0.760190 0.065063 0.115761
2 0.332172 0.591739 0.059844 0.130978
2 0.526484 0.393139 0.058750 0.124321
2 0.361445 0.353424 0.052422 0.114402
4 0.234930 0.292405 0.065297 0.127473
4 0.196391 0.482908 0.074219 0.127989
4 0.334102 0.881250 0.055078 0.128804
4 0.399398 0.575978 0.069172 0.101087
4 0.319969 0.439837 0.053594 0.125815
4 0.423852 0.350720 0.067234 0.120408
1 0.350203 0.169171 0.063594 0.104103
1 0.554437 0.282092 0.055656 0.105978
1 0.602031 0.389620 0.068906 0.103641
1 0.570039 0.485272 0.045703 0.103098
1 0.573945 0.606535 0.064453 0.101603
1 0.250859 0.824932 0.056406 0.088179
1 0.280703 0.680435 0.069687 0.112772
1 0.280359 0.543981 0.056406 0.109049
3 0.301828 0.325720 0.067125 0.126060
3 0.257711 0.420679 0.065141 0.128804
3 0.216555 0.606467 0.071734 0.127337
3 0.211141 0.731658 0.076000 0.123641
3 0.330039 0.753533 0.078047 0.114130
3 0.401406 0.871196 0.072187 0.130978
3 0.485203 0.854348 0.076719 0.103261
3 0.521836 0.556250 0.052578 0.128261
3 0.464656 0.527745 0.072969 0.098641
3 0.464422 0.429647 0.072344 0.091576
3 0.389789 0.253166 0.074609 0.090408
