0 0.548672 0.102677 0.062875 0.137962
0 0.452734 0.047038 0.068125 0.094076
0 0.484672 0.120965 0.061719 0.124538
0 0.519336 0.216630 0.066828 0.117174
0 0.653312 0.474606 0.059625 0.116114
0 0.657797 0.596793 0.063281 0.127337
0 0.416437 0.593247 0.080625 0.101712
0 0.412953 0.379592 0.071750 0.121196
0 0.319937 0.113370 0.061375 0.130380
2 0.502812 0.560802 0.070031 0.132255
2 0.599547 0.657500 0.068750 0.128696
2 0.533727 0.665666 0.069859 0.132255
2 0.464047 0.683111 0.071094 0.120462
2 0.363844 0.504443 0.071438 0.134864
2 0.556898 0.328478 0.059391 0.128696
2 0.394563 0.266250 0.056719 0.112935
4 0.263992 0.200625 0.064828 0.127446
4 0.225547 0.391495 0.075000 0.128804
4 0.361516 0.793696 0.062250 0.131141
4 0.427148 0.494280 0.067453 0.104701
4 0.351969 0.354375 0.053594 0.125272
4 0.455789 0.270978 0.073047 0.108696
1 0.384813 0.083967 0.063594 0.104076
1 0.581906 0.216427 0.063156 0.132147
1 0.629820 0.319728 0.070953 0.128315
1 0.599875 0.428370 0.059594 0.115435
1 0.603375 0.542976 0.068969 0.118886
1 0.278781 0.750802 0.080469 0.134266
1 0.306945 0.595041 0.074172 0.132473
1 0.304945 0.456250 0.066047 0.120543
3 0.334078 0.235571 0.066969 0.119783
3 0.286297 0.333587 0.067219 0.125815
3 0.244531 0.515421 0.073875 0.127310
3 0.237781 0.639783 0.077656 0.128696
3 0.358141 0.668560 0.079219 0.121033
3 0.424719 0.784212 0.076094 0.133696
3 0.509961 0.778505 0.082734 0.118750
3 0.552000 0.481889 0.051875 0.127310
3 0.493516 0.447459 0.072969 0.096277
3 0.492563 0.348981 0.072344 0.100951
3 0.419320 0.168030 0.074016 0.083397
