0 0.507359 0.180870 0.066094 0.120109
0 0.411250 0.141209 0.066750 0.102092
0 0.445602 0.215829 0.061359 0.124321
0 0.482055 0.306223 0.070391 0.123967
0 0.613531 0.548981 0.058250 0.114810
0 0.621953 0.671997 0.062000 0.127853
0 0.378398 0.679212 0.078359 0.092663
0 0.375461 0.469633 0.070016 0.120245
0 0.282648 0.207812 0.058703 0.128125
2 0.462187 0.636821 0.059687 0.103533
2 0.564320 0.728601 0.063297 0.107473
2 0.498312 0.738383 0.050094 0.109918
2 0.427313 0.758628 0.061000 0.105842
2 0.327250 0.596196 0.060813 0.130978
2 0.517078 0.400272 0.057437 0.124457
2 0.355484 0.361114 0.051250 0.109511
4 0.230984 0.300476 0.063188 0.126223
4 0.191961 0.489592 0.075141 0.126793
4 0.328594 0.880245 0.052500 0.127554
4 0.392750 0.579620 0.069812 0.101087
4 0.314609 0.447731 0.053594 0.126277
4 0.417148 0.358383 0.065016 0.116440
1 0.346547 0.186223 0.059094 0.104402
1 0.544859 0.296562 0.053437 0.106332
1 0.591070 0.400734 0.060234 0.097826
1 0.560078 0.493641 0.043594 0.095598
1 0.563438 0.612174 0.060312 0.101902
1 0.246406 0.828410 0.051094 0.087745
1 0.278359 0.684035 0.063281 0.109918
1 0.275875 0.554647 0.056750 0.108098
3 0.296641 0.334592 0.064062 0.126739
3 0.252586 0.429810 0.065141 0.127609
3 0.213273 0.609891 0.068922 0.123696
3 0.206813 0.733492 0.074813 0.119973
3 0.324055 0.755163 0.075016 0.108152
3 0.394492 0.868750 0.068984 0.126087
3 0.475305 0.854212 0.075078 0.099728
3 0.512766 0.559891 0.051625 0.124185
3 0.456016 0.533492 0.071875 0.097690
3 0.455664 0.437228 0.069766 0.091304
3 0.383852 0.263084 0.072516 0.088288
