0 0.514687 0.219728 0.062875 0.123696
0 0.426227 0.177133 0.068109 0.098832
0 0.457445 0.248682 0.064516 0.122092
0 0.488305 0.328166 0.069641 0.124375
0 0.606648 0.554212 0.059609 0.116141
0 0.610672 0.666535 0.063281 0.127364
0 0.393219 0.666399 0.081187 0.093560
0 0.386898 0.476495 0.071766 0.121196
0 0.305461 0.234321 0.064141 0.130380
2 0.468812 0.640014 0.071344 0.133016
2 0.559000 0.714837 0.068750 0.128696
2 0.500766 0.727323 0.069875 0.132255
2 0.433461 0.747337 0.071078 0.120489
2 0.345703 0.589171 0.071438 0.134864
2 0.520539 0.420082 0.059391 0.128696
2 0.374180 0.372052 0.060141 0.114103
4 0.261422 0.317446 0.060656 0.127446
4 0.221469 0.493152 0.075000 0.128804
4 0.343953 0.850842 0.064281 0.131141
4 0.407664 0.581345 0.067453 0.104701
4 0.335656 0.457582 0.053594 0.125272
4 0.429305 0.382853 0.064922 0.122935
1 0.355594 0.202174 0.063594 0.104076
1 0.540672 0.316889 0.063156 0.132147
1 0.581570 0.415856 0.070953 0.128288
1 0.556148 0.505978 0.059578 0.115435
1 0.556883 0.609470 0.065516 0.108016
1 0.271078 0.801223 0.080469 0.134239
1 0.294578 0.669755 0.074188 0.132500
1 0.287133 0.544212 0.066047 0.120543
3 0.317500 0.349035 0.066969 0.119755
3 0.277867 0.435380 0.067203 0.125815
3 0.239336 0.606834 0.073859 0.127310
3 0.235750 0.713859 0.077656 0.128696
3 0.344781 0.739103 0.079219 0.121033
3 0.402602 0.839769 0.078172 0.133723
3 0.480070 0.830897 0.084141 0.118750
3 0.515062 0.561087 0.051875 0.127337
3 0.463852 0.536087 0.069797 0.100217
3 0.465156 0.448274 0.072344 0.100951
3 0.399547 0.288967 0.074031 0.083370
