0 0.516031 0.239823 0.066906 0.123723
0 0.427586 0.200761 0.068109 0.098859
0 0.459484 0.272323 0.064500 0.122092
0 0.492453 0.351332 0.069625 0.124402
0 0.608445 0.578641 0.058234 0.116141
0 0.615312 0.691359 0.065313 0.127337
0 0.392305 0.689660 0.081203 0.093560
0 0.391891 0.497772 0.071750 0.121196
0 0.307727 0.258750 0.064141 0.130380
2 0.476617 0.662486 0.072016 0.133397
2 0.564891 0.741454 0.068750 0.118071
2 0.511641 0.745448 0.069875 0.132255
2 0.444039 0.769361 0.064203 0.120571
2 0.353641 0.608478 0.071438 0.134837
2 0.529039 0.442554 0.059391 0.128696
2 0.377125 0.397255 0.060125 0.114130
4 0.261648 0.337160 0.060672 0.127473
4 0.224187 0.508505 0.075000 0.128804
4 0.350297 0.876440 0.064281 0.131141
4 0.415258 0.601834 0.067453 0.104701
4 0.341094 0.482011 0.053594 0.125272
4 0.432016 0.396264 0.064906 0.122908
1 0.373266 0.225815 0.063594 0.104076
1 0.558109 0.336970 0.063156 0.132147
1 0.592445 0.432011 0.070953 0.128315
1 0.569289 0.533560 0.059578 0.115435
1 0.564352 0.633505 0.065516 0.107989
1 0.286266 0.834728 0.080469 0.134239
1 0.301508 0.697880 0.074172 0.132500
1 0.307891 0.571304 0.066031 0.120543
3 0.320484 0.372677 0.066969 0.119755
3 0.278141 0.458288 0.067219 0.125815
3 0.239109 0.625353 0.073875 0.127337
3 0.235375 0.736712 0.075688 0.128696
3 0.344547 0.764307 0.079219 0.121005
3 0.406680 0.864592 0.078172 0.133696
3 0.483938 0.853913 0.078750 0.110380
3 0.519375 0.583546 0.051875 0.127310
3 0.466000 0.559158 0.068219 0.102174
3 0.467422 0.473098 0.072344 0.100978
3 0.401984 0.306943 0.074031 0.083397
