0 0.537492 0.162921 0.063609 0.109538
0 0.447297 0.120326 0.068125 0.094076
0 0.480594 0.187160 0.061719 0.124538
0 0.514203 0.272296 0.070844 0.127799
0 0.643125 0.481698 0.059625 0.116114
0 0.652125 0.605856 0.063281 0.127364
0 0.412703 0.604497 0.080625 0.101712
0 0.410102 0.407717 0.071766 0.121196
0 0.325375 0.177201 0.061375 0.120924
2 0.502172 0.571128 0.070781 0.132255
2 0.593094 0.653668 0.068750 0.128696
2 0.534891 0.664552 0.069875 0.132255
2 0.465414 0.681780 0.071078 0.120462
2 0.372000 0.519810 0.071438 0.134837
2 0.550609 0.349755 0.058719 0.128696
2 0.392531 0.302310 0.056719 0.112935
4 0.275203 0.254416 0.064813 0.127473
4 0.235742 0.424552 0.075016 0.131114
4 0.362656 0.799293 0.062250 0.145870
4 0.433242 0.509280 0.069422 0.095136
4 0.356047 0.389837 0.053594 0.125272
4 0.453742 0.313533 0.073047 0.108696
1 0.384813 0.131236 0.063594 0.104103
1 0.580039 0.258573 0.063141 0.133234
1 0.623641 0.352582 0.070969 0.128315
1 0.592688 0.432065 0.059594 0.115435
1 0.596406 0.536467 0.068969 0.118859
1 0.286250 0.757894 0.080469 0.134266
1 0.310344 0.600951 0.074188 0.132500
1 0.311742 0.473995 0.066047 0.120543
3 0.336344 0.285611 0.066969 0.119755
3 0.292406 0.369647 0.067219 0.125815
3 0.252688 0.535503 0.073875 0.127310
3 0.245250 0.652785 0.077656 0.128723
3 0.362203 0.678016 0.079219 0.121033
3 0.427695 0.791712 0.076078 0.136522
3 0.511320 0.777174 0.082734 0.118750
3 0.546562 0.494307 0.051875 0.127310
3 0.492844 0.465190 0.072969 0.096304
3 0.489172 0.372622 0.072344 0.100951
3 0.421703 0.230095 0.074031 0.083397
