0 0.529156 0.099973 0.066000 0.116359
0 0.434328 0.060380 0.068125 0.099293
0 0.467180 0.133016 0.063672 0.128152
0 0.503469 0.220027 0.070844 0.127826
0 0.638195 0.454633 0.060703 0.119266
0 0.645828 0.580815 0.063281 0.130978
0 0.403234 0.583573 0.080625 0.095788
0 0.399047 0.375217 0.067750 0.121196
0 0.304461 0.126318 0.061359 0.130679
2 0.484219 0.551359 0.071719 0.115652
2 0.586688 0.628111 0.068750 0.110734
2 0.522281 0.636861 0.054688 0.102636
2 0.452250 0.659457 0.063906 0.112500
2 0.352281 0.499946 0.059844 0.130978
2 0.539539 0.312948 0.055922 0.119810
2 0.378156 0.274130 0.051750 0.110543
4 0.253820 0.214592 0.066484 0.127446
4 0.216031 0.398438 0.074219 0.128016
4 0.351187 0.779348 0.057656 0.127826
4 0.417820 0.486793 0.069422 0.101087
4 0.338406 0.355462 0.053594 0.125815
4 0.438977 0.271698 0.067234 0.120408
1 0.366172 0.096630 0.063594 0.104076
1 0.566625 0.200788 0.055656 0.105978
1 0.611703 0.305679 0.065313 0.106467
1 0.583656 0.404864 0.048438 0.101467
1 0.586781 0.515000 0.065625 0.104837
1 0.271914 0.728139 0.060797 0.094375
1 0.297750 0.585353 0.072813 0.111141
1 0.297250 0.455448 0.056406 0.118288
3 0.320773 0.246318 0.066953 0.125136
3 0.276852 0.335978 0.065141 0.128804
3 0.235750 0.516427 0.073438 0.117582
3 0.230922 0.637120 0.077656 0.124130
3 0.347484 0.658750 0.079219 0.119022
3 0.418797 0.769457 0.074063 0.130978
3 0.500141 0.755027 0.076719 0.104891
3 0.535750 0.467568 0.051875 0.132310
3 0.477672 0.440842 0.072969 0.098641
3 0.477484 0.345190 0.072344 0.091576
3 0.405141 0.177894 0.074594 0.091603
