0 0.473906 0.209063 0.062875 0.137962
0 0.381367 0.159402 0.068109 0.098859
0 0.417352 0.238030 0.064516 0.122092
0 0.446234 0.319416 0.069625 0.124375
0 0.565633 0.541984 0.059609 0.116141
0 0.572156 0.655897 0.063281 0.127337
0 0.350852 0.663655 0.081203 0.093560
0 0.347023 0.468234 0.071766 0.121196
0 0.260148 0.228016 0.064141 0.130380
2 0.426687 0.643845 0.070031 0.132255
2 0.517992 0.692962 0.068734 0.128696
2 0.464062 0.718261 0.069875 0.132283
2 0.396078 0.742215 0.071094 0.120462
2 0.304023 0.586019 0.071422 0.134864
2 0.477383 0.412391 0.059391 0.128696
2 0.329148 0.362880 0.058422 0.113533
4 0.214031 0.309959 0.064813 0.127473
4 0.173891 0.484891 0.075000 0.128804
4 0.301016 0.851630 0.064281 0.131141
4 0.363938 0.575829 0.067437 0.104701
4 0.292844 0.450082 0.053594 0.125272
4 0.384672 0.370652 0.064906 0.122935
1 0.320422 0.197147 0.063594 0.104076
1 0.507141 0.307432 0.063156 0.132147
1 0.548945 0.411916 0.070953 0.128288
1 0.525945 0.506386 0.059578 0.115435
1 0.518820 0.612622 0.065516 0.108016
1 0.231656 0.801617 0.080469 0.134266
1 0.250539 0.669511 0.074172 0.132500
1 0.246492 0.538424 0.066047 0.120543
3 0.272914 0.337215 0.066953 0.119755
3 0.232937 0.430516 0.067219 0.125815
3 0.195609 0.605258 0.073875 0.127310
3 0.190203 0.714837 0.077656 0.128696
3 0.301047 0.731223 0.079219 0.121033
3 0.362508 0.839769 0.078172 0.133723
3 0.441102 0.826168 0.084141 0.118750
3 0.474969 0.554389 0.051875 0.127310
3 0.421484 0.526644 0.072969 0.096277
3 0.421656 0.439212 0.072344 0.100978
3 0.355094 0.275014 0.074031 0.083397
