0 0.530461 0.181997 0.062859 0.137962
0 0.431719 0.138764 0.068125 0.099973
0 0.465813 0.215720 0.061719 0.124538
0 0.502008 0.317989 0.066828 0.117174
0 0.632586 0.569171 0.059609 0.116114
0 0.637750 0.689579 0.063281 0.127364
0 0.395070 0.698601 0.079328 0.096821
0 0.395281 0.474620 0.071750 0.121196
0 0.301211 0.205571 0.064141 0.130380
2 0.479625 0.628573 0.070031 0.132255
2 0.582047 0.747052 0.068750 0.128668
2 0.521156 0.754198 0.069875 0.132255
2 0.446539 0.769402 0.071078 0.120489
2 0.345000 0.599851 0.071438 0.134864
2 0.538211 0.414402 0.059391 0.128696
2 0.374516 0.360217 0.056719 0.112935
4 0.244500 0.294796 0.064812 0.127473
4 0.204820 0.492853 0.075016 0.128804
4 0.343500 0.895652 0.064281 0.131141
4 0.413555 0.597704 0.067453 0.104701
4 0.333281 0.455720 0.053594 0.125299
4 0.433016 0.358424 0.073062 0.122935
1 0.367844 0.148274 0.063594 0.104103
1 0.568984 0.290285 0.063156 0.132147
1 0.613047 0.398370 0.070969 0.128315
1 0.579695 0.486793 0.059578 0.115435
1 0.581945 0.618505 0.067641 0.105815
1 0.271375 0.788886 0.080469 0.134239
1 0.289953 0.684579 0.074187 0.132473
1 0.289180 0.548207 0.066047 0.120543
3 0.313008 0.334253 0.066953 0.119755
3 0.267945 0.430679 0.067203 0.125815
3 0.228055 0.623872 0.073859 0.127310
3 0.222688 0.749837 0.077656 0.128696
3 0.340469 0.769742 0.079219 0.121005
3 0.410445 0.885421 0.076078 0.133723
3 0.494523 0.869620 0.082734 0.118750
3 0.532625 0.577636 0.051875 0.127337
3 0.476531 0.547921 0.072969 0.096277
3 0.477281 0.445312 0.072344 0.100951
3 0.403688 0.259796 0.074031 0.083397
