3 0.348057 0.326690 0.050917 0.089083
4 0.452609 0.244926 0.061813 0.086574
3 0.438935 0.325468 0.049297 0.086861
4 0.380648 0.263880 0.057797 0.101815
0 0.138687 0.353213 0.046375 0.090667
0 0.182849 0.369829 0.053156 0.090917
0 0.209750 0.320995 0.058615 0.071991
0 0.398779 0.544681 0.052693 0.074880
1 0.191378 0.661546 0.053495 0.088315
1 0.149844 0.419259 0.041792 0.086130
0 0.173935 0.259644 0.049286 0.058361
0 0.221466 0.253481 0.042526 0.068722
1 0.171385 0.314898 0.043490 0.082481
3 0.265115 0.192060 0.050292 0.065843
3 0.310359 0.168898 0.057990 0.071759
1 0.266711 0.541787 0.052099 0.093463
4 0.196896 0.154093 0.056417 0.079000
4 0.442992 0.616833 0.049245 0.085852
2 0.420664 0.385745 0.044505 0.090824
1 0.316268 0.323833 0.038849 0.087574
3 0.405461 0.453815 0.053974 0.085852
3 0.475378 0.902028 0.059661 0.104352
4 0.279771 0.677472 0.063458 0.087574
1 0.372266 0.622727 0.048271 0.094269
1 0.250370 0.923606 0.077625 0.114398
3 0.413685 0.981648 0.065453 0.036704
3 0.514792 0.698218 0.065198 0.107269
3 0.410414 0.686468 0.049755 0.093250
3 0.745635 0.965264 0.084323 0.069472
1 0.227669 0.939120 0.076099 0.121759
4 0.340956 0.520380 0.062828 0.101389
0 0.271211 0.421412 0.050599 0.094213
3 0.554992 0.474870 0.058828 0.110259
1 0.483190 0.620236 0.048141 0.083898
1 0.458018 0.712463 0.055245 0.094759
1 0.467367 0.404616 0.049474 0.094491
2 0.397523 0.333537 0.050984 0.086778
2 0.185141 0.475861 0.049990 0.079352
2 0.266388 0.283199 0.050172 0.078806
2 0.297000 0.248560 0.045458 0.075731
2 0.443753 0.488667 0.059745 0.095704
3 0.329607 0.562227 0.059016 0.099491
3 0.456958 0.504301 0.063312 0.103065
3 0.359570 0.430116 0.056224 0.088824
