0 0.527602 0.172813 0.062859 0.137962
0 0.433359 0.127446 0.068125 0.099946
0 0.469047 0.202527 0.061719 0.124565
0 0.503023 0.299375 0.066828 0.117174
0 0.631898 0.542568 0.059609 0.116114
0 0.638766 0.668899 0.063281 0.127364
0 0.397031 0.670707 0.078531 0.098207
0 0.393922 0.456413 0.071750 0.121196
0 0.300945 0.189022 0.064141 0.130380
2 0.481750 0.628764 0.070031 0.132255
2 0.582219 0.717201 0.068750 0.128696
2 0.518773 0.724171 0.069859 0.132255
2 0.449320 0.744579 0.071078 0.120462
2 0.349797 0.576549 0.071438 0.134837
2 0.539398 0.388451 0.059391 0.128696
2 0.376547 0.340707 0.056719 0.112935
4 0.248250 0.283166 0.064813 0.127473
4 0.206969 0.473451 0.075000 0.128804
4 0.347250 0.872908 0.064281 0.131141
4 0.412195 0.568356 0.067453 0.104701
4 0.332266 0.432772 0.053594 0.125272
4 0.434492 0.348967 0.073047 0.122935
1 0.366625 0.152812 0.063594 0.104103
1 0.569156 0.277880 0.063156 0.132120
1 0.612156 0.381780 0.070969 0.128288
1 0.581180 0.491005 0.059578 0.115435
1 0.581641 0.598560 0.067656 0.105815
1 0.269266 0.793940 0.080469 0.134239
1 0.290406 0.664783 0.074187 0.132500
1 0.288977 0.527174 0.066047 0.120543
3 0.314367 0.315938 0.066953 0.119755
3 0.268852 0.412201 0.067203 0.125815
3 0.228906 0.597568 0.073875 0.127310
3 0.223844 0.720761 0.077656 0.128696
3 0.341828 0.747758 0.079219 0.121005
3 0.411125 0.858668 0.076094 0.133696
3 0.492055 0.848043 0.082734 0.118750
3 0.532516 0.555571 0.051875 0.127337
3 0.475406 0.526264 0.072969 0.096277
3 0.475812 0.430149 0.072344 0.100951
3 0.400625 0.251372 0.074031 0.083397
