0 0.523867 0.225639 0.062859 0.123723
0 0.436078 0.183043 0.068125 0.098859
0 0.467984 0.258125 0.064500 0.122120
0 0.499594 0.332418 0.069625 0.124402
0 0.616273 0.563261 0.059609 0.116141
0 0.619734 0.674226 0.063281 0.127364
0 0.402844 0.673410 0.081188 0.093560
0 0.400039 0.480054 0.071766 0.121196
0 0.314523 0.238071 0.064141 0.130380
2 0.476617 0.644144 0.072016 0.133397
2 0.568969 0.719497 0.068750 0.124701
2 0.513672 0.728899 0.069875 0.132255
2 0.448594 0.744253 0.068687 0.121114
2 0.356531 0.593995 0.071438 0.134837
2 0.528352 0.420082 0.059391 0.128696
2 0.380977 0.382976 0.060141 0.114103
4 0.269969 0.320598 0.060656 0.127446
4 0.229797 0.500543 0.075000 0.128804
4 0.355055 0.852799 0.064297 0.131141
4 0.418820 0.585584 0.067453 0.104701
4 0.345852 0.466630 0.053609 0.125272
4 0.439391 0.383451 0.064906 0.122935
1 0.370375 0.204239 0.063594 0.104076
1 0.553687 0.320421 0.063156 0.132147
1 0.595844 0.419592 0.070969 0.128315
1 0.566742 0.512283 0.059578 0.115435
1 0.568773 0.611345 0.065516 0.108016
1 0.282016 0.802799 0.080469 0.134239
1 0.305242 0.670109 0.074172 0.132500
1 0.297133 0.547283 0.066047 0.120543
3 0.328984 0.351399 0.066969 0.119755
3 0.288672 0.438207 0.067219 0.125815
3 0.248625 0.611168 0.073875 0.127337
3 0.243562 0.718981 0.077656 0.128723
3 0.351687 0.743043 0.079219 0.121033
3 0.412805 0.847446 0.078172 0.133696
3 0.489359 0.832690 0.084125 0.118750
3 0.525828 0.569361 0.051875 0.127310
3 0.474492 0.542011 0.068203 0.102174
3 0.475578 0.455965 0.072344 0.100951
3 0.409469 0.290380 0.074031 0.083370
