0 0.515367 0.222092 0.062859 0.123696
0 0.427078 0.176834 0.068125 0.098832
0 0.458133 0.244823 0.064516 0.122092
0 0.489563 0.325625 0.069625 0.124402
0 0.604531 0.560014 0.058219 0.116114
0 0.613625 0.669606 0.063281 0.127364
0 0.390945 0.666019 0.081203 0.093560
0 0.391664 0.475707 0.071766 0.121196
0 0.305695 0.239837 0.064141 0.130380
2 0.472766 0.642976 0.072000 0.133397
2 0.561945 0.720965 0.068734 0.118071
2 0.502797 0.728315 0.069875 0.132283
2 0.442563 0.749253 0.064187 0.120571
2 0.347859 0.591916 0.071438 0.134864
2 0.521555 0.426005 0.059391 0.128696
2 0.372133 0.374416 0.060141 0.114103
4 0.255531 0.321780 0.060656 0.127473
4 0.220562 0.489592 0.075000 0.128804
4 0.346219 0.849266 0.064281 0.131141
4 0.405398 0.579389 0.067453 0.104701
4 0.334977 0.458370 0.053609 0.125272
4 0.428625 0.376168 0.064906 0.122935
1 0.363219 0.219253 0.063594 0.104103
1 0.550406 0.330774 0.063156 0.132147
1 0.592445 0.426685 0.070953 0.128315
1 0.568773 0.512283 0.059578 0.115435
1 0.565328 0.617799 0.065531 0.107989
1 0.269609 0.803397 0.080469 0.134239
1 0.297430 0.670109 0.074172 0.132500
1 0.293617 0.548451 0.066047 0.120543
3 0.317766 0.351019 0.066969 0.119755
3 0.278594 0.436223 0.067219 0.125815
3 0.239109 0.599334 0.073875 0.127310
3 0.234352 0.711875 0.075672 0.128696
3 0.345234 0.737133 0.079219 0.121005
3 0.403625 0.840353 0.078156 0.133696
3 0.480547 0.829674 0.078750 0.110380
3 0.514844 0.564633 0.051875 0.127310
3 0.463953 0.539837 0.068219 0.102174
3 0.465375 0.448668 0.072344 0.100978
3 0.399266 0.285666 0.074031 0.083397
