3 0.424461 0.207329 0.056766 0.089083
4 0.542224 0.132685 0.061813 0.086574
3 0.487102 0.222829 0.049297 0.086861
4 0.463680 0.130824 0.054807 0.101815
0 0.208448 0.215250 0.046375 0.090667
0 0.263130 0.250755 0.053156 0.085917
0 0.293008 0.177769 0.055286 0.083796
0 0.344844 0.279106 0.065000 0.083306
1 0.289664 0.356722 0.043745 0.079944
1 0.219404 0.273278 0.041797 0.086130
0 0.256440 0.116644 0.049286 0.058361
0 0.303648 0.113977 0.042526 0.068731
1 0.245669 0.173514 0.043495 0.082472
3 0.338258 0.074287 0.051224 0.069185
3 0.393979 0.053995 0.057990 0.071769
1 0.335469 0.313403 0.045448 0.095139
4 0.285216 0.046046 0.056411 0.075685
4 0.441286 0.424745 0.049240 0.085861
2 0.508372 0.294574 0.044505 0.098648
1 0.391570 0.182319 0.045453 0.099324
3 0.462391 0.331431 0.053979 0.085861
3 0.338880 0.440019 0.059656 0.094278
4 0.338263 0.537935 0.071974 0.112796
1 0.396779 0.380134 0.044505 0.094269
3 0.592513 0.590542 0.065203 0.097194
3 0.482422 0.522403 0.071521 0.115120
3 0.845096 0.908639 0.084318 0.123148
1 0.227669 0.939120 0.076099 0.121759
4 0.340956 0.520380 0.062828 0.101389
0 0.282203 0.302759 0.044865 0.087500
3 0.638797 0.347227 0.055042 0.110269
1 0.561581 0.499972 0.048141 0.083907
1 0.523711 0.578829 0.055245 0.094769
1 0.554422 0.309250 0.057000 0.104778
2 0.465443 0.240889 0.057625 0.086778
2 0.223083 0.379801 0.053354 0.096250
2 0.329982 0.185745 0.055130 0.087676
2 0.371453 0.153940 0.050531 0.084509
2 0.443753 0.488667 0.059745 0.095704
3 0.367841 0.413190 0.059016 0.099491
3 0.530917 0.398968 0.063313 0.103065
3 0.423141 0.280426 0.056219 0.088833
