0 0.488180 0.214973 0.062859 0.137989
0 0.396320 0.172405 0.068109 0.098832
0 0.432984 0.245122 0.064500 0.122092
0 0.464922 0.325326 0.069625 0.124402
0 0.586023 0.558533 0.059609 0.116141
0 0.594594 0.667717 0.063281 0.127337
0 0.365125 0.677840 0.081188 0.093560
0 0.363344 0.482418 0.071750 0.121196
0 0.276461 0.226848 0.064141 0.130380
2 0.445047 0.643139 0.070031 0.132255
2 0.544500 0.726658 0.068750 0.128696
2 0.489203 0.740720 0.069875 0.132255
2 0.419867 0.754035 0.071078 0.120462
2 0.319312 0.600788 0.071438 0.134837
2 0.504227 0.422446 0.059391 0.128696
2 0.348687 0.372636 0.056719 0.112935
4 0.226266 0.320611 0.064813 0.127473
4 0.188844 0.503207 0.075000 0.128804
4 0.319711 0.865815 0.064297 0.131141
4 0.382633 0.584688 0.067453 0.104701
4 0.307109 0.465462 0.053594 0.125272
4 0.403484 0.379715 0.064906 0.122908
1 0.339281 0.203356 0.063594 0.104103
1 0.537047 0.316889 0.063156 0.132147
1 0.568656 0.420190 0.070969 0.128315
1 0.546180 0.506386 0.059578 0.115435
1 0.540867 0.618057 0.067641 0.105788
1 0.257031 0.821726 0.080469 0.134266
1 0.275680 0.688424 0.074172 0.132500
1 0.270281 0.563832 0.066031 0.120543
3 0.286500 0.352582 0.066969 0.119783
3 0.247555 0.439375 0.067203 0.125815
3 0.208516 0.614715 0.073875 0.127310
3 0.201766 0.729620 0.077656 0.128696
3 0.315312 0.750136 0.079219 0.121033
3 0.381539 0.855136 0.078172 0.133696
3 0.460812 0.842717 0.084125 0.118750
3 0.496266 0.571726 0.051875 0.127310
3 0.442547 0.542024 0.072969 0.096277
3 0.440234 0.451821 0.072344 0.100978
3 0.372086 0.283288 0.074016 0.083370
