0 0.533703 0.231563 0.066906 0.123723
0 0.448656 0.187758 0.068125 0.098832
0 0.482594 0.262867 0.064500 0.122092
0 0.513188 0.340693 0.069625 0.124375
0 0.631102 0.567201 0.058234 0.116141
0 0.637289 0.680720 0.065297 0.127364
0 0.416766 0.683166 0.077094 0.093560
0 0.412008 0.490707 0.071766 0.121196
0 0.330836 0.246929 0.064141 0.130380
2 0.484898 0.650068 0.072016 0.133397
2 0.585734 0.733166 0.068750 0.118071
2 0.528320 0.741929 0.066422 0.132228
2 0.457016 0.761318 0.064187 0.120571
2 0.366812 0.602867 0.071438 0.134864
2 0.543195 0.437038 0.059391 0.128696
2 0.395078 0.388886 0.060125 0.114130
4 0.281359 0.333601 0.060656 0.127473
4 0.244914 0.500245 0.075016 0.128804
4 0.370141 0.867717 0.064281 0.131141
4 0.430406 0.587649 0.067438 0.104701
4 0.359172 0.469239 0.053594 0.125272
4 0.450094 0.389402 0.064906 0.122935
1 0.382781 0.217038 0.063594 0.104076
1 0.565375 0.330285 0.063156 0.132147
1 0.606719 0.426101 0.070969 0.128288
1 0.576086 0.535462 0.059578 0.115435
1 0.579539 0.628383 0.065516 0.108016
1 0.292672 0.821209 0.080469 0.134266
1 0.316164 0.686332 0.074172 0.132500
1 0.309977 0.564293 0.066047 0.120543
3 0.341891 0.363519 0.066969 0.119755
3 0.302836 0.445272 0.067203 0.125815
3 0.262484 0.619688 0.073875 0.127310
3 0.258344 0.729620 0.075687 0.128696
3 0.363430 0.753043 0.075828 0.122283
3 0.425172 0.859144 0.078156 0.133723
3 0.503516 0.844457 0.078750 0.110380
3 0.538406 0.577636 0.051875 0.127337
3 0.485844 0.550408 0.068219 0.102174
3 0.486453 0.464226 0.072344 0.100951
3 0.421148 0.302690 0.074016 0.083370
