0 0.552789 0.132187 0.063609 0.109538
0 0.447813 0.083655 0.068125 0.095462
0 0.487734 0.162052 0.061719 0.124538
0 0.527187 0.262418 0.070844 0.127826
0 0.679484 0.523668 0.059625 0.116141
0 0.691766 0.665353 0.063281 0.127337
0 0.409297 0.660041 0.080625 0.101712
0 0.406156 0.429239 0.071750 0.121196
0 0.304641 0.147663 0.061375 0.120924
2 0.507953 0.626399 0.070781 0.132255
2 0.622484 0.732867 0.068750 0.128668
2 0.549719 0.737459 0.068469 0.118125
2 0.466430 0.759348 0.071078 0.120489
2 0.351938 0.567690 0.071438 0.134837
2 0.564547 0.364837 0.058719 0.128696
2 0.383703 0.309402 0.056719 0.112935
4 0.245984 0.242880 0.064812 0.127446
4 0.197000 0.447609 0.075000 0.131141
4 0.347023 0.899755 0.062234 0.145870
4 0.427125 0.550666 0.069437 0.095136
4 0.339055 0.406970 0.053609 0.125299
4 0.451367 0.313533 0.073047 0.108696
1 0.370359 0.126807 0.063594 0.104103
1 0.596406 0.258030 0.063156 0.133234
1 0.647039 0.372921 0.070953 0.128288
1 0.616180 0.467663 0.059578 0.115435
1 0.621727 0.600000 0.068953 0.118859
1 0.255328 0.847731 0.080469 0.134266
1 0.284180 0.668329 0.074172 0.132473
1 0.289242 0.514457 0.066047 0.120543
3 0.318102 0.278709 0.066953 0.119755
3 0.267938 0.383234 0.067219 0.125815
3 0.217016 0.584552 0.073875 0.127310
3 0.206516 0.723125 0.077656 0.128696
3 0.345219 0.749538 0.079219 0.121033
3 0.425734 0.884918 0.076094 0.136522
3 0.524352 0.868750 0.082734 0.118750
3 0.566953 0.532731 0.051875 0.127310
3 0.498953 0.501834 0.072969 0.096277
3 0.497328 0.398628 0.072344 0.100951
3 0.413875 0.207052 0.074031 0.083397
