0 0.529641 0.147595 0.062875 0.137962
0 0.432680 0.100829 0.068109 0.091712
0 0.465641 0.177704 0.061719 0.124538
0 0.502344 0.273370 0.066844 0.117174
0 0.632922 0.523655 0.059625 0.116114
0 0.639781 0.644660 0.063281 0.127364
0 0.397031 0.639674 0.078531 0.098207
0 0.393586 0.430109 0.071766 0.121196
0 0.299914 0.165666 0.064141 0.130408
2 0.483273 0.601291 0.070016 0.132255
2 0.581547 0.691793 0.068750 0.128696
2 0.518437 0.692255 0.069875 0.132283
2 0.449773 0.714728 0.071078 0.120489
2 0.351609 0.542867 0.071438 0.134864
2 0.536508 0.367188 0.059391 0.128668
2 0.375984 0.319239 0.056719 0.112935
4 0.249031 0.257948 0.064813 0.127473
4 0.210938 0.444389 0.075000 0.128777
4 0.345719 0.840679 0.064281 0.131141
4 0.415258 0.540367 0.067453 0.104701
4 0.334977 0.411685 0.053609 0.125272
4 0.437430 0.325041 0.073047 0.122908
1 0.367312 0.128003 0.063594 0.104103
1 0.571141 0.237486 0.063156 0.132147
1 0.607398 0.355177 0.070953 0.128288
1 0.584242 0.449049 0.059578 0.115435
1 0.580625 0.574334 0.067656 0.105788
1 0.271312 0.772663 0.080469 0.134239
1 0.294195 0.629321 0.074172 0.132500
1 0.292883 0.500571 0.066047 0.120543
3 0.314031 0.289932 0.066969 0.119755
3 0.269813 0.385897 0.067219 0.125815
3 0.230430 0.570978 0.073859 0.127337
3 0.225375 0.691495 0.077656 0.128696
3 0.343688 0.713193 0.079219 0.121005
3 0.411461 0.831780 0.076078 0.133723
3 0.490539 0.817310 0.082734 0.118750
3 0.532625 0.528573 0.051875 0.127310
3 0.476875 0.493560 0.072969 0.096304
3 0.475234 0.401875 0.072344 0.100978
3 0.402328 0.222704 0.074031 0.083397
