3 0.370052 0.256014 0.053208 0.084065
4 0.544971 0.199111 0.063786 0.104444
3 0.426333 0.233060 0.058948 0.097583
4 0.469266 0.214370 0.043490 0.082481
0 0.203328 0.236704 0.046375 0.072185
0 0.260341 0.277083 0.053161 0.085907
0 0.288010 0.213500 0.040594 0.083796
0 0.362789 0.184778 0.058953 0.070907
1 0.301898 0.280736 0.042526 0.067009
1 0.210406 0.289111 0.040594 0.096222
0 0.258891 0.153606 0.058958 0.049787
0 0.311201 0.166690 0.042526 0.068731
1 0.247130 0.198046 0.043490 0.082481
3 0.349742 0.128662 0.051224 0.056306
3 0.398307 0.130380 0.057990 0.071759
1 0.322557 0.227903 0.034792 0.068731
4 0.295133 0.097088 0.047359 0.068324
3 0.441393 0.938500 0.081526 0.123000
3 0.515302 0.573264 0.071521 0.115120
3 0.789094 0.849301 0.083427 0.124028
1 0.279716 0.815940 0.083120 0.132306
4 0.325404 0.564444 0.067651 0.109963
0 0.244260 0.335259 0.044865 0.087500
3 0.260612 0.449847 0.053151 0.103787
1 0.369620 0.421023 0.067271 0.092787
1 0.416388 0.466042 0.066109 0.098972
1 0.460023 0.410810 0.063786 0.111343
2 0.451302 0.309278 0.062438 0.085926
2 0.237734 0.518773 0.053354 0.096250
2 0.221310 0.368569 0.056193 0.105194
2 0.287878 0.347991 0.042339 0.089074
2 0.334984 0.361759 0.048885 0.080704
3 0.302307 0.425481 0.063792 0.101037
3 0.368495 0.495861 0.060031 0.104630
3 0.398047 0.316111 0.067094 0.088833
