0 0.509930 0.224457 0.062859 0.123696
0 0.423336 0.178614 0.068109 0.098859
0 0.454055 0.248954 0.064516 0.122092
0 0.485828 0.328573 0.069625 0.124375
0 0.602156 0.560598 0.058219 0.116141
0 0.610906 0.669144 0.063281 0.127364
0 0.384828 0.668383 0.081187 0.093560
0 0.385773 0.476495 0.071766 0.121196
0 0.301617 0.240435 0.064141 0.130380
2 0.470992 0.645992 0.072016 0.133397
2 0.560359 0.722921 0.068750 0.118071
2 0.496688 0.730082 0.069875 0.132283
2 0.439391 0.749253 0.064187 0.120571
2 0.343266 0.597405 0.071438 0.134864
2 0.518508 0.429538 0.059391 0.128696
2 0.370164 0.377840 0.060141 0.114103
4 0.254297 0.324361 0.060656 0.127473
4 0.216031 0.494321 0.075000 0.128804
4 0.341469 0.852799 0.064281 0.131141
4 0.404656 0.583247 0.067437 0.104701
4 0.330898 0.463098 0.053609 0.125272
4 0.421828 0.382079 0.064906 0.122908
1 0.362156 0.220285 0.063594 0.104103
1 0.549953 0.332541 0.063156 0.132147
1 0.592445 0.427880 0.070953 0.128315
1 0.569883 0.513071 0.059578 0.115435
1 0.562805 0.619158 0.065516 0.107989
1 0.265188 0.820530 0.080469 0.134266
1 0.294031 0.682514 0.074187 0.132473
1 0.287961 0.552609 0.066047 0.120543
3 0.312328 0.352595 0.066969 0.119755
3 0.272703 0.437011 0.067219 0.125815
3 0.235484 0.603274 0.073875 0.127310
3 0.230617 0.715435 0.075672 0.128696
3 0.341484 0.741264 0.079219 0.121005
3 0.400344 0.841332 0.078156 0.133696
3 0.477148 0.832242 0.078766 0.110353
3 0.512578 0.564633 0.051875 0.127310
3 0.458516 0.541413 0.068219 0.102174
3 0.462656 0.449457 0.072344 0.100978
3 0.395188 0.290394 0.074031 0.083397
