0 0.547773 0.113872 0.063609 0.109538
0 0.449883 0.074212 0.068109 0.094076
0 0.486984 0.149334 0.061719 0.124538
0 0.522500 0.234715 0.070844 0.127799
0 0.662836 0.474130 0.059609 0.116141
0 0.674234 0.600340 0.063281 0.127364
0 0.414344 0.598139 0.080625 0.101712
0 0.412820 0.386440 0.071766 0.121196
0 0.318711 0.132758 0.061359 0.120951
2 0.506000 0.567486 0.070781 0.132255
2 0.618062 0.653071 0.068750 0.128696
2 0.547656 0.662704 0.069875 0.132255
2 0.473617 0.683261 0.071078 0.120489
2 0.367422 0.505870 0.071438 0.134837
2 0.566328 0.328179 0.058719 0.128696
2 0.396047 0.266250 0.056719 0.112935
4 0.264531 0.216916 0.064812 0.127473
4 0.220336 0.409035 0.075016 0.131114
4 0.359938 0.810679 0.062250 0.145870
4 0.434820 0.498030 0.069422 0.095136
4 0.350062 0.357446 0.053594 0.125272
4 0.455555 0.281630 0.073047 0.108696
1 0.384313 0.093492 0.063594 0.104103
1 0.596859 0.225557 0.063156 0.133234
1 0.644367 0.323030 0.070953 0.128288
1 0.608883 0.412391 0.059578 0.115435
1 0.612719 0.536168 0.068969 0.118859
1 0.282047 0.762160 0.080469 0.134266
1 0.308461 0.596848 0.074172 0.132500
1 0.307117 0.462500 0.066047 0.120543
3 0.331633 0.247622 0.066953 0.119755
3 0.287156 0.340951 0.067219 0.125815
3 0.238422 0.522745 0.073875 0.127337
3 0.231797 0.647582 0.077656 0.128696
3 0.359172 0.675747 0.079219 0.121005
3 0.429703 0.800598 0.076094 0.136522
3 0.519664 0.782201 0.082734 0.118750
3 0.556344 0.483791 0.051875 0.127310
3 0.498797 0.448342 0.072969 0.096304
3 0.496813 0.353709 0.072344 0.100951
3 0.423508 0.179280 0.074016 0.083397
