0 0.338781 0.239742 0.075094 0.116929
0 0.318797 0.347405 0.071531 0.131766
0 0.360578 0.441223 0.077844 0.134837
0 0.415859 0.626033 0.072719 0.115978
0 0.679672 0.415408 0.065406 0.136793
0 0.611484 0.604959 0.071844 0.140190
0 0.549555 0.561549 0.066672 0.124565
0 0.505172 0.849579 0.080219 0.148397
0 0.428992 0.871793 0.076766 0.139130
3 0.450109 0.085639 0.077094 0.108886
3 0.393203 0.165734 0.077125 0.120380
3 0.449281 0.300965 0.062781 0.129158
3 0.434828 0.412418 0.068813 0.122500
3 0.563773 0.152921 0.074859 0.133234
3 0.607039 0.228207 0.075797 0.128533
3 0.666375 0.293139 0.071063 0.121821
3 0.493516 0.508505 0.076438 0.118370
3 0.487148 0.627527 0.070234 0.126793
3 0.359344 0.679022 0.071937 0.124185
3 0.364680 0.798207 0.080578 0.121304
4 0.558938 0.447418 0.069906 0.122065
4 0.625602 0.491562 0.072922 0.128016
4 0.661516 0.711495 0.078906 0.139348
4 0.350477 0.559185 0.077016 0.125272
4 0.504945 0.293057 0.075391 0.127201
4 0.521148 0.232364 0.076047 0.107554
2 0.529836 0.031848 0.077016 0.060870
2 0.516195 0.120149 0.072266 0.134212
2 0.385656 0.326739 0.076375 0.133043
2 0.453609 0.742242 0.075875 0.134375
2 0.580508 0.792853 0.077828 0.140924
2 0.273930 0.570992 0.078453 0.135679
1 0.256414 0.455163 0.079172 0.118967
1 0.287086 0.705272 0.080422 0.140489
1 0.542437 0.685516 0.068594 0.124185
1 0.459305 0.184688 0.072859 0.118071
1 0.584773 0.087717 0.072203 0.110163
1 0.619766 0.368438 0.060969 0.134321
1 0.562141 0.341223 0.064813 0.128967
1 0.499078 0.394742 0.076844 0.103614
2 0.417484 0.515245 0.076156 0.116739
