0 0.539531 0.237636 0.063625 0.109511
0 0.446617 0.192418 0.068109 0.094076
0 0.480297 0.266889 0.061719 0.124538
0 0.514016 0.353329 0.062062 0.106603
0 0.639047 0.583342 0.059625 0.116141
0 0.646234 0.706332 0.063281 0.127337
0 0.413031 0.701997 0.080625 0.101712
0 0.410477 0.502636 0.071766 0.121196
0 0.323969 0.258220 0.061375 0.120951
2 0.495906 0.671563 0.070781 0.132255
2 0.592078 0.755027 0.068750 0.128696
2 0.527266 0.752541 0.069875 0.132255
2 0.461258 0.779117 0.071078 0.120462
2 0.367234 0.610829 0.071438 0.134864
2 0.540594 0.435462 0.058719 0.128696
2 0.389469 0.390353 0.056719 0.112935
4 0.272281 0.341318 0.064812 0.127473
4 0.233023 0.510856 0.075016 0.131114
4 0.363555 0.893261 0.062234 0.145870
4 0.429508 0.601780 0.069422 0.095136
4 0.355094 0.483913 0.053594 0.125272
4 0.447625 0.397473 0.073062 0.108696
1 0.379625 0.218981 0.063594 0.104103
1 0.574953 0.343084 0.063156 0.132147
1 0.614945 0.435312 0.070953 0.128288
1 0.589000 0.522935 0.059594 0.115435
1 0.588422 0.632799 0.068969 0.118859
1 0.289656 0.830000 0.080469 0.134239
1 0.313742 0.699063 0.074172 0.132473
1 0.317180 0.568560 0.066047 0.120543
3 0.336117 0.370326 0.066953 0.119783
3 0.295125 0.455163 0.067219 0.125815
3 0.252688 0.634796 0.073875 0.127310
3 0.248656 0.746168 0.077656 0.128696
3 0.360125 0.781495 0.079219 0.121033
3 0.426078 0.884918 0.076094 0.136522
3 0.506336 0.871087 0.082734 0.118750
3 0.543156 0.598913 0.051875 0.127337
3 0.490125 0.562106 0.072969 0.096277
3 0.488484 0.474280 0.072344 0.100951
3 0.420031 0.310910 0.074031 0.083397
