0 0.511516 0.239035 0.062875 0.123723
0 0.420109 0.199592 0.068125 0.098859
0 0.455414 0.271128 0.064516 0.122092
0 0.488711 0.352514 0.069641 0.124375
0 0.605047 0.576277 0.058219 0.116141
0 0.611578 0.681889 0.063281 0.127364
0 0.388906 0.692024 0.081188 0.093560
0 0.385086 0.496603 0.071766 0.121196
0 0.302977 0.252840 0.064141 0.130408
2 0.474945 0.660598 0.072016 0.133370
2 0.561484 0.743804 0.068750 0.118043
2 0.501437 0.744266 0.069875 0.132283
2 0.436531 0.764035 0.066281 0.121766
2 0.351594 0.610829 0.071438 0.134864
2 0.521227 0.436630 0.059391 0.128696
2 0.372820 0.388601 0.060141 0.114103
4 0.255875 0.339511 0.060656 0.127446
4 0.219422 0.510870 0.075000 0.128804
4 0.341469 0.877636 0.064281 0.131141
4 0.406078 0.595938 0.067438 0.104701
4 0.333617 0.474321 0.053609 0.125272
4 0.425906 0.398628 0.064906 0.122908
1 0.361031 0.225802 0.063594 0.104103
1 0.548141 0.339633 0.063156 0.132147
1 0.595844 0.432011 0.070969 0.128315
1 0.579586 0.520734 0.059578 0.115435
1 0.563680 0.626413 0.065516 0.107989
1 0.272328 0.834715 0.080469 0.134266
1 0.300148 0.693166 0.074172 0.132473
1 0.298836 0.574457 0.066047 0.120543
3 0.315727 0.369144 0.066953 0.119755
3 0.274062 0.455924 0.067219 0.125815
3 0.238422 0.630068 0.073875 0.127310
3 0.232313 0.730204 0.075688 0.128723
3 0.343875 0.758410 0.079219 0.121005
3 0.403969 0.865761 0.078156 0.133696
3 0.477148 0.855095 0.078766 0.110353
3 0.517344 0.582364 0.051875 0.127337
3 0.461922 0.557962 0.068219 0.102174
3 0.464703 0.468370 0.072344 0.100978
3 0.396547 0.305747 0.074031 0.083397
