0 0.507211 0.228342 0.062859 0.123696
0 0.420305 0.188614 0.068109 0.098859
0 0.450266 0.261155 0.064500 0.122092
0 0.483766 0.340190 0.069625 0.124402
0 0.600969 0.566984 0.058219 0.116141
0 0.608688 0.676875 0.063281 0.127337
0 0.385703 0.679688 0.081187 0.093560
0 0.382148 0.482799 0.071766 0.121196
0 0.299086 0.249130 0.064141 0.130380
2 0.472977 0.653302 0.072016 0.133397
2 0.558773 0.731508 0.068734 0.118071
2 0.498266 0.737174 0.069875 0.132283
2 0.434719 0.754688 0.065031 0.121060
2 0.339797 0.605136 0.071438 0.134837
2 0.517820 0.433098 0.059391 0.128696
2 0.366695 0.385041 0.060141 0.114103
4 0.252328 0.330394 0.060656 0.127473
4 0.216320 0.502772 0.075016 0.128804
4 0.340648 0.866522 0.064297 0.131141
4 0.403664 0.590679 0.067453 0.104728
4 0.330508 0.468505 0.053609 0.125272
4 0.423484 0.389171 0.064906 0.122908
1 0.360047 0.222405 0.063594 0.104103
1 0.549047 0.336101 0.063156 0.132147
1 0.592445 0.430245 0.070953 0.128315
1 0.577070 0.516386 0.059578 0.115435
1 0.561414 0.622473 0.065516 0.107989
1 0.264594 0.826848 0.080469 0.134239
1 0.294578 0.692215 0.074188 0.132473
1 0.286602 0.562826 0.066047 0.120543
3 0.309609 0.360068 0.066969 0.119755
3 0.271117 0.446087 0.067203 0.125815
3 0.234484 0.614932 0.073875 0.127310
3 0.225719 0.724891 0.075688 0.128696
3 0.336672 0.749198 0.079219 0.121005
3 0.396102 0.852758 0.078172 0.133723
3 0.477148 0.841386 0.078766 0.110380
3 0.511219 0.575272 0.051875 0.127337
3 0.460102 0.549565 0.068203 0.102174
3 0.461578 0.461046 0.072344 0.100951
3 0.392922 0.297486 0.074031 0.083397
