0 0.531336 0.140503 0.062859 0.137962
0 0.433359 0.090774 0.068125 0.091712
0 0.467344 0.167649 0.061719 0.124538
0 0.502688 0.263329 0.066844 0.117201
0 0.631906 0.515978 0.059625 0.116141
0 0.640469 0.638166 0.063281 0.127364
0 0.396703 0.632880 0.078531 0.098207
0 0.394258 0.424783 0.071766 0.121196
0 0.300602 0.156793 0.064141 0.130380
2 0.483609 0.592405 0.070031 0.132255
2 0.582047 0.682038 0.068750 0.128696
2 0.519969 0.682514 0.069875 0.132255
2 0.449773 0.707052 0.071078 0.120462
2 0.351609 0.535774 0.071438 0.134864
2 0.537195 0.363043 0.059391 0.128696
2 0.376891 0.308804 0.056719 0.112935
4 0.251078 0.251644 0.064813 0.127473
4 0.212297 0.437011 0.075000 0.128804
4 0.344695 0.833016 0.064297 0.131141
4 0.416953 0.533872 0.067437 0.104701
4 0.336680 0.401060 0.053609 0.125272
4 0.438117 0.314701 0.073047 0.115815
1 0.367656 0.126223 0.063594 0.104076
1 0.571375 0.234742 0.063156 0.132147
1 0.609266 0.346617 0.070969 0.128288
1 0.584586 0.444022 0.059578 0.115435
1 0.581305 0.566060 0.067641 0.105815
1 0.271312 0.771481 0.080469 0.134266
1 0.295898 0.626957 0.074172 0.132500
1 0.294586 0.492310 0.066047 0.120543
3 0.315609 0.283628 0.066969 0.119755
3 0.271000 0.377337 0.067219 0.125815
3 0.232297 0.563302 0.073875 0.127310
3 0.226234 0.684103 0.077656 0.128696
3 0.344711 0.707867 0.079234 0.121005
3 0.410789 0.825285 0.076078 0.133723
3 0.490195 0.809049 0.082734 0.118750
3 0.532398 0.521101 0.051891 0.127310
3 0.477547 0.484891 0.072969 0.096304
3 0.475234 0.394497 0.072344 0.100951
3 0.404031 0.216508 0.074031 0.083397
