0 0.520578 0.226386 0.063625 0.109511
0 0.436422 0.191060 0.068125 0.094076
0 0.463187 0.260584 0.061719 0.124538
0 0.495258 0.329946 0.066078 0.103152
0 0.613039 0.530041 0.059609 0.116114
0 0.623812 0.640421 0.063281 0.127364
0 0.403266 0.639796 0.080625 0.101712
0 0.398984 0.460543 0.071750 0.121196
0 0.319492 0.240014 0.061359 0.120951
2 0.481891 0.611372 0.070781 0.132255
2 0.571766 0.689565 0.068750 0.128696
2 0.514563 0.693818 0.069875 0.132255
2 0.450281 0.709687 0.071094 0.120462
2 0.357125 0.563845 0.071438 0.134864
2 0.526914 0.412989 0.058703 0.128696
2 0.384156 0.363886 0.056719 0.112935
4 0.273844 0.318682 0.064812 0.127473
4 0.235656 0.467704 0.075000 0.131114
4 0.355750 0.822337 0.062250 0.145870
4 0.419594 0.554253 0.069437 0.095136
4 0.348234 0.442133 0.053594 0.125299
4 0.439102 0.367690 0.073047 0.108696
1 0.381406 0.216793 0.063594 0.104076
1 0.551664 0.309688 0.063141 0.133234
1 0.594141 0.401726 0.070969 0.128288
1 0.573336 0.476005 0.059578 0.115435
1 0.568281 0.581087 0.068969 0.118859
1 0.287875 0.773003 0.080469 0.134266
1 0.311242 0.632269 0.074172 0.132473
1 0.313555 0.523641 0.066047 0.120543
3 0.329914 0.345204 0.066953 0.119755
3 0.292914 0.416630 0.067203 0.125815
3 0.256883 0.573329 0.073859 0.127310
3 0.248844 0.685543 0.077656 0.128696
3 0.355078 0.703628 0.079219 0.121005
3 0.416727 0.808886 0.076078 0.136522
3 0.496586 0.791658 0.082734 0.118750
3 0.527531 0.538628 0.051875 0.127310
3 0.475094 0.513057 0.072969 0.096277
3 0.472687 0.431277 0.072344 0.100978
3 0.410398 0.289647 0.074016 0.083370
