0 0.490883 0.240204 0.058641 0.106277
0 0.405289 0.205326 0.059328 0.091630
0 0.435609 0.272976 0.057187 0.111440
0 0.467211 0.350598 0.060922 0.112717
0 0.584305 0.566630 0.050047 0.102717
0 0.590961 0.676386 0.055891 0.115652
0 0.374609 0.681168 0.067656 0.084946
0 0.372555 0.496304 0.062172 0.108696
0 0.290141 0.265299 0.053844 0.114511
2 0.450219 0.647840 0.062406 0.108179
2 0.540078 0.720014 0.057437 0.094158
2 0.483625 0.733098 0.051562 0.096902
2 0.418805 0.751984 0.056766 0.106141
2 0.330859 0.606332 0.051438 0.111413
2 0.498359 0.435299 0.051719 0.106359
2 0.353883 0.397446 0.047234 0.100163
4 0.244531 0.345815 0.059375 0.110978
4 0.210305 0.513492 0.065484 0.112201
4 0.329922 0.861644 0.050250 0.117038
4 0.388797 0.593668 0.062031 0.092065
4 0.318727 0.476889 0.046453 0.111495
4 0.409625 0.398261 0.059438 0.103152
1 0.345734 0.239212 0.053031 0.096087
1 0.524820 0.335299 0.053422 0.105435
1 0.566430 0.431658 0.060484 0.084565
1 0.540695 0.518383 0.045766 0.086168
1 0.540922 0.622228 0.060688 0.096576
1 0.261313 0.815842 0.060094 0.094402
1 0.283500 0.684783 0.059187 0.091196
1 0.278867 0.562853 0.051578 0.107717
3 0.305039 0.373247 0.057891 0.108886
3 0.263484 0.455421 0.058469 0.104484
3 0.229281 0.621155 0.062938 0.110571
3 0.223313 0.729076 0.064406 0.104891
3 0.326094 0.748601 0.066875 0.104103
3 0.388406 0.849715 0.061562 0.114212
3 0.460992 0.835217 0.067391 0.093207
3 0.495258 0.575557 0.044859 0.112310
3 0.443672 0.551168 0.062031 0.083587
3 0.444609 0.468111 0.062344 0.082038
3 0.379180 0.314022 0.065203 0.082065
