0 0.527070 0.139402 0.065984 0.109511
0 0.435039 0.101318 0.068109 0.095462
0 0.466758 0.168927 0.059328 0.125625
0 0.502031 0.250978 0.070844 0.127826
0 0.635383 0.477622 0.059266 0.119266
0 0.644297 0.601848 0.063281 0.130978
0 0.404516 0.605924 0.078750 0.095815
0 0.400234 0.405082 0.067750 0.121196
0 0.308281 0.165109 0.061375 0.130652
2 0.484773 0.576943 0.071734 0.115625
2 0.586031 0.650285 0.068750 0.110734
2 0.521883 0.663043 0.056547 0.114946
2 0.453406 0.687948 0.067187 0.121386
2 0.354414 0.528587 0.061734 0.128533
2 0.538289 0.344090 0.055922 0.119810
2 0.380938 0.296916 0.051750 0.100897
4 0.255758 0.250312 0.066484 0.127473
4 0.218375 0.427038 0.074219 0.121250
4 0.352828 0.802527 0.057656 0.126848
4 0.420695 0.511929 0.069422 0.101087
4 0.339781 0.386250 0.053594 0.118587
4 0.438656 0.302486 0.067250 0.120408
1 0.369047 0.138845 0.063594 0.104103
1 0.565469 0.235027 0.055656 0.105978
1 0.610719 0.335856 0.065313 0.106440
1 0.581383 0.429715 0.054078 0.093234
1 0.588281 0.539769 0.065625 0.104864
1 0.275828 0.754688 0.061906 0.100190
1 0.302000 0.614076 0.072813 0.111141
1 0.299828 0.481535 0.056406 0.118288
3 0.321578 0.283329 0.066969 0.125136
3 0.279625 0.367609 0.065156 0.128804
3 0.239047 0.540408 0.072313 0.115924
3 0.233828 0.662052 0.077656 0.122201
3 0.350547 0.682418 0.079219 0.119022
3 0.419914 0.791630 0.073516 0.130978
3 0.501516 0.776250 0.076719 0.104891
3 0.535734 0.491535 0.051875 0.132310
3 0.479234 0.466997 0.072969 0.091277
3 0.477922 0.374185 0.072344 0.091576
3 0.406234 0.210258 0.074594 0.085842
