0 0.531000 0.225054 0.062875 0.123696
0 0.443898 0.185992 0.068109 0.098832
0 0.473422 0.255761 0.064500 0.122120
0 0.509437 0.334783 0.069625 0.124402
0 0.622719 0.561495 0.058219 0.116141
0 0.629586 0.671264 0.065297 0.127364
0 0.411680 0.671929 0.081203 0.093587
0 0.410922 0.480054 0.071750 0.121196
0 0.323711 0.236875 0.064141 0.130380
2 0.487039 0.644552 0.072016 0.133397
2 0.577797 0.724307 0.068750 0.118071
2 0.520813 0.729198 0.069875 0.132255
2 0.454742 0.751916 0.064203 0.120571
2 0.366219 0.591929 0.071438 0.134837
2 0.536336 0.426291 0.059391 0.128668
2 0.391508 0.376182 0.060141 0.114103
4 0.278297 0.321182 0.060656 0.127473
4 0.241172 0.494620 0.075000 0.128804
4 0.365594 0.850435 0.064281 0.131141
4 0.424938 0.581454 0.067438 0.104701
4 0.357234 0.463682 0.053594 0.125299
4 0.448328 0.378533 0.064906 0.122935
1 0.376828 0.212812 0.063594 0.104103
1 0.563547 0.329008 0.063156 0.132147
1 0.601617 0.419008 0.070953 0.128288
1 0.577781 0.512880 0.059594 0.115435
1 0.576758 0.618723 0.065516 0.107989
1 0.287625 0.806644 0.080469 0.134266
1 0.315617 0.673655 0.074172 0.132473
1 0.309703 0.551114 0.066031 0.120543
3 0.336453 0.353193 0.066969 0.119755
3 0.296484 0.437609 0.067219 0.125815
3 0.260172 0.602894 0.073875 0.127310
3 0.252703 0.718967 0.075687 0.128696
3 0.365281 0.740679 0.079219 0.121033
3 0.423000 0.841535 0.078156 0.133723
3 0.497195 0.829674 0.078766 0.110380
3 0.533484 0.569063 0.051875 0.127310
3 0.481969 0.537283 0.068219 0.102174
3 0.483734 0.456549 0.072344 0.100978
3 0.416250 0.292758 0.074031 0.083397
