0 0.529492 0.099185 0.065984 0.115000
0 0.435219 0.059891 0.068125 0.098533
0 0.467797 0.132446 0.063469 0.128152
0 0.504031 0.218859 0.070844 0.127826
0 0.638805 0.452690 0.060703 0.119239
0 0.646266 0.578478 0.063281 0.130978
0 0.404234 0.580842 0.080625 0.095815
0 0.399937 0.373179 0.067750 0.121196
0 0.305414 0.125734 0.061359 0.130652
2 0.484617 0.549592 0.071734 0.115652
2 0.586750 0.625679 0.068750 0.110761
2 0.522391 0.634823 0.054688 0.103614
2 0.453086 0.657690 0.063922 0.112500
2 0.353172 0.497908 0.059844 0.130978
2 0.540328 0.311495 0.055937 0.119837
2 0.379188 0.273043 0.051750 0.109728
4 0.254766 0.213220 0.066469 0.127473
4 0.217203 0.396399 0.074219 0.128016
4 0.352187 0.776318 0.057656 0.127636
4 0.418773 0.484457 0.069422 0.101087
4 0.339242 0.353995 0.053609 0.125815
4 0.439758 0.270313 0.067234 0.120408
1 0.367125 0.096236 0.063594 0.104103
1 0.567234 0.200109 0.055656 0.105978
1 0.612547 0.303533 0.065313 0.106467
1 0.584047 0.403777 0.048438 0.101467
1 0.587172 0.513247 0.065625 0.104864
1 0.272820 0.726182 0.061016 0.095571
1 0.299141 0.582935 0.072812 0.111141
1 0.297922 0.454660 0.056406 0.118288
3 0.321781 0.245054 0.066969 0.125163
3 0.277961 0.334130 0.065141 0.128804
3 0.236648 0.514144 0.073203 0.116712
3 0.231813 0.634198 0.077656 0.123777
3 0.348664 0.656033 0.079234 0.119022
3 0.419734 0.766630 0.074062 0.130978
3 0.500969 0.752201 0.076719 0.104891
3 0.536031 0.465313 0.051875 0.132310
3 0.478453 0.439293 0.072969 0.098641
3 0.478328 0.343614 0.072344 0.091576
3 0.405922 0.176929 0.074594 0.091576
