0 0.490500 0.239565 0.057875 0.107554
0 0.404734 0.204457 0.058219 0.089891
0 0.435172 0.271372 0.055938 0.110734
0 0.466609 0.348315 0.060469 0.111196
0 0.583164 0.563995 0.050953 0.103098
0 0.590148 0.674076 0.055016 0.116576
0 0.374609 0.679429 0.067656 0.088424
0 0.372094 0.496087 0.062781 0.108696
0 0.291266 0.264321 0.052094 0.114293
2 0.450094 0.643872 0.062281 0.106766
2 0.540078 0.717351 0.058813 0.091440
2 0.483242 0.731046 0.051578 0.100353
2 0.418977 0.749375 0.058922 0.105272
2 0.330758 0.602446 0.051297 0.104130
2 0.498359 0.434171 0.051719 0.102527
2 0.354164 0.395503 0.047922 0.097473
4 0.244844 0.345163 0.060000 0.112283
4 0.210398 0.512269 0.064672 0.114647
4 0.329289 0.858886 0.050766 0.117663
4 0.388555 0.591005 0.063266 0.093098
4 0.318914 0.475041 0.047547 0.113016
4 0.409438 0.396304 0.060563 0.101522
1 0.345672 0.239321 0.052906 0.095217
1 0.524273 0.333084 0.053203 0.104701
1 0.564297 0.430503 0.060875 0.085245
1 0.539516 0.518519 0.045125 0.085951
1 0.538813 0.620353 0.059500 0.097772
1 0.260773 0.808342 0.059391 0.092011
1 0.283062 0.684457 0.060813 0.091848
1 0.280586 0.558777 0.048891 0.104565
3 0.304570 0.371413 0.056953 0.106848
3 0.264172 0.454334 0.058094 0.105353
3 0.229469 0.618030 0.063313 0.110516
3 0.224187 0.726889 0.064031 0.109212
3 0.326094 0.745285 0.066875 0.103777
3 0.388789 0.846630 0.061578 0.115435
3 0.460656 0.832717 0.068094 0.093207
3 0.494977 0.573587 0.044672 0.113152
3 0.443672 0.548370 0.062031 0.083424
3 0.444609 0.465625 0.062344 0.081630
3 0.379563 0.313152 0.065438 0.082065
