0 0.474250 0.209063 0.062875 0.137962
0 0.384086 0.161467 0.068109 0.098859
0 0.419047 0.238030 0.064500 0.122092
0 0.449125 0.318247 0.069625 0.124375
0 0.568016 0.541984 0.059625 0.116141
0 0.573516 0.655897 0.063281 0.127337
0 0.352891 0.663655 0.081188 0.093560
0 0.349406 0.467636 0.071750 0.121196
0 0.262539 0.228016 0.064141 0.130380
2 0.429070 0.643383 0.070016 0.132255
2 0.519016 0.692677 0.068750 0.128668
2 0.465641 0.719049 0.069875 0.132283
2 0.398570 0.741821 0.071078 0.120489
2 0.306063 0.586019 0.071438 0.134864
2 0.480609 0.411522 0.059375 0.128696
2 0.331953 0.363329 0.059281 0.113832
4 0.215070 0.309959 0.062734 0.127473
4 0.177289 0.485462 0.075016 0.128804
4 0.302891 0.851630 0.064281 0.131141
4 0.365641 0.575829 0.067437 0.104701
4 0.293516 0.450082 0.053594 0.125272
4 0.387625 0.370448 0.064906 0.122908
1 0.322547 0.198193 0.063594 0.104103
1 0.508844 0.306834 0.063156 0.132147
1 0.549625 0.411332 0.070969 0.128315
1 0.526086 0.506386 0.059578 0.115435
1 0.520859 0.611644 0.065531 0.108016
1 0.232563 0.801617 0.080469 0.134266
1 0.252234 0.668927 0.074187 0.132473
1 0.248195 0.538723 0.066047 0.120543
3 0.275633 0.338397 0.066953 0.119783
3 0.235828 0.432011 0.067219 0.125815
3 0.197313 0.605258 0.073875 0.127310
3 0.191906 0.715136 0.077656 0.128696
3 0.302406 0.733587 0.079219 0.121033
3 0.363867 0.839171 0.078172 0.133723
3 0.441789 0.825000 0.084141 0.118750
3 0.477125 0.553601 0.051875 0.127310
3 0.423859 0.526046 0.072969 0.096277
3 0.424156 0.439008 0.072344 0.100951
3 0.357469 0.275611 0.074031 0.083397
