0 0.544289 0.246726 0.063609 0.109538
0 0.448656 0.202174 0.068125 0.094076
0 0.478891 0.279552 0.061719 0.124538
0 0.514078 0.362052 0.062063 0.106603
0 0.648055 0.616440 0.059609 0.116141
0 0.652359 0.739823 0.063281 0.127364
0 0.413375 0.741617 0.080625 0.101712
0 0.408703 0.527337 0.071750 0.121196
0 0.322148 0.264973 0.061359 0.120924
2 0.496562 0.677514 0.070781 0.132255
2 0.599891 0.795503 0.068750 0.128668
2 0.528797 0.778546 0.069875 0.132255
2 0.461445 0.806236 0.071078 0.120462
2 0.368250 0.643628 0.071438 0.134864
2 0.547555 0.455842 0.059391 0.128696
2 0.392188 0.407500 0.056719 0.112935
4 0.267734 0.353111 0.064812 0.127473
4 0.228945 0.535095 0.075016 0.129973
4 0.355570 0.929524 0.062234 0.140951
4 0.432055 0.637840 0.069422 0.095136
4 0.355164 0.508030 0.053609 0.125299
4 0.449836 0.416984 0.073047 0.108696
1 0.379969 0.214389 0.063594 0.104103
1 0.575688 0.353247 0.063156 0.132147
1 0.621703 0.453166 0.070969 0.128288
1 0.592742 0.548342 0.059578 0.115435
1 0.593859 0.661168 0.068969 0.118859
1 0.286172 0.873437 0.080469 0.134266
1 0.314414 0.739253 0.074172 0.132473
1 0.312430 0.597500 0.066047 0.120543
3 0.331187 0.382649 0.066969 0.119755
3 0.288578 0.472799 0.067219 0.125815
3 0.242500 0.665720 0.073875 0.127310
3 0.236313 0.790679 0.077656 0.128696
3 0.359492 0.809823 0.079234 0.121005
3 0.423023 0.925095 0.076078 0.136549
3 0.508039 0.918967 0.082734 0.118750
3 0.545875 0.627283 0.051875 0.127337
3 0.491938 0.593628 0.072969 0.096277
3 0.489844 0.497731 0.072344 0.100951
3 0.421422 0.316970 0.074031 0.083397
