4 0.558906 0.346834 0.082906 0.119484
0 0.346367 0.330815 0.087578 0.129402
0 0.315914 0.465258 0.079703 0.142364
0 0.363187 0.578750 0.086219 0.142663
0 0.416906 0.809565 0.078781 0.139022
0 0.728203 0.584606 0.070937 0.150734
0 0.641766 0.811957 0.078594 0.155761
0 0.572922 0.750965 0.074219 0.142853
0 0.511586 0.990435 0.087609 0.019130
0 0.421906 0.994457 0.084281 0.011087
3 0.482266 0.159742 0.084844 0.123288
3 0.409844 0.243451 0.083687 0.128152
3 0.473586 0.426046 0.072984 0.142255
3 0.445969 0.552160 0.074594 0.140353
3 0.607836 0.264280 0.078891 0.133234
3 0.653844 0.350177 0.081250 0.137962
3 0.717391 0.437826 0.081594 0.132446
3 0.512125 0.675937 0.087312 0.136223
3 0.497438 0.808832 0.080500 0.148043
3 0.352555 0.864008 0.082734 0.148071
3 0.351219 0.965353 0.086562 0.069293
4 0.590852 0.614986 0.074141 0.143016
4 0.664914 0.671399 0.080484 0.147636
4 0.693102 0.927908 0.090422 0.144185
4 0.344422 0.719742 0.086594 0.150136
4 0.542102 0.428967 0.085109 0.140163
2 0.576227 0.083220 0.081328 0.119212
2 0.555555 0.211943 0.078047 0.141277
2 0.395742 0.439076 0.084297 0.142446
2 0.456258 0.933614 0.087422 0.132772
2 0.597898 0.967690 0.083328 0.064620
2 0.255063 0.718560 0.089688 0.150815
1 0.239734 0.579470 0.092750 0.126875
1 0.265234 0.879076 0.093281 0.164728
1 0.559945 0.889715 0.075328 0.154973
1 0.491367 0.285720 0.077922 0.129266
1 0.637500 0.187120 0.077688 0.128043
1 0.663469 0.522296 0.065500 0.146712
1 0.598617 0.482391 0.074359 0.136087
1 0.524141 0.545204 0.078906 0.122092
2 0.424812 0.680965 0.082531 0.135299
