0 0.522469 0.227935 0.063625 0.109511
0 0.435930 0.191576 0.068109 0.094076
0 0.467797 0.260177 0.061719 0.124538
0 0.500023 0.333587 0.063578 0.105272
0 0.618062 0.551902 0.059625 0.116141
0 0.629563 0.659185 0.063281 0.127337
0 0.404578 0.660326 0.080625 0.101739
0 0.400656 0.469375 0.071750 0.121196
0 0.317469 0.245109 0.061375 0.120924
2 0.483625 0.631712 0.070781 0.132228
2 0.573656 0.704049 0.068750 0.128696
2 0.516531 0.709416 0.069875 0.132255
2 0.450867 0.733166 0.071078 0.120462
2 0.357750 0.581495 0.071438 0.134837
2 0.529188 0.423940 0.058719 0.128696
2 0.384750 0.372065 0.056719 0.112935
4 0.270609 0.328791 0.064813 0.127473
4 0.233812 0.491386 0.075000 0.131141
4 0.355836 0.843451 0.062234 0.145870
4 0.421320 0.571155 0.069422 0.095136
4 0.350883 0.459334 0.053609 0.125299
4 0.441211 0.375326 0.073047 0.108696
1 0.379781 0.224864 0.063594 0.104076
1 0.552859 0.322092 0.063156 0.132500
1 0.598711 0.409918 0.070953 0.128315
1 0.574898 0.485815 0.059578 0.115435
1 0.572016 0.596318 0.068969 0.118886
1 0.285188 0.803560 0.080469 0.134239
1 0.303961 0.658193 0.074172 0.132473
1 0.300055 0.532092 0.066047 0.120543
3 0.329453 0.353546 0.066969 0.119755
3 0.289859 0.436984 0.067219 0.125815
3 0.250531 0.597690 0.073875 0.127337
3 0.242531 0.710707 0.077656 0.128696
3 0.356063 0.732038 0.079219 0.121033
3 0.416633 0.836454 0.076078 0.136549
3 0.492070 0.816739 0.082734 0.118750
3 0.527906 0.553438 0.051875 0.127310
3 0.477797 0.528397 0.072969 0.096304
3 0.475219 0.441916 0.072344 0.100951
3 0.410586 0.291970 0.074016 0.083397
