0 0.564680 0.088451 0.063609 0.109511
0 0.460898 0.049402 0.068109 0.098804
0 0.498953 0.119796 0.061719 0.124538
0 0.540445 0.218397 0.070859 0.127826
0 0.690695 0.475788 0.059609 0.116141
0 0.700609 0.613342 0.063281 0.127337
0 0.422547 0.614524 0.080625 0.101712
0 0.418617 0.386277 0.071766 0.121196
0 0.319258 0.103913 0.061359 0.120924
2 0.517469 0.585367 0.070781 0.132255
2 0.633531 0.680557 0.068750 0.128668
2 0.559234 0.688696 0.068469 0.118098
2 0.482398 0.707921 0.071078 0.120462
2 0.363844 0.526902 0.071438 0.134837
2 0.577297 0.331141 0.058719 0.128696
2 0.394234 0.272459 0.056719 0.112962
4 0.259578 0.202405 0.064813 0.127473
4 0.211273 0.400910 0.075016 0.131114
4 0.363336 0.843016 0.062234 0.145870
4 0.439016 0.504851 0.069437 0.095136
4 0.351969 0.357908 0.053594 0.125272
4 0.464164 0.271766 0.073047 0.108696
1 0.388875 0.089878 0.063594 0.104103
1 0.608391 0.226345 0.063156 0.133234
1 0.654969 0.337459 0.070969 0.128288
1 0.626383 0.429144 0.059578 0.115462
1 0.627164 0.561875 0.068953 0.118859
1 0.275703 0.791196 0.080469 0.134239
1 0.299805 0.622514 0.074172 0.132473
1 0.302914 0.474293 0.066047 0.120543
3 0.331359 0.237935 0.066969 0.119783
3 0.282211 0.335380 0.067203 0.125815
3 0.229586 0.533139 0.073859 0.127310
3 0.220109 0.670516 0.077656 0.128696
3 0.359484 0.698111 0.079219 0.121005
3 0.438992 0.832908 0.076078 0.136522
3 0.536930 0.815543 0.082734 0.118750
3 0.578500 0.485435 0.051875 0.127337
3 0.511875 0.459280 0.072969 0.096277
3 0.510922 0.350163 0.072344 0.100978
3 0.425781 0.166264 0.074031 0.083397
