0 0.549352 0.246264 0.062859 0.123723
0 0.459734 0.208587 0.068125 0.098859
0 0.492492 0.278750 0.064516 0.122120
0 0.520656 0.360204 0.069625 0.124375
0 0.643102 0.582052 0.058234 0.116114
0 0.649367 0.695312 0.065297 0.127364
0 0.431195 0.697935 0.081203 0.093587
0 0.426898 0.502500 0.071766 0.121196
0 0.342258 0.267024 0.064141 0.130408
2 0.500891 0.660204 0.072000 0.133397
2 0.593344 0.744986 0.068750 0.118071
2 0.541203 0.748410 0.069875 0.132255
2 0.476320 0.770530 0.064203 0.120571
2 0.382281 0.613030 0.071437 0.134864
2 0.553617 0.446087 0.059391 0.128696
2 0.408164 0.396861 0.060141 0.114103
4 0.293367 0.347785 0.060672 0.127473
4 0.257859 0.516793 0.075000 0.128804
4 0.379859 0.881766 0.064281 0.131141
4 0.443461 0.604198 0.067453 0.104701
4 0.370031 0.483179 0.053594 0.125272
4 0.460141 0.398478 0.064906 0.122935
1 0.396375 0.226997 0.063594 0.104103
1 0.578750 0.341155 0.063156 0.132147
1 0.615297 0.432894 0.070969 0.128288
1 0.587180 0.534348 0.059578 0.115435
1 0.593000 0.633668 0.065531 0.107989
1 0.310125 0.834728 0.080469 0.134239
1 0.335148 0.698478 0.074172 0.132500
1 0.333227 0.572337 0.066047 0.120543
3 0.355023 0.376236 0.066953 0.119755
3 0.315516 0.456522 0.067219 0.125815
3 0.277164 0.628655 0.073859 0.127310
3 0.271531 0.742853 0.075687 0.128696
3 0.375906 0.764823 0.079219 0.121005
3 0.440914 0.868777 0.078172 0.133696
3 0.514625 0.857962 0.078750 0.110380
3 0.552953 0.594416 0.051875 0.127310
3 0.498258 0.566060 0.068203 0.102174
3 0.501094 0.477514 0.072344 0.100951
3 0.435148 0.317568 0.074016 0.083397
