4 0.567875 0.360666 0.082906 0.124429
0 0.346180 0.337921 0.088828 0.132201
0 0.315461 0.469130 0.079703 0.142391
0 0.362141 0.598465 0.088719 0.153560
0 0.414813 0.830245 0.078781 0.139022
0 0.735555 0.607296 0.074234 0.167745
0 0.643609 0.840000 0.080656 0.160761
0 0.576984 0.783573 0.077500 0.154158
0 0.512187 0.990965 0.087625 0.018071
0 0.428008 0.992989 0.084266 0.014022
3 0.490422 0.165421 0.084844 0.123288
3 0.416375 0.253043 0.086094 0.131630
3 0.473586 0.432432 0.072984 0.142255
3 0.445359 0.571304 0.074594 0.140380
3 0.617625 0.284796 0.078906 0.146114
3 0.661969 0.372201 0.084563 0.142283
3 0.728391 0.460516 0.084063 0.132446
3 0.514148 0.698628 0.089797 0.136223
3 0.497438 0.840014 0.080500 0.153668
3 0.345484 0.882432 0.082719 0.148071
3 0.347141 0.976372 0.086563 0.047255
4 0.594891 0.642636 0.080594 0.142989
4 0.668789 0.698003 0.083328 0.154049
4 0.693789 0.944226 0.091797 0.111549
4 0.341891 0.737758 0.086594 0.150136
4 0.546586 0.449185 0.085109 0.140163
2 0.586461 0.087120 0.086297 0.133913
2 0.567797 0.220448 0.083781 0.141277
2 0.399016 0.451848 0.085938 0.142446
2 0.453930 0.947215 0.087422 0.105571
2 0.597898 0.983288 0.083328 0.033424
2 0.250766 0.738465 0.090938 0.157799
1 0.235461 0.593995 0.093141 0.137554
1 0.258328 0.902106 0.094063 0.168234
1 0.560789 0.921603 0.080297 0.146522
1 0.494719 0.298125 0.081000 0.129293
1 0.648516 0.201291 0.080156 0.135190
1 0.669359 0.549280 0.066688 0.155299
1 0.603508 0.505829 0.074359 0.143125
1 0.525773 0.567894 0.078891 0.122092
2 0.424930 0.702242 0.089828 0.135299
