0 0.461672 0.211427 0.062875 0.137962
0 0.371852 0.165312 0.068109 0.098832
0 0.403078 0.238030 0.064500 0.122092
0 0.439219 0.321997 0.069625 0.124375
0 0.556125 0.541984 0.059625 0.116141
0 0.565359 0.658261 0.063281 0.127337
0 0.339977 0.667201 0.081203 0.093587
0 0.339984 0.472201 0.071750 0.121196
0 0.248602 0.225652 0.064141 0.130380
2 0.421094 0.644715 0.070031 0.132255
2 0.514594 0.701834 0.068750 0.128668
2 0.457078 0.719878 0.069875 0.132255
2 0.386867 0.750489 0.071078 0.120489
2 0.295188 0.589565 0.071438 0.134837
2 0.470930 0.414375 0.059391 0.128696
2 0.322562 0.363668 0.056719 0.112935
4 0.203156 0.314090 0.064812 0.127473
4 0.167094 0.484891 0.075000 0.128804
4 0.291172 0.855163 0.064281 0.131141
4 0.357820 0.577024 0.067453 0.104701
4 0.282953 0.453750 0.053594 0.125272
4 0.372891 0.371440 0.064906 0.122935
1 0.309375 0.199810 0.063594 0.104076
1 0.502141 0.307541 0.063156 0.132147
1 0.543320 0.412351 0.070953 0.128288
1 0.525430 0.506386 0.059578 0.115435
1 0.514555 0.614592 0.065516 0.107989
1 0.228484 0.807541 0.080469 0.134266
1 0.240336 0.674239 0.074172 0.132500
1 0.232898 0.549647 0.066047 0.120543
3 0.266688 0.341209 0.066969 0.119755
3 0.226289 0.428587 0.067203 0.125815
3 0.188812 0.604076 0.073875 0.127337
3 0.180688 0.717799 0.077656 0.128696
3 0.286094 0.741861 0.079219 0.121005
3 0.352992 0.842133 0.078172 0.133723
3 0.432945 0.829728 0.084141 0.118750
3 0.466359 0.557541 0.051875 0.127310
3 0.411969 0.529008 0.072969 0.096277
3 0.411688 0.440000 0.072344 0.100978
3 0.344562 0.277378 0.074031 0.083397
