0 0.507211 0.237459 0.062859 0.123723
0 0.420109 0.196889 0.068125 0.098832
0 0.454055 0.271128 0.064516 0.122092
0 0.486672 0.351332 0.069625 0.124402
0 0.603875 0.573913 0.058219 0.116141
0 0.609547 0.681889 0.063281 0.127364
0 0.386875 0.690829 0.081187 0.093560
0 0.384117 0.492880 0.071766 0.121196
0 0.301805 0.252174 0.064141 0.130380
2 0.474453 0.658764 0.072000 0.133397
2 0.558773 0.741454 0.068734 0.118071
2 0.500648 0.742500 0.069859 0.132283
2 0.432453 0.762853 0.066281 0.121739
2 0.341406 0.612011 0.071438 0.134837
2 0.520445 0.436304 0.059391 0.128696
2 0.369758 0.389185 0.060141 0.114130
4 0.253500 0.339511 0.060656 0.127446
4 0.218062 0.510870 0.075000 0.128804
4 0.341469 0.872908 0.064281 0.131141
4 0.405477 0.594620 0.067453 0.104728
4 0.330219 0.472554 0.053594 0.125272
4 0.425297 0.396264 0.064906 0.122908
1 0.360016 0.224633 0.063594 0.104103
1 0.548375 0.338736 0.063156 0.132147
1 0.592445 0.432011 0.070953 0.128315
1 0.578961 0.519647 0.059578 0.115435
1 0.563117 0.625435 0.065516 0.107989
1 0.270625 0.834715 0.080469 0.134266
1 0.297086 0.695530 0.074172 0.132473
1 0.292031 0.575652 0.066031 0.120543
3 0.309609 0.367948 0.066969 0.119755
3 0.270664 0.452391 0.067203 0.125815
3 0.236391 0.630068 0.073875 0.127310
3 0.230617 0.729620 0.075672 0.128696
3 0.339109 0.758410 0.079219 0.121005
3 0.397852 0.859851 0.078172 0.133723
3 0.477148 0.849185 0.078766 0.110380
3 0.512578 0.582364 0.051875 0.127337
3 0.461461 0.555870 0.068203 0.102174
3 0.461984 0.466005 0.072344 0.100978
3 0.392469 0.302201 0.074031 0.083370
