0 0.559414 0.114457 0.063609 0.109511
0 0.452398 0.067527 0.068109 0.097500
0 0.491422 0.149633 0.061719 0.124538
0 0.531438 0.242323 0.070844 0.127799
0 0.683898 0.508886 0.059609 0.116141
0 0.694828 0.648505 0.063281 0.127337
0 0.415406 0.647038 0.080625 0.101739
0 0.413289 0.413859 0.071766 0.121196
0 0.309063 0.134049 0.061375 0.120924
2 0.510844 0.608071 0.070781 0.132228
2 0.630625 0.710951 0.068750 0.128696
2 0.554578 0.709959 0.068469 0.118125
2 0.473570 0.741617 0.071078 0.120462
2 0.357047 0.554688 0.071438 0.134864
2 0.570500 0.348696 0.058719 0.128696
2 0.389469 0.290788 0.056719 0.112935
4 0.251422 0.226630 0.064813 0.127446
4 0.200398 0.434606 0.075016 0.131114
4 0.352977 0.879973 0.062234 0.145870
4 0.432563 0.537948 0.069437 0.095136
4 0.344828 0.387772 0.053594 0.125272
4 0.458508 0.295815 0.073047 0.108696
1 0.377812 0.110136 0.063594 0.104076
1 0.602750 0.242269 0.063156 0.133234
1 0.650664 0.358736 0.070953 0.128288
1 0.621352 0.454592 0.059578 0.115435
1 0.626000 0.583152 0.068969 0.118859
1 0.261281 0.829103 0.080469 0.134239
1 0.290227 0.652011 0.074172 0.132500
1 0.294383 0.496576 0.066047 0.120543
3 0.323875 0.263356 0.066969 0.119755
3 0.272359 0.365815 0.067219 0.125815
3 0.222312 0.563166 0.073875 0.127310
3 0.210594 0.700068 0.077656 0.128723
3 0.349469 0.728546 0.079219 0.121005
3 0.430664 0.867188 0.076078 0.136549
3 0.526555 0.848043 0.082734 0.118750
3 0.569219 0.516861 0.051875 0.127310
3 0.502703 0.484986 0.072969 0.096277
3 0.500891 0.377351 0.072344 0.100951
3 0.421359 0.191970 0.074031 0.083397
