0 0.545766 0.248030 0.063625 0.109538
0 0.448656 0.207500 0.068125 0.094076
0 0.479687 0.280530 0.061719 0.124538
0 0.516969 0.372106 0.062063 0.106603
0 0.651273 0.623736 0.059609 0.116114
0 0.655078 0.749674 0.063281 0.127337
0 0.412867 0.747813 0.080641 0.101712
0 0.409727 0.529701 0.071766 0.121196
0 0.319773 0.263207 0.061359 0.120924
2 0.496906 0.677867 0.070781 0.132255
2 0.602563 0.803818 0.068750 0.128668
2 0.529875 0.787215 0.069875 0.132255
2 0.461664 0.814117 0.071078 0.120462
2 0.368391 0.649715 0.071438 0.134864
2 0.549711 0.458397 0.059391 0.128696
2 0.392141 0.408859 0.056719 0.112935
4 0.265016 0.357052 0.064812 0.127473
4 0.227250 0.536875 0.075000 0.128804
4 0.355906 0.933954 0.062250 0.132092
4 0.432687 0.641549 0.069281 0.095815
4 0.354750 0.508030 0.053594 0.125299
4 0.450680 0.423777 0.073047 0.108696
1 0.380078 0.213071 0.063594 0.104076
1 0.577484 0.355883 0.063156 0.132147
1 0.623633 0.458274 0.070953 0.128288
1 0.594773 0.557391 0.059578 0.115435
1 0.594766 0.666685 0.068969 0.118859
1 0.286000 0.875217 0.080469 0.134239
1 0.314078 0.748465 0.074187 0.132473
1 0.310211 0.600761 0.066047 0.120543
3 0.330852 0.381264 0.066953 0.119755
3 0.287391 0.476929 0.067219 0.125815
3 0.241141 0.668492 0.073875 0.127310
3 0.233359 0.794620 0.077656 0.128696
3 0.358469 0.819565 0.079219 0.121033
3 0.423359 0.930380 0.076094 0.136087
3 0.509508 0.928234 0.082734 0.118750
3 0.547234 0.632011 0.051875 0.127337
3 0.492844 0.597568 0.072969 0.096277
3 0.491203 0.499687 0.072344 0.100951
3 0.421703 0.318166 0.074031 0.083397
