0 0.528281 0.161780 0.062875 0.137962
0 0.430984 0.106753 0.068125 0.099973
0 0.462242 0.189524 0.061703 0.124538
0 0.498266 0.284008 0.066844 0.117201
0 0.626125 0.533709 0.059625 0.116114
0 0.635703 0.657677 0.063281 0.127364
0 0.392984 0.653003 0.081188 0.093560
0 0.389844 0.446957 0.071750 0.121196
0 0.296180 0.177201 0.064141 0.130380
2 0.478063 0.622568 0.070031 0.132255
2 0.580516 0.733750 0.068750 0.128696
2 0.515719 0.727717 0.069875 0.132283
2 0.445016 0.744579 0.071094 0.120462
2 0.344641 0.579212 0.071438 0.134837
2 0.538211 0.382255 0.059391 0.128696
2 0.373828 0.331658 0.056719 0.112935
4 0.245297 0.263872 0.064812 0.127473
4 0.205156 0.458859 0.075000 0.128804
4 0.342828 0.861087 0.064281 0.131141
4 0.409984 0.558981 0.067438 0.104701
4 0.331586 0.424103 0.053609 0.125272
4 0.435203 0.337147 0.066906 0.122935
1 0.369359 0.134620 0.063594 0.104076
1 0.568312 0.278166 0.063156 0.132147
1 0.613422 0.389348 0.070969 0.128315
1 0.578430 0.473152 0.059578 0.115435
1 0.582328 0.599158 0.067656 0.105815
1 0.272953 0.780163 0.080469 0.134239
1 0.288930 0.673057 0.074172 0.132473
1 0.289414 0.530734 0.066047 0.120543
3 0.311648 0.306481 0.066953 0.119755
3 0.268625 0.399185 0.067219 0.125815
3 0.226867 0.586345 0.073859 0.127310
3 0.216719 0.709511 0.077656 0.128696
3 0.339109 0.735938 0.079219 0.121005
3 0.404328 0.849212 0.076094 0.133696
3 0.488664 0.836821 0.082734 0.118750
3 0.526844 0.539810 0.051875 0.127337
3 0.472453 0.510109 0.072969 0.096304
3 0.470813 0.417541 0.072344 0.100951
3 0.400625 0.233247 0.074031 0.083397
