0 0.520883 0.220652 0.063609 0.109511
0 0.436422 0.185978 0.068125 0.094076
0 0.463500 0.253546 0.061719 0.124538
0 0.495258 0.323995 0.066078 0.103152
0 0.614492 0.521236 0.059609 0.116114
0 0.623812 0.631603 0.063281 0.127337
0 0.405453 0.631671 0.080625 0.101712
0 0.400195 0.452582 0.071766 0.121196
0 0.321812 0.236427 0.061375 0.120951
2 0.483266 0.603845 0.070781 0.132255
2 0.572703 0.680367 0.068750 0.128668
2 0.516500 0.684171 0.069875 0.132255
2 0.451727 0.701712 0.071078 0.120489
2 0.358063 0.558424 0.071438 0.134837
2 0.528469 0.404321 0.058719 0.128696
2 0.385141 0.354647 0.056719 0.112935
4 0.273844 0.314878 0.064812 0.127473
4 0.237219 0.465530 0.075000 0.131114
4 0.357266 0.817269 0.062250 0.145842
4 0.419109 0.549660 0.069437 0.095136
4 0.349477 0.432391 0.053609 0.125272
4 0.440305 0.363071 0.073047 0.108696
1 0.381406 0.204334 0.063594 0.104103
1 0.552906 0.301563 0.063156 0.133234
1 0.592898 0.393601 0.070953 0.128288
1 0.574117 0.467799 0.059578 0.115435
1 0.568594 0.575679 0.068969 0.118859
1 0.288813 0.767717 0.080469 0.134239
1 0.312078 0.630109 0.074187 0.132500
1 0.315227 0.523641 0.066047 0.120543
3 0.333969 0.337622 0.066969 0.119755
3 0.293531 0.413397 0.067219 0.125815
3 0.257297 0.569008 0.073875 0.127310
3 0.249562 0.679973 0.077656 0.128696
3 0.356312 0.693519 0.079219 0.121005
3 0.417320 0.803166 0.076078 0.136549
3 0.498227 0.786359 0.082734 0.118750
3 0.527531 0.529959 0.051875 0.127310
3 0.476641 0.506549 0.072969 0.096304
3 0.473312 0.422079 0.072344 0.100951
3 0.410711 0.285856 0.074016 0.083397
