0 0.456914 0.215367 0.062859 0.137962
0 0.368453 0.168071 0.068125 0.098859
0 0.400523 0.240693 0.064516 0.122092
0 0.435187 0.322677 0.069625 0.124375
0 0.553633 0.555380 0.059609 0.116141
0 0.562422 0.661807 0.063281 0.127364
0 0.334992 0.675068 0.081203 0.093560
0 0.334797 0.474728 0.071750 0.121196
0 0.244742 0.235897 0.064141 0.130380
2 0.416914 0.644715 0.070016 0.132255
2 0.512781 0.718777 0.068750 0.128696
2 0.454547 0.732459 0.069875 0.132255
2 0.387016 0.750883 0.071094 0.120462
2 0.292922 0.597446 0.071438 0.134837
2 0.472461 0.414755 0.059391 0.128696
2 0.322687 0.371603 0.056719 0.112935
4 0.199078 0.319823 0.064813 0.127473
4 0.160922 0.496712 0.075000 0.128804
4 0.289125 0.859307 0.064281 0.131114
4 0.356781 0.577921 0.067437 0.104701
4 0.276867 0.458370 0.053609 0.125272
4 0.373062 0.374973 0.064906 0.122935
1 0.308344 0.203954 0.063594 0.104103
1 0.502547 0.313628 0.063156 0.132147
1 0.541242 0.415068 0.070953 0.128288
1 0.524133 0.506386 0.059578 0.115435
1 0.513578 0.614592 0.065531 0.107989
1 0.229000 0.815217 0.080469 0.134239
1 0.239148 0.681332 0.074172 0.132500
1 0.234602 0.550245 0.066047 0.120543
3 0.259367 0.349389 0.066953 0.119755
3 0.221922 0.433641 0.067219 0.125815
3 0.179297 0.612052 0.073875 0.127310
3 0.174063 0.725489 0.077656 0.128696
3 0.283891 0.747473 0.079219 0.121033
3 0.347211 0.849226 0.078172 0.133723
3 0.426148 0.834457 0.084141 0.118750
3 0.465234 0.565421 0.051875 0.127310
3 0.410375 0.534918 0.072969 0.096304
3 0.409484 0.445014 0.072344 0.100951
3 0.338266 0.282704 0.074031 0.083397
