0 0.306203 0.245190 0.082219 0.128804
0 0.285398 0.361617 0.072891 0.133505
0 0.331062 0.461182 0.079031 0.140897
0 0.390930 0.650516 0.075422 0.128478
0 0.667258 0.415571 0.065391 0.136793
0 0.598547 0.625883 0.076531 0.140190
0 0.533359 0.578655 0.074219 0.132962
0 0.488602 0.885340 0.087609 0.155571
0 0.403672 0.915380 0.084281 0.147500
3 0.425984 0.086943 0.077094 0.108886
3 0.363023 0.162351 0.077109 0.120353
3 0.423016 0.305245 0.062781 0.129130
3 0.407062 0.421889 0.068813 0.122527
3 0.547867 0.154823 0.074859 0.133234
3 0.590609 0.226168 0.077844 0.128533
3 0.651969 0.292731 0.071063 0.121821
3 0.473484 0.522921 0.078719 0.124321
3 0.465102 0.647636 0.077016 0.133913
3 0.327234 0.706780 0.076000 0.133505
3 0.333484 0.839511 0.086563 0.134185
4 0.544742 0.459755 0.069922 0.122065
4 0.613055 0.499361 0.072922 0.128016
4 0.652508 0.737242 0.087641 0.152582
4 0.317797 0.583723 0.080469 0.144293
4 0.485992 0.292065 0.075391 0.127228
4 0.505508 0.231182 0.076047 0.107527
2 0.508258 0.031508 0.077016 0.062690
2 0.495742 0.121155 0.072266 0.134212
2 0.355094 0.330611 0.076375 0.133071
2 0.431234 0.774552 0.082000 0.134375
2 0.566734 0.827595 0.077813 0.152853
2 0.234836 0.595190 0.085984 0.140217
1 0.215219 0.475639 0.083906 0.118940
1 0.246281 0.738601 0.089187 0.148342
1 0.525273 0.710190 0.072047 0.134946
1 0.437125 0.192989 0.073656 0.118043
1 0.568914 0.087011 0.072203 0.110163
1 0.606430 0.372758 0.060984 0.138451
1 0.547719 0.349524 0.064812 0.128940
1 0.479563 0.409008 0.078906 0.103614
2 0.393437 0.535652 0.078125 0.121413
