3 0.307867 0.288176 0.044776 0.079778
4 0.509062 0.201065 0.061813 0.086574
3 0.370773 0.252032 0.049297 0.086861
4 0.420247 0.210981 0.048318 0.101815
0 0.137096 0.267819 0.046370 0.072176
0 0.197500 0.297481 0.053156 0.085907
0 0.229133 0.240153 0.066161 0.083787
0 0.306120 0.209620 0.061979 0.074111
1 0.229638 0.408125 0.042932 0.075620
1 0.151432 0.339866 0.041792 0.072639
0 0.194674 0.168639 0.054120 0.058352
0 0.246982 0.191361 0.042526 0.068722
1 0.178089 0.232403 0.043490 0.082472
3 0.287143 0.116491 0.051224 0.069185
3 0.343359 0.127875 0.057990 0.071769
1 0.247917 0.324505 0.038667 0.073898
4 0.226646 0.103079 0.051885 0.076380
3 0.434440 0.972944 0.067620 0.054111
3 0.487922 0.623366 0.071521 0.115120
3 0.817661 0.947347 0.084188 0.079028
1 0.235326 0.940556 0.076099 0.118889
4 0.276208 0.632292 0.062823 0.101380
0 0.182667 0.395722 0.044865 0.087500
3 0.201427 0.524269 0.053146 0.103796
1 0.376799 0.529009 0.048141 0.083907
1 0.376234 0.515125 0.054062 0.076306
1 0.419961 0.435694 0.056995 0.104870
2 0.405247 0.327528 0.056807 0.093833
2 0.180771 0.611454 0.053354 0.096259
2 0.160510 0.452139 0.051781 0.089796
2 0.280643 0.417921 0.048401 0.072917
2 0.322706 0.489866 0.048891 0.080694
3 0.250977 0.489167 0.050516 0.091741
3 0.314341 0.579597 0.050766 0.096046
3 0.349940 0.340444 0.056224 0.088833
