0 0.505023 0.192867 0.064391 0.118288
0 0.411500 0.153533 0.064531 0.101033
0 0.444477 0.226033 0.058891 0.120761
0 0.480781 0.314620 0.069062 0.120109
0 0.609641 0.551929 0.057281 0.111141
0 0.617906 0.672609 0.060719 0.124783
0 0.379570 0.680679 0.074484 0.091902
0 0.375992 0.475217 0.067922 0.118207
0 0.285422 0.218967 0.057969 0.126196
2 0.461719 0.639647 0.060625 0.108750
2 0.561094 0.725204 0.059375 0.103940
2 0.496102 0.738152 0.049422 0.106196
2 0.427055 0.752310 0.055578 0.092120
2 0.328414 0.597120 0.059984 0.129674
2 0.513992 0.405978 0.054484 0.119674
2 0.357281 0.368804 0.050781 0.104620
4 0.234773 0.308546 0.062266 0.123668
4 0.197109 0.494606 0.073187 0.124049
4 0.331344 0.874932 0.051438 0.122418
4 0.393789 0.581957 0.069484 0.100543
4 0.317516 0.455014 0.052531 0.124429
4 0.416563 0.366658 0.062812 0.112500
1 0.349055 0.202459 0.056172 0.104701
1 0.541117 0.305177 0.051203 0.107582
1 0.587234 0.408995 0.056875 0.094837
1 0.557578 0.504049 0.044219 0.091250
1 0.560078 0.617554 0.057344 0.105435
1 0.251094 0.827242 0.048438 0.085408
1 0.280078 0.685924 0.060594 0.104239
1 0.277039 0.556658 0.057391 0.109946
3 0.298594 0.341943 0.061687 0.123832
3 0.256188 0.435842 0.064062 0.125109
3 0.218125 0.614715 0.068594 0.121386
3 0.211156 0.735000 0.073938 0.116413
3 0.325578 0.753424 0.073344 0.106304
3 0.395398 0.864755 0.066328 0.120761
3 0.473102 0.852391 0.072672 0.095978
3 0.511180 0.563478 0.049359 0.124185
3 0.455266 0.536250 0.069281 0.094130
3 0.454477 0.442446 0.067172 0.089239
3 0.384102 0.271712 0.070422 0.087391
