3 0.411523 0.200259 0.057568 0.089074
4 0.544307 0.136509 0.061813 0.086574
3 0.459388 0.221144 0.049297 0.086861
4 0.464927 0.130824 0.052312 0.101815
0 0.207771 0.209713 0.046375 0.090667
0 0.261102 0.245463 0.053161 0.085907
0 0.291896 0.173810 0.055281 0.083787
0 0.346247 0.253431 0.065005 0.083306
1 0.298555 0.353356 0.043745 0.079935
1 0.219404 0.265602 0.041797 0.086130
0 0.255763 0.110153 0.049286 0.058361
0 0.303648 0.112491 0.042526 0.068722
1 0.244555 0.165588 0.043495 0.082472
3 0.338706 0.069546 0.051224 0.069185
3 0.394151 0.051588 0.057990 0.071769
1 0.324422 0.282190 0.045448 0.095139
4 0.285216 0.042889 0.056411 0.075685
4 0.406724 0.375019 0.049240 0.085852
2 0.505755 0.286593 0.044510 0.100426
3 0.595758 0.587014 0.065203 0.097194
3 0.483464 0.524338 0.071521 0.115120
3 0.845930 0.915898 0.084318 0.121074
1 0.227669 0.939120 0.076099 0.121759
4 0.340956 0.520380 0.062828 0.101389
0 0.272302 0.306194 0.044865 0.087500
3 0.643938 0.345144 0.053146 0.110269
1 0.561674 0.496940 0.048141 0.083898
1 0.526294 0.572171 0.055245 0.094769
1 0.552779 0.301532 0.058714 0.107120
2 0.462602 0.243134 0.057630 0.086787
2 0.222771 0.389639 0.053354 0.096259
2 0.310740 0.212088 0.055813 0.088880
2 0.354974 0.188083 0.051219 0.085704
2 0.443753 0.488667 0.059745 0.095704
3 0.355742 0.415690 0.059016 0.099491
3 0.536656 0.384454 0.062104 0.101074
3 0.413357 0.271444 0.056224 0.088833
