0 0.520781 0.227935 0.063625 0.109511
0 0.436352 0.192310 0.068109 0.094076
0 0.463016 0.264443 0.061719 0.124538
0 0.495258 0.333207 0.066078 0.103152
0 0.612258 0.534851 0.059609 0.116114
0 0.623812 0.645217 0.063281 0.127337
0 0.402078 0.644226 0.080625 0.101712
0 0.398328 0.464891 0.071750 0.121196
0 0.318227 0.241970 0.061359 0.120951
2 0.481141 0.615476 0.070781 0.132255
2 0.571250 0.694592 0.068750 0.128696
2 0.513516 0.699090 0.069875 0.132255
2 0.449492 0.714035 0.071078 0.120462
2 0.356617 0.566793 0.071422 0.134837
2 0.526062 0.417717 0.058719 0.128696
2 0.383625 0.368940 0.056719 0.112935
4 0.273844 0.320747 0.064812 0.127473
4 0.234813 0.468886 0.075000 0.131141
4 0.354922 0.825109 0.062250 0.145870
4 0.419859 0.556780 0.069437 0.095136
4 0.347547 0.447446 0.053594 0.125272
4 0.438445 0.370204 0.073047 0.108668
1 0.381406 0.223601 0.063594 0.104103
1 0.550984 0.314117 0.063156 0.133234
1 0.594820 0.406155 0.070953 0.128288
1 0.572898 0.480489 0.059578 0.115435
1 0.568117 0.584049 0.068953 0.118859
1 0.287281 0.780353 0.080469 0.134239
1 0.310000 0.640557 0.074187 0.132473
1 0.309023 0.526603 0.066047 0.120543
3 0.327703 0.349334 0.066969 0.119755
3 0.292570 0.418424 0.067203 0.125815
3 0.253711 0.578655 0.073859 0.127310
3 0.246984 0.689973 0.077656 0.128696
3 0.354734 0.711114 0.079219 0.121033
3 0.415797 0.814429 0.076094 0.136522
3 0.494102 0.796630 0.082734 0.118750
3 0.526172 0.543356 0.051875 0.127310
3 0.474234 0.516603 0.072969 0.096304
3 0.472344 0.436304 0.072344 0.100978
3 0.410234 0.291712 0.074031 0.083370
