0 0.538172 0.152880 0.063625 0.109511
0 0.447641 0.109674 0.068125 0.094076
0 0.480094 0.174742 0.061719 0.124538
0 0.516039 0.263791 0.070859 0.127799
0 0.645164 0.479918 0.059609 0.116141
0 0.655859 0.603492 0.063281 0.127364
0 0.413766 0.600190 0.080625 0.101739
0 0.411727 0.398152 0.071766 0.121196
0 0.322312 0.162133 0.061375 0.120951
2 0.502688 0.570693 0.070781 0.132255
2 0.594625 0.654117 0.068750 0.128668
2 0.536172 0.663628 0.069875 0.132255
2 0.466086 0.681264 0.071078 0.120462
2 0.371141 0.517201 0.071438 0.134837
2 0.552406 0.343560 0.058719 0.128696
2 0.392781 0.292120 0.056719 0.112935
4 0.271125 0.248193 0.064812 0.127473
4 0.230102 0.418410 0.075016 0.131114
4 0.360109 0.799293 0.062250 0.145870
4 0.434297 0.504361 0.069438 0.095136
4 0.352984 0.378614 0.053594 0.125272
4 0.454039 0.307717 0.073047 0.108696
1 0.384297 0.131236 0.063594 0.104103
1 0.583352 0.251698 0.063141 0.133234
1 0.628023 0.346549 0.070953 0.128315
1 0.595211 0.428016 0.059578 0.115435
1 0.600234 0.535584 0.068969 0.118886
1 0.285469 0.758696 0.080469 0.134239
1 0.309906 0.600190 0.074188 0.132500
1 0.310727 0.471712 0.066047 0.120543
3 0.333625 0.280883 0.066969 0.119755
3 0.290023 0.358424 0.067203 0.125815
3 0.248609 0.531073 0.073875 0.127310
3 0.242203 0.653668 0.077656 0.128696
3 0.361641 0.677595 0.079219 0.121005
3 0.428461 0.788573 0.076078 0.136549
3 0.512680 0.776712 0.082734 0.118750
3 0.548594 0.488546 0.051875 0.127310
3 0.492328 0.460747 0.072969 0.096277
3 0.488656 0.369076 0.072344 0.100978
3 0.421359 0.223016 0.074031 0.083370
