3 0.325112 0.097083 0.053214 0.127037
4 0.520807 0.075398 0.063781 0.104444
3 0.388396 0.078861 0.058948 0.097593
4 0.435279 0.070046 0.043495 0.082481
0 0.154995 0.058880 0.057021 0.087630
0 0.209599 0.099255 0.053156 0.085917
0 0.244396 0.048769 0.040594 0.083796
0 0.325096 0.036741 0.058953 0.061463
1 0.264206 0.119014 0.042526 0.067009
1 0.164659 0.116435 0.040589 0.096222
3 0.401576 0.825921 0.086016 0.137454
3 0.485339 0.425495 0.071521 0.115120
3 0.780398 0.819463 0.083203 0.137722
1 0.213997 0.663023 0.083120 0.132306
4 0.267776 0.402509 0.067656 0.109963
0 0.193844 0.176907 0.044865 0.087500
3 0.210357 0.291778 0.053151 0.103796
1 0.335068 0.268106 0.067271 0.092787
1 0.372659 0.313981 0.066109 0.098963
1 0.423781 0.255315 0.063792 0.111333
2 0.409258 0.152926 0.062443 0.085926
2 0.172232 0.368417 0.076547 0.113407
2 0.163562 0.219519 0.056187 0.105204
2 0.243664 0.176185 0.056828 0.082185
2 0.284003 0.196389 0.048891 0.099593
3 0.254062 0.261968 0.063792 0.101028
3 0.316948 0.348954 0.060031 0.104630
3 0.356651 0.161190 0.067094 0.088824
