3 0.383219 0.357722 0.050917 0.089074
4 0.479922 0.271472 0.061812 0.086574
3 0.465328 0.348287 0.049302 0.086870
4 0.402568 0.274648 0.057802 0.101815
0 0.169370 0.368167 0.046375 0.090667
0 0.225219 0.398546 0.053156 0.090926
0 0.251737 0.345843 0.058505 0.071981
0 0.433628 0.558375 0.052693 0.074880
1 0.224898 0.671139 0.053495 0.088315
1 0.189164 0.432394 0.041797 0.086120
0 0.214956 0.262875 0.049286 0.058361
0 0.261919 0.270856 0.042526 0.068731
1 0.201328 0.332625 0.043490 0.082472
3 0.291023 0.233778 0.050286 0.065833
3 0.341839 0.219606 0.057990 0.071769
1 0.305122 0.548657 0.052099 0.093463
4 0.240510 0.203921 0.056417 0.079009
4 0.463674 0.636227 0.049245 0.085861
2 0.450208 0.416333 0.044510 0.090833
1 0.349602 0.338648 0.038849 0.087574
3 0.441445 0.464366 0.053974 0.085861
3 0.475378 0.902028 0.059661 0.104352
4 0.305529 0.689593 0.063453 0.087574
1 0.406229 0.614648 0.048271 0.094278
1 0.287492 0.937042 0.077630 0.115009
3 0.460276 0.983824 0.065458 0.032352
3 0.552859 0.717412 0.065198 0.107269
3 0.439393 0.684449 0.049755 0.093250
3 0.788060 0.961190 0.084318 0.077620
1 0.227669 0.939120 0.076099 0.121759
4 0.340956 0.520380 0.062828 0.101389
0 0.312005 0.436968 0.050604 0.094213
3 0.592635 0.470329 0.058833 0.110269
1 0.508065 0.635486 0.048141 0.083898
1 0.497789 0.715495 0.055245 0.094769
1 0.499562 0.430199 0.049469 0.094491
2 0.419229 0.369093 0.050979 0.086778
2 0.219573 0.503338 0.049990 0.079361
2 0.293661 0.334458 0.050167 0.078806
2 0.320865 0.279875 0.045458 0.075731
2 0.443753 0.488667 0.059745 0.095704
3 0.358393 0.578384 0.059016 0.099491
3 0.493891 0.526745 0.063312 0.103065
3 0.390063 0.438616 0.056219 0.088824
