0 0.527602 0.184226 0.062859 0.137962
0 0.433703 0.137486 0.068125 0.099973
0 0.467344 0.216128 0.061719 0.124538
0 0.503703 0.310014 0.066844 0.117201
0 0.630883 0.563261 0.059609 0.116141
0 0.637406 0.684266 0.063281 0.127337
0 0.398391 0.687840 0.078531 0.098234
0 0.394945 0.471196 0.071766 0.121196
0 0.297539 0.205571 0.064141 0.130380
2 0.480805 0.633084 0.070016 0.132255
2 0.581547 0.734348 0.068750 0.128696
2 0.519109 0.738954 0.069875 0.132255
2 0.450117 0.759932 0.071078 0.120462
2 0.347750 0.593098 0.071438 0.134837
2 0.539055 0.400870 0.059391 0.128696
2 0.376547 0.356087 0.056719 0.112935
4 0.247562 0.294606 0.064813 0.127473
4 0.205844 0.486658 0.075000 0.128804
4 0.345766 0.890245 0.064281 0.131141
4 0.412031 0.582622 0.067437 0.104701
4 0.331922 0.447147 0.053594 0.125272
4 0.434375 0.360788 0.073062 0.122935
1 0.366719 0.158519 0.063594 0.104103
1 0.569500 0.287337 0.063156 0.132120
1 0.612492 0.398913 0.070953 0.128315
1 0.580633 0.497011 0.059578 0.115435
1 0.581641 0.616875 0.067656 0.105815
1 0.270203 0.795435 0.080469 0.134239
1 0.290461 0.677187 0.074172 0.132473
1 0.289648 0.538995 0.066047 0.120543
3 0.317086 0.327758 0.066953 0.119755
3 0.269305 0.424022 0.067203 0.125815
3 0.228563 0.610584 0.073875 0.127310
3 0.224531 0.737595 0.077656 0.128723
3 0.340797 0.763723 0.079219 0.121033
3 0.410445 0.875815 0.076078 0.133696
3 0.493414 0.865774 0.082734 0.118777
3 0.531937 0.566997 0.051875 0.127310
3 0.477219 0.539660 0.072969 0.096277
3 0.474906 0.449457 0.072344 0.100978
3 0.401078 0.263193 0.074031 0.083397
