0 0.506109 0.238641 0.066906 0.123696
0 0.417391 0.196033 0.068125 0.098859
0 0.451523 0.265231 0.064516 0.122092
0 0.483664 0.348967 0.069641 0.124402
0 0.601063 0.576780 0.058219 0.116114
0 0.611461 0.685448 0.065297 0.127364
0 0.387180 0.687840 0.081203 0.093560
0 0.384641 0.494239 0.071750 0.121196
0 0.300477 0.254402 0.064141 0.130380
2 0.464289 0.664253 0.072016 0.133397
2 0.557906 0.736726 0.068750 0.118071
2 0.500859 0.741739 0.069875 0.132283
2 0.437328 0.768166 0.064187 0.120571
2 0.345578 0.607799 0.071438 0.134837
2 0.520977 0.437826 0.059391 0.128696
2 0.366930 0.389389 0.060141 0.114103
4 0.253500 0.340693 0.060656 0.127473
4 0.214672 0.509293 0.075000 0.128804
4 0.341016 0.872908 0.064281 0.131141
4 0.404461 0.596834 0.067453 0.104701
4 0.332813 0.477269 0.053594 0.125299
4 0.423859 0.398628 0.064906 0.122908
1 0.361609 0.223791 0.063594 0.104103
1 0.551391 0.335149 0.063156 0.132147
1 0.584875 0.428465 0.070969 0.128288
1 0.565016 0.531196 0.059594 0.115435
1 0.561820 0.633940 0.065516 0.107989
1 0.274969 0.821726 0.080469 0.134266
1 0.294898 0.696698 0.074172 0.132473
1 0.291805 0.572092 0.066047 0.120543
3 0.315047 0.367160 0.066969 0.119755
3 0.271570 0.453560 0.067203 0.125815
3 0.233672 0.624171 0.073875 0.127310
3 0.227758 0.734348 0.075672 0.128696
3 0.335859 0.762677 0.076781 0.121929
3 0.401695 0.863397 0.078172 0.133696
3 0.476016 0.851549 0.078750 0.110380
3 0.511445 0.580000 0.051891 0.127337
3 0.463281 0.556793 0.068219 0.102174
3 0.461734 0.471916 0.072344 0.100951
3 0.394219 0.307622 0.074031 0.083397
