0 0.505023 0.200937 0.064391 0.116495
0 0.413047 0.162065 0.064531 0.101033
0 0.445508 0.233478 0.058891 0.119457
0 0.481297 0.321359 0.069062 0.120109
0 0.608477 0.555082 0.056484 0.111141
0 0.616359 0.674851 0.060719 0.124755
0 0.381875 0.682147 0.072875 0.091141
0 0.378102 0.479402 0.066766 0.117120
0 0.288000 0.227052 0.057969 0.125245
2 0.461719 0.642473 0.060625 0.113967
2 0.560578 0.725204 0.059375 0.103940
2 0.496039 0.741522 0.049297 0.103152
2 0.428094 0.751644 0.053500 0.092364
2 0.330063 0.598057 0.058188 0.128342
2 0.513516 0.410870 0.053781 0.112717
2 0.358828 0.372853 0.050781 0.104620
4 0.238648 0.314633 0.062266 0.122364
4 0.202258 0.499851 0.070328 0.122527
4 0.334094 0.870652 0.050375 0.118533
4 0.395273 0.584293 0.068266 0.100000
4 0.320422 0.460095 0.051469 0.122092
4 0.417078 0.372935 0.062812 0.112500
1 0.350102 0.206495 0.057734 0.104728
1 0.541117 0.307432 0.051203 0.108505
1 0.584906 0.411250 0.056875 0.094837
1 0.557578 0.507323 0.044219 0.096005
1 0.560078 0.618886 0.057344 0.105435
1 0.254844 0.826073 0.047812 0.083071
1 0.281562 0.685978 0.061187 0.103043
1 0.277555 0.557554 0.057672 0.110761
3 0.300922 0.347337 0.061187 0.120217
3 0.259781 0.439226 0.063000 0.123777
3 0.222750 0.618329 0.068281 0.118179
3 0.215273 0.735910 0.072578 0.114103
3 0.328055 0.752500 0.073516 0.105543
3 0.397133 0.863179 0.064984 0.120326
3 0.473789 0.851495 0.071891 0.094130
3 0.511750 0.567092 0.048750 0.124185
3 0.456391 0.538533 0.067781 0.091522
3 0.455508 0.446155 0.067172 0.087473
3 0.385391 0.277554 0.070437 0.087391
