0 0.543234 0.088492 0.062875 0.137962
0 0.446617 0.045856 0.068109 0.091712
0 0.477875 0.109144 0.061719 0.124538
0 0.513898 0.209538 0.066828 0.117174
0 0.647422 0.458967 0.059625 0.116141
0 0.652797 0.586372 0.063281 0.127364
0 0.408578 0.582351 0.080625 0.101712
0 0.406836 0.368940 0.071766 0.121196
0 0.312461 0.092092 0.061359 0.130380
2 0.496836 0.551562 0.070016 0.132255
2 0.595469 0.645815 0.068750 0.128696
2 0.530672 0.654443 0.069875 0.132255
2 0.460648 0.673655 0.071078 0.120462
2 0.363156 0.491440 0.071438 0.134837
2 0.551117 0.314891 0.059391 0.128696
2 0.391500 0.252065 0.056719 0.112935
4 0.262969 0.182296 0.064812 0.127473
4 0.222156 0.378478 0.075000 0.128804
4 0.358797 0.778342 0.062250 0.131141
4 0.422391 0.480095 0.067438 0.104701
4 0.345484 0.347283 0.053594 0.125272
4 0.449117 0.261739 0.073047 0.108696
1 0.382297 0.082323 0.063594 0.104103
1 0.581234 0.202242 0.063156 0.132147
1 0.625203 0.315000 0.070969 0.128315
1 0.597633 0.415734 0.059578 0.115435
1 0.598930 0.531236 0.068953 0.118886
1 0.276750 0.734253 0.080469 0.134266
1 0.305930 0.595041 0.074172 0.132473
1 0.304008 0.456250 0.066047 0.120543
3 0.325922 0.220204 0.066969 0.119755
3 0.284250 0.311739 0.067219 0.125815
3 0.243172 0.501236 0.073875 0.127310
3 0.235063 0.624429 0.077656 0.128696
3 0.354063 0.650829 0.079219 0.121005
3 0.420641 0.764117 0.076094 0.133723
3 0.506336 0.755245 0.082734 0.118750
3 0.546562 0.462976 0.051875 0.127310
3 0.488281 0.435299 0.072969 0.096304
3 0.488500 0.339524 0.072344 0.100951
3 0.413234 0.156535 0.074031 0.083397
