0 0.554484 0.096141 0.063625 0.109511
0 0.455797 0.054130 0.068125 0.094076
0 0.488750 0.126889 0.061719 0.124538
0 0.530422 0.215435 0.070844 0.127826
0 0.673539 0.466332 0.059609 0.116141
0 0.684125 0.592364 0.063281 0.127337
0 0.418922 0.591671 0.080625 0.101712
0 0.418258 0.375788 0.071766 0.121196
0 0.318305 0.112187 0.061359 0.120951
2 0.512531 0.560394 0.070781 0.132255
2 0.625719 0.650421 0.068750 0.128668
2 0.553766 0.662704 0.069875 0.132255
2 0.476875 0.683981 0.071094 0.120462
2 0.368063 0.503628 0.071438 0.134864
2 0.567094 0.314103 0.058719 0.128696
2 0.396984 0.262717 0.056719 0.112935
4 0.262969 0.196481 0.064812 0.127473
4 0.216258 0.392731 0.075016 0.131114
4 0.359938 0.813478 0.062250 0.145870
4 0.436469 0.485041 0.069437 0.095136
4 0.351289 0.346087 0.053609 0.125272
4 0.459086 0.266250 0.073047 0.108696
1 0.385125 0.088533 0.063594 0.104076
1 0.601008 0.224633 0.063141 0.133234
1 0.653898 0.320095 0.070953 0.128288
1 0.623133 0.414171 0.059578 0.115462
1 0.623086 0.532921 0.068953 0.118886
1 0.279672 0.764565 0.080469 0.134239
1 0.309180 0.594334 0.074172 0.132473
1 0.307664 0.458614 0.066047 0.120543
3 0.331633 0.234864 0.066953 0.119783
3 0.285883 0.329701 0.067203 0.125815
3 0.232844 0.518492 0.073875 0.127310
3 0.229359 0.645462 0.077656 0.128696
3 0.357453 0.674470 0.079219 0.121005
3 0.434914 0.797446 0.076078 0.136522
3 0.526586 0.783641 0.082734 0.118750
3 0.566266 0.472432 0.051875 0.127310
3 0.503578 0.440367 0.072969 0.096277
3 0.500266 0.336766 0.072344 0.100978
3 0.425500 0.166277 0.074031 0.083370
