0 0.549008 0.105639 0.062859 0.137962
0 0.452734 0.051766 0.068125 0.094076
0 0.485359 0.126291 0.061719 0.124538
0 0.522055 0.220774 0.066828 0.117201
0 0.653992 0.480815 0.059609 0.116141
0 0.659328 0.604470 0.063281 0.127364
0 0.415750 0.598573 0.080625 0.101712
0 0.412953 0.383723 0.071750 0.121196
0 0.319602 0.116332 0.061359 0.130380
2 0.502141 0.571427 0.070031 0.132255
2 0.600234 0.661345 0.068750 0.128668
2 0.534578 0.668913 0.069875 0.132283
2 0.465070 0.687840 0.071078 0.120462
2 0.363844 0.510938 0.071438 0.134864
2 0.558430 0.330543 0.059391 0.128696
2 0.394734 0.272160 0.056719 0.112962
4 0.263828 0.204470 0.064812 0.127473
4 0.224875 0.398587 0.075000 0.128804
4 0.361859 0.798424 0.062250 0.131141
4 0.428516 0.500177 0.067437 0.104701
4 0.351969 0.362636 0.053594 0.125272
4 0.456125 0.276005 0.073062 0.108696
1 0.383969 0.091943 0.063594 0.104103
1 0.583781 0.222024 0.063156 0.132147
1 0.629820 0.331549 0.070953 0.128315
1 0.602258 0.431318 0.059578 0.115462
1 0.603375 0.548288 0.068969 0.118859
1 0.275719 0.759076 0.080469 0.134239
1 0.304227 0.610992 0.074172 0.132473
1 0.302227 0.468668 0.066047 0.120543
3 0.333398 0.240883 0.066953 0.119755
3 0.287312 0.338016 0.067219 0.125815
3 0.246234 0.521916 0.073875 0.127310
3 0.238469 0.647473 0.077656 0.128696
3 0.357797 0.674470 0.079219 0.121005
3 0.425742 0.790707 0.076078 0.133696
3 0.510867 0.784022 0.082734 0.118750
3 0.552000 0.486617 0.051875 0.127310
3 0.494875 0.453954 0.072969 0.096277
3 0.494953 0.357840 0.072344 0.100951
3 0.420844 0.174823 0.074031 0.083397
