3 0.289346 0.040370 0.081203 0.077222
4 0.502932 0.022134 0.061854 0.044269
3 0.365690 0.022792 0.054120 0.042954
3 0.367266 0.762347 0.086021 0.137454
3 0.457312 0.361921 0.071521 0.115120
3 0.777294 0.808806 0.083120 0.142611
1 0.178719 0.596870 0.083115 0.132296
4 0.230323 0.344093 0.067656 0.109963
0 0.160979 0.094426 0.057417 0.103000
3 0.170245 0.205014 0.057990 0.117528
1 0.304464 0.194801 0.067271 0.092787
1 0.344628 0.243824 0.066109 0.098963
1 0.395430 0.188588 0.063786 0.111343
2 0.389122 0.088778 0.062443 0.085926
2 0.137919 0.291097 0.076547 0.113398
2 0.119747 0.134181 0.056193 0.105194
2 0.211932 0.090565 0.056833 0.082185
2 0.244867 0.109620 0.061464 0.099593
3 0.219271 0.188944 0.063792 0.101037
3 0.288437 0.272495 0.060031 0.104620
3 0.329104 0.080435 0.067094 0.088833
