0 0.537781 0.233913 0.066906 0.123696
0 0.452047 0.187758 0.068125 0.098832
0 0.483273 0.264035 0.064516 0.122092
0 0.514547 0.340693 0.069625 0.124375
0 0.632914 0.567989 0.058234 0.116141
0 0.639102 0.680720 0.065297 0.127364
0 0.418125 0.681970 0.077094 0.093560
0 0.414461 0.490707 0.071766 0.121196
0 0.332883 0.246929 0.064141 0.130380
2 0.485398 0.650068 0.072016 0.133397
2 0.586641 0.733166 0.068750 0.118071
2 0.529000 0.741929 0.066406 0.132228
2 0.459187 0.761793 0.064188 0.120598
2 0.366641 0.601087 0.071438 0.134837
2 0.544328 0.436630 0.059375 0.128696
2 0.394742 0.387106 0.060141 0.114103
4 0.285438 0.333601 0.060656 0.127473
4 0.247297 0.500245 0.075000 0.128804
4 0.372320 0.864864 0.064297 0.131141
4 0.432312 0.587649 0.067437 0.104701
4 0.360805 0.470190 0.053609 0.125272
4 0.452547 0.388465 0.064906 0.122908
1 0.384141 0.216372 0.063594 0.104103
1 0.566281 0.329878 0.063156 0.132147
1 0.608758 0.426101 0.070953 0.128288
1 0.576758 0.533560 0.059578 0.115435
1 0.580664 0.628777 0.065516 0.107989
1 0.293063 0.822908 0.080469 0.134239
1 0.317672 0.685014 0.074188 0.132473
1 0.310789 0.564538 0.066047 0.120543
3 0.342578 0.361753 0.066969 0.119755
3 0.303281 0.445272 0.067219 0.125815
3 0.265484 0.618736 0.073875 0.127310
3 0.260250 0.727255 0.075687 0.128696
3 0.365375 0.753043 0.075813 0.122283
3 0.425984 0.859620 0.078156 0.133696
3 0.505422 0.844457 0.078750 0.110380
3 0.541125 0.575272 0.051875 0.127337
3 0.488016 0.547554 0.068219 0.102174
3 0.488719 0.463845 0.072344 0.100951
3 0.423328 0.303166 0.074031 0.083397
