0 0.538477 0.238247 0.062859 0.123723
0 0.452281 0.195774 0.068125 0.098832
0 0.485391 0.265082 0.064500 0.122120
0 0.515672 0.347527 0.069625 0.124402
0 0.636523 0.577622 0.059609 0.116114
0 0.642437 0.689470 0.063281 0.127364
0 0.422797 0.688478 0.081187 0.093587
0 0.419484 0.496603 0.071750 0.121196
0 0.332805 0.252582 0.064141 0.130380
2 0.497586 0.657500 0.072016 0.133370
2 0.585813 0.736848 0.068750 0.118043
2 0.529594 0.745788 0.069875 0.132283
2 0.464172 0.757337 0.066281 0.121739
2 0.372531 0.603750 0.071437 0.134837
2 0.547461 0.435462 0.059391 0.128696
2 0.402141 0.388927 0.060125 0.114103
4 0.285359 0.335829 0.060656 0.127473
4 0.250500 0.504633 0.075000 0.128777
4 0.371188 0.872908 0.064281 0.131141
4 0.437344 0.599008 0.067438 0.104701
4 0.366109 0.478451 0.053594 0.125272
4 0.456898 0.396739 0.064922 0.122935
1 0.386953 0.219742 0.063594 0.104103
1 0.571031 0.330883 0.063156 0.132147
1 0.611609 0.435788 0.070969 0.128315
1 0.584539 0.522935 0.059578 0.115435
1 0.582109 0.631535 0.065531 0.108016
1 0.294422 0.824470 0.080469 0.134266
1 0.320539 0.695122 0.074172 0.132473
1 0.320242 0.569538 0.066047 0.120543
3 0.344727 0.366889 0.066953 0.119755
3 0.304344 0.452908 0.067219 0.125815
3 0.266875 0.621644 0.073875 0.127310
3 0.263219 0.730272 0.076781 0.128696
3 0.370859 0.758913 0.079219 0.121033
3 0.428930 0.866196 0.078172 0.133696
3 0.507062 0.853234 0.078750 0.110380
3 0.545594 0.584389 0.051875 0.127310
3 0.493477 0.557446 0.068203 0.102174
3 0.493828 0.466848 0.072344 0.100978
3 0.428359 0.302201 0.074031 0.083370
