0 0.523219 0.227935 0.063625 0.109511
0 0.435742 0.191250 0.068109 0.094076
0 0.470406 0.256889 0.061719 0.124538
0 0.503375 0.334280 0.062062 0.106603
0 0.621375 0.559701 0.059625 0.116141
0 0.632641 0.665353 0.063281 0.127337
0 0.406234 0.667731 0.080625 0.101712
0 0.402078 0.470598 0.071750 0.121196
0 0.318211 0.245543 0.061359 0.120924
2 0.485141 0.639280 0.070781 0.132255
2 0.575078 0.707745 0.068750 0.128696
2 0.518422 0.713533 0.069875 0.132283
2 0.451820 0.742215 0.071078 0.120462
2 0.358266 0.585095 0.071438 0.134864
2 0.531078 0.426005 0.058719 0.128696
2 0.385500 0.372391 0.056719 0.112935
4 0.272906 0.330598 0.064813 0.127446
4 0.237156 0.497568 0.075000 0.131114
4 0.356539 0.852500 0.062234 0.145870
4 0.422031 0.578139 0.069437 0.095136
4 0.352836 0.464253 0.053609 0.125299
4 0.442867 0.377364 0.073047 0.108696
1 0.378906 0.223736 0.063594 0.104103
1 0.554047 0.325149 0.063156 0.132147
1 0.600602 0.410734 0.070953 0.128315
1 0.576086 0.487459 0.059578 0.115462
1 0.574148 0.602079 0.068953 0.118886
1 0.286047 0.810530 0.080469 0.134266
1 0.304227 0.663601 0.074172 0.132473
1 0.302914 0.533098 0.066047 0.120543
3 0.330977 0.354674 0.066953 0.119783
3 0.290813 0.439864 0.067219 0.125815
3 0.251719 0.604687 0.073875 0.127310
3 0.242531 0.721114 0.077656 0.128696
3 0.356766 0.740666 0.079219 0.121005
3 0.417922 0.845910 0.076094 0.136549
3 0.495461 0.830924 0.082734 0.118750
3 0.529562 0.557541 0.051875 0.127310
3 0.479922 0.533736 0.072969 0.096277
3 0.476266 0.442351 0.072344 0.100951
3 0.410828 0.291563 0.074031 0.083397
