0 0.527375 0.153899 0.062875 0.137962
0 0.431891 0.098098 0.068125 0.099946
0 0.467687 0.177704 0.061719 0.124538
0 0.502344 0.270611 0.066844 0.117201
0 0.629297 0.525829 0.059625 0.116114
0 0.635484 0.650177 0.063281 0.127364
0 0.393891 0.645910 0.081187 0.093560
0 0.392109 0.437500 0.071750 0.121196
0 0.299570 0.164185 0.064141 0.130380
2 0.477797 0.621590 0.070031 0.132255
2 0.580063 0.713261 0.068750 0.128696
2 0.515719 0.717473 0.069875 0.132283
2 0.444336 0.736304 0.071078 0.120489
2 0.345266 0.566304 0.071438 0.134837
2 0.537867 0.374565 0.059391 0.128696
2 0.374063 0.322989 0.056719 0.112935
4 0.248016 0.252840 0.064812 0.127473
4 0.208219 0.443505 0.075000 0.128804
4 0.344531 0.847486 0.064281 0.131114
4 0.409820 0.548057 0.067453 0.104701
4 0.333398 0.413859 0.053609 0.125272
4 0.436016 0.327690 0.066906 0.122935
1 0.369609 0.132351 0.063594 0.104103
1 0.568312 0.274035 0.063156 0.132147
1 0.613484 0.387853 0.070969 0.128315
1 0.578227 0.470870 0.059578 0.115435
1 0.582328 0.589701 0.067656 0.105815
1 0.273219 0.778709 0.080469 0.134266
1 0.290406 0.660448 0.074187 0.132473
1 0.291742 0.521277 0.066047 0.120543
3 0.315273 0.297024 0.066953 0.119755
3 0.270437 0.386576 0.067219 0.125815
3 0.226531 0.578071 0.073875 0.127337
3 0.221703 0.696902 0.077656 0.128696
3 0.340922 0.723342 0.079219 0.121033
3 0.405352 0.835625 0.076078 0.133696
3 0.490477 0.828940 0.082734 0.118750
3 0.532281 0.529959 0.051875 0.127310
3 0.474828 0.499470 0.072969 0.096277
3 0.472625 0.408872 0.072344 0.100951
3 0.401656 0.223587 0.074031 0.083370
