0 0.521102 0.216495 0.063609 0.109511
0 0.437398 0.181793 0.068109 0.094076
0 0.465547 0.245924 0.061719 0.124565
0 0.498359 0.317772 0.066062 0.103152
0 0.615539 0.514837 0.059609 0.116141
0 0.623812 0.625204 0.063281 0.127364
0 0.407406 0.625340 0.080625 0.101712
0 0.401070 0.446766 0.071766 0.121196
0 0.323820 0.231413 0.061359 0.120924
2 0.484266 0.598356 0.070781 0.132255
2 0.574203 0.675666 0.068750 0.128668
2 0.517906 0.677160 0.069875 0.132255
2 0.452781 0.695910 0.071094 0.120462
2 0.360148 0.552731 0.071422 0.134864
2 0.530969 0.398016 0.058719 0.128696
2 0.385859 0.347935 0.056719 0.112935
4 0.275797 0.311481 0.064812 0.127473
4 0.238344 0.463370 0.075000 0.131141
4 0.358375 0.813587 0.062250 0.145870
4 0.418766 0.546291 0.069438 0.095136
4 0.350953 0.427065 0.053594 0.125272
4 0.441180 0.359728 0.073047 0.108696
1 0.382422 0.195856 0.063594 0.104103
1 0.556664 0.292867 0.063141 0.133234
1 0.594578 0.390639 0.070969 0.128288
1 0.574695 0.461821 0.059578 0.115435
1 0.572984 0.573709 0.068969 0.118886
1 0.289484 0.763872 0.080469 0.134266
1 0.312273 0.628043 0.074172 0.132500
1 0.315336 0.520190 0.066047 0.120543
3 0.335828 0.332840 0.066969 0.119755
3 0.294539 0.407473 0.067203 0.125815
3 0.257445 0.565856 0.073859 0.127310
3 0.250078 0.675924 0.077656 0.128696
3 0.354438 0.691182 0.079219 0.121005
3 0.417758 0.799008 0.076078 0.136549
3 0.499414 0.782527 0.082734 0.118750
3 0.529078 0.522758 0.051875 0.127310
3 0.476437 0.501481 0.072969 0.096277
3 0.475484 0.418043 0.072344 0.100978
3 0.411602 0.278397 0.074016 0.083370
