0 0.524195 0.212595 0.062859 0.137962
0 0.435063 0.169647 0.068125 0.098859
0 0.467195 0.247880 0.064516 0.122120
0 0.500953 0.331630 0.069625 0.124402
0 0.622727 0.565027 0.059609 0.116141
0 0.627891 0.685448 0.063281 0.127364
0 0.402273 0.682962 0.081203 0.093587
0 0.399461 0.482745 0.071766 0.121196
0 0.310102 0.227418 0.064141 0.130380
2 0.484461 0.649660 0.070016 0.132255
2 0.582109 0.733356 0.068750 0.128668
2 0.517531 0.747228 0.069875 0.132283
2 0.448187 0.759348 0.071094 0.120489
2 0.357500 0.602568 0.071438 0.134864
2 0.537758 0.420082 0.059391 0.128696
2 0.382891 0.372228 0.056719 0.112935
4 0.259906 0.318247 0.064813 0.127473
4 0.224867 0.502609 0.075016 0.128804
4 0.353469 0.868179 0.064281 0.131141
4 0.416500 0.585693 0.067437 0.104701
4 0.342453 0.460734 0.053594 0.125272
4 0.438594 0.378533 0.064906 0.122935
1 0.376891 0.201780 0.063594 0.104103
1 0.571422 0.319742 0.063156 0.132147
1 0.601500 0.419796 0.070969 0.128288
1 0.583102 0.521739 0.059578 0.115435
1 0.576203 0.629538 0.067656 0.105815
1 0.288297 0.824484 0.080469 0.134239
1 0.308758 0.694334 0.074172 0.132473
1 0.301289 0.567065 0.066047 0.120543
3 0.321508 0.349035 0.066953 0.119755
3 0.282555 0.438804 0.067203 0.125815
3 0.242164 0.616481 0.073859 0.127310
3 0.237328 0.735516 0.077656 0.128696
3 0.350438 0.753682 0.079219 0.121005
3 0.413938 0.862228 0.078156 0.133696
3 0.492531 0.852582 0.084125 0.118750
3 0.528672 0.572120 0.051875 0.127337
3 0.476531 0.540842 0.072969 0.096304
3 0.475797 0.452609 0.072344 0.100978
3 0.406969 0.283288 0.074031 0.083370
