0 0.528945 0.163832 0.064578 0.109511
0 0.436680 0.128084 0.068109 0.095462
0 0.467789 0.199660 0.060203 0.124538
0 0.503859 0.279905 0.070844 0.127799
0 0.638992 0.500489 0.059234 0.117391
0 0.649094 0.623410 0.063281 0.127962
0 0.406516 0.631087 0.078594 0.095815
0 0.401062 0.429049 0.067750 0.121196
0 0.308992 0.191766 0.061359 0.120924
2 0.489773 0.599253 0.073391 0.128723
2 0.593187 0.676726 0.068750 0.121495
2 0.528047 0.688845 0.058719 0.118125
2 0.457891 0.714620 0.071656 0.120435
2 0.355367 0.553234 0.062547 0.131902
2 0.538867 0.365937 0.057609 0.112038
2 0.381109 0.323125 0.052656 0.103533
4 0.257891 0.277785 0.064812 0.127473
4 0.218203 0.455476 0.074281 0.127582
4 0.354953 0.832799 0.057969 0.132337
4 0.420172 0.534538 0.069437 0.097120
4 0.340531 0.411359 0.053594 0.125272
4 0.440734 0.328614 0.068281 0.108696
1 0.372797 0.171535 0.063594 0.104103
1 0.567852 0.262826 0.055672 0.105978
1 0.611195 0.362120 0.063266 0.098641
1 0.587125 0.440313 0.054188 0.097418
1 0.590523 0.562242 0.068297 0.098995
1 0.275820 0.791359 0.071297 0.117717
1 0.301375 0.634891 0.073906 0.104565
1 0.299484 0.503179 0.058062 0.117337
3 0.321773 0.307133 0.066953 0.118832
3 0.279258 0.393995 0.065141 0.125815
3 0.239219 0.568302 0.073125 0.124755
3 0.232031 0.688723 0.077656 0.126087
3 0.351578 0.707092 0.079219 0.119076
3 0.422797 0.821535 0.074094 0.134321
3 0.506305 0.803288 0.080328 0.113207
3 0.537750 0.518995 0.051875 0.128315
3 0.481219 0.490639 0.072969 0.088125
3 0.481156 0.401617 0.072344 0.087745
3 0.407430 0.237690 0.074016 0.083370
