3 0.413333 0.340551 0.050917 0.089083
4 0.519370 0.261083 0.061812 0.086574
3 0.499727 0.335065 0.049297 0.086870
4 0.438401 0.265787 0.057802 0.101815
0 0.195505 0.356046 0.046375 0.090667
0 0.254766 0.387435 0.053156 0.090926
0 0.281909 0.324028 0.057484 0.071981
0 0.466961 0.548889 0.052693 0.074889
1 0.259773 0.652843 0.048776 0.088315
1 0.215141 0.419241 0.041792 0.086130
0 0.248706 0.259236 0.049286 0.058361
0 0.292602 0.259949 0.042526 0.068731
1 0.238984 0.323787 0.043490 0.082481
3 0.326477 0.228926 0.050286 0.065833
3 0.373427 0.206273 0.057990 0.071769
1 0.332281 0.542597 0.047333 0.093454
4 0.276062 0.183722 0.056417 0.079000
4 0.506628 0.610773 0.049245 0.085861
2 0.491685 0.405944 0.044505 0.090833
1 0.383219 0.322315 0.038854 0.087574
3 0.473406 0.466134 0.053979 0.085861
3 0.475378 0.902028 0.059661 0.104352
4 0.346438 0.660417 0.063458 0.087574
1 0.434984 0.620875 0.048271 0.094269
1 0.320573 0.922778 0.077625 0.116222
3 0.480867 0.981722 0.065453 0.036556
3 0.578753 0.713204 0.065203 0.107259
3 0.471211 0.684449 0.049755 0.093250
3 0.815888 0.956440 0.084318 0.087120
1 0.227669 0.939120 0.076099 0.121759
4 0.340956 0.520380 0.062828 0.101389
0 0.335299 0.431912 0.050599 0.094213
3 0.619909 0.474366 0.058828 0.110269
1 0.549901 0.651204 0.048135 0.083907
1 0.521526 0.708477 0.055250 0.094769
1 0.532581 0.424931 0.049474 0.094491
2 0.450932 0.361819 0.050979 0.086787
2 0.245708 0.484819 0.049990 0.079361
2 0.320534 0.317319 0.050151 0.078806
2 0.358081 0.274153 0.045453 0.075731
2 0.443753 0.488667 0.059745 0.095704
3 0.390622 0.566829 0.059016 0.099491
3 0.523896 0.516394 0.063313 0.103065
3 0.423458 0.432500 0.056219 0.088833
