0 0.454875 0.214973 0.062875 0.137989
0 0.367094 0.167677 0.068125 0.098832
0 0.399000 0.240394 0.064500 0.122092
0 0.433656 0.322962 0.069625 0.124402
0 0.551367 0.556168 0.059609 0.116141
0 0.561969 0.661807 0.063281 0.127364
0 0.333859 0.674280 0.081188 0.093560
0 0.332758 0.474158 0.071766 0.121196
0 0.243164 0.235109 0.064141 0.130380
2 0.417328 0.644715 0.070031 0.132255
2 0.511203 0.717201 0.068750 0.128696
2 0.453187 0.732459 0.069875 0.132255
2 0.385203 0.750489 0.071094 0.120489
2 0.293156 0.596658 0.071438 0.134837
2 0.470930 0.415353 0.059391 0.128696
2 0.322172 0.370842 0.056719 0.112935
4 0.197719 0.319416 0.064813 0.127473
4 0.161531 0.495516 0.075000 0.128804
4 0.285734 0.855163 0.064281 0.131141
4 0.356883 0.577840 0.067453 0.104701
4 0.275172 0.459538 0.053594 0.125272
4 0.370859 0.373804 0.064906 0.122935
1 0.306656 0.203356 0.063594 0.104103
1 0.501016 0.313329 0.063156 0.132147
1 0.539430 0.414280 0.070953 0.128288
1 0.524273 0.506386 0.059578 0.115435
1 0.513680 0.614592 0.065516 0.107989
1 0.228484 0.813451 0.080469 0.134239
1 0.237617 0.680149 0.074172 0.132473
1 0.230867 0.549647 0.066047 0.120543
3 0.260102 0.348573 0.066953 0.119755
3 0.222359 0.433152 0.067219 0.125815
3 0.177258 0.611168 0.073859 0.127337
3 0.171859 0.724891 0.077656 0.128696
3 0.282016 0.746590 0.079219 0.121005
3 0.344836 0.845679 0.078172 0.133696
3 0.425477 0.834457 0.084141 0.118750
3 0.465344 0.564633 0.051875 0.127310
3 0.409250 0.533736 0.072969 0.096277
3 0.407609 0.443546 0.072344 0.100951
3 0.336062 0.283288 0.074031 0.083370
