3 0.389378 0.382130 0.053214 0.094852
4 0.561599 0.310917 0.063781 0.104444
3 0.441130 0.347134 0.051708 0.089546
4 0.481419 0.316366 0.048318 0.101824
0 0.229292 0.370898 0.046375 0.072185
0 0.283852 0.399463 0.053161 0.085907
0 0.308339 0.332426 0.040594 0.083796
0 0.375953 0.317065 0.058958 0.066389
1 0.325805 0.402560 0.042526 0.073454
1 0.239201 0.423792 0.041797 0.072639
0 0.282544 0.267940 0.058953 0.049787
0 0.335539 0.257796 0.042526 0.068722
1 0.269542 0.320431 0.043490 0.082472
3 0.367456 0.241023 0.051224 0.069194
3 0.416427 0.245250 0.057990 0.071759
1 0.349224 0.335278 0.034792 0.068722
4 0.308721 0.206949 0.047359 0.068324
3 0.438068 0.954972 0.074875 0.090056
3 0.543078 0.689199 0.071521 0.115120
3 0.802755 0.896194 0.083792 0.102500
1 0.303208 0.915815 0.079375 0.114426
4 0.353786 0.694347 0.062823 0.101380
0 0.269625 0.480546 0.044865 0.087500
3 0.287383 0.582019 0.053151 0.103796
1 0.399247 0.553583 0.067266 0.092778
1 0.445388 0.587009 0.058891 0.086130
1 0.477628 0.515139 0.052349 0.102722
2 0.472680 0.419056 0.056401 0.088093
2 0.266719 0.665847 0.053354 0.096250
2 0.238893 0.515023 0.047755 0.077269
2 0.310195 0.481245 0.042339 0.089083
2 0.351703 0.496801 0.048885 0.080694
3 0.326164 0.562023 0.050516 0.094602
3 0.388768 0.640704 0.047932 0.091741
3 0.417924 0.430801 0.058943 0.088824
