0 0.520687 0.224293 0.063625 0.109511
0 0.436422 0.189212 0.068125 0.094076
0 0.463297 0.258030 0.061719 0.124538
0 0.495258 0.327772 0.066078 0.103152
0 0.613570 0.526848 0.059609 0.116141
0 0.623812 0.637215 0.063281 0.127364
0 0.404063 0.636848 0.080625 0.101739
0 0.399422 0.457636 0.071750 0.121196
0 0.320336 0.238709 0.061359 0.120951
2 0.482391 0.608628 0.070781 0.132255
2 0.572109 0.686223 0.068750 0.128696
2 0.515266 0.690312 0.069875 0.132255
2 0.450805 0.706780 0.071078 0.120462
2 0.357469 0.561861 0.071438 0.134864
2 0.527484 0.409837 0.058719 0.128696
2 0.384516 0.360543 0.056719 0.112935
4 0.273844 0.317296 0.064812 0.127473
4 0.236219 0.466916 0.075000 0.131114
4 0.356297 0.820489 0.062250 0.145870
4 0.419422 0.552595 0.069437 0.095136
4 0.348687 0.438587 0.053594 0.125272
4 0.439539 0.366005 0.073047 0.108696
1 0.381406 0.212269 0.063594 0.104103
1 0.552117 0.306739 0.063141 0.133261
1 0.593688 0.398777 0.070969 0.128315
1 0.573617 0.473016 0.059578 0.115435
1 0.568398 0.579117 0.068953 0.118886
1 0.288203 0.771087 0.080469 0.134239
1 0.311555 0.631481 0.074172 0.132473
1 0.314164 0.523641 0.066047 0.120543
3 0.331391 0.342446 0.066969 0.119783
3 0.293141 0.415462 0.067219 0.125815
3 0.257031 0.571753 0.073875 0.127310
3 0.249109 0.683505 0.077656 0.128696
3 0.355531 0.699959 0.079219 0.121005
3 0.416945 0.806807 0.076078 0.136549
3 0.497180 0.789728 0.082734 0.118750
3 0.527531 0.535476 0.051875 0.127310
3 0.475656 0.510693 0.072969 0.096277
3 0.472922 0.427921 0.072344 0.100951
3 0.410516 0.288274 0.074031 0.083397
