0 0.505172 0.215014 0.062875 0.123723
0 0.415695 0.170625 0.068109 0.098859
0 0.448617 0.246889 0.064516 0.122092
0 0.478859 0.324144 0.069625 0.124375
0 0.598258 0.552636 0.059609 0.116141
0 0.604109 0.665353 0.063281 0.127337
0 0.385344 0.665122 0.081188 0.093560
0 0.380672 0.475924 0.071750 0.121196
0 0.295164 0.230380 0.064141 0.130380
2 0.460219 0.639198 0.070031 0.132255
2 0.549594 0.711875 0.068750 0.128696
2 0.490219 0.725951 0.069875 0.132283
2 0.426320 0.743383 0.071078 0.120462
2 0.336188 0.588573 0.071438 0.134864
2 0.513742 0.419484 0.059391 0.128696
2 0.360930 0.371454 0.060141 0.114103
4 0.248391 0.312921 0.060656 0.127473
4 0.213484 0.488125 0.075000 0.128804
4 0.337219 0.849864 0.064281 0.131141
4 0.395883 0.578193 0.067453 0.104701
4 0.324445 0.456005 0.053609 0.125272
4 0.419453 0.373804 0.064906 0.122935
1 0.350156 0.202174 0.063594 0.104076
1 0.531609 0.316291 0.063156 0.132147
1 0.573070 0.411916 0.070953 0.128288
1 0.543461 0.508152 0.059578 0.115435
1 0.548047 0.612228 0.065531 0.107989
1 0.249328 0.798859 0.080469 0.134239
1 0.283977 0.674008 0.074172 0.132473
1 0.272461 0.545625 0.066047 0.120543
3 0.310289 0.346671 0.066953 0.119755
3 0.268961 0.432880 0.067203 0.125815
3 0.230953 0.604660 0.073875 0.127310
3 0.225891 0.715435 0.077656 0.128696
3 0.334359 0.738315 0.079219 0.121033
3 0.395813 0.837989 0.078156 0.133696
3 0.468969 0.828533 0.084125 0.118750
3 0.507141 0.561087 0.051875 0.127337
3 0.455125 0.533152 0.072969 0.096304
3 0.455188 0.445312 0.072344 0.100951
3 0.388125 0.284715 0.074031 0.083397
