0 0.528250 0.199334 0.063625 0.109538
0 0.443633 0.163587 0.068109 0.094076
0 0.472031 0.226644 0.061719 0.124538
0 0.507578 0.303777 0.070281 0.124891
0 0.628398 0.508492 0.059609 0.116114
0 0.636047 0.621617 0.063281 0.127364
0 0.413078 0.620720 0.080625 0.101712
0 0.409195 0.439375 0.071766 0.121196
0 0.328367 0.215489 0.061359 0.120924
2 0.490641 0.582079 0.070781 0.132255
2 0.584734 0.659986 0.068750 0.128668
2 0.529328 0.668533 0.069875 0.132283
2 0.462461 0.684062 0.071078 0.120462
2 0.367234 0.541875 0.071438 0.134837
2 0.539625 0.383832 0.058719 0.128696
2 0.391281 0.328505 0.056719 0.112935
4 0.279641 0.294307 0.064813 0.127473
4 0.240898 0.457160 0.075016 0.131114
4 0.360859 0.805299 0.062250 0.145870
4 0.429422 0.531481 0.069437 0.095136
4 0.355531 0.419090 0.053594 0.125299
4 0.445453 0.341196 0.073063 0.108696
1 0.387016 0.178139 0.063594 0.104103
1 0.566727 0.275367 0.063141 0.133234
1 0.607891 0.376780 0.070969 0.128288
1 0.581930 0.446793 0.059578 0.115435
1 0.586156 0.559524 0.068969 0.118886
1 0.289250 0.760027 0.080469 0.134239
1 0.311805 0.622323 0.074172 0.132473
1 0.313102 0.504728 0.066047 0.120543
3 0.337344 0.323043 0.066969 0.119783
3 0.295125 0.401848 0.067219 0.125815
3 0.257453 0.558764 0.073875 0.127310
3 0.251250 0.666793 0.077656 0.128696
3 0.361687 0.688030 0.079219 0.121005
3 0.424523 0.793274 0.076078 0.136549
3 0.505242 0.778668 0.082734 0.118750
3 0.536359 0.518533 0.051875 0.127337
3 0.481969 0.490802 0.072969 0.096277
3 0.484453 0.411005 0.072344 0.100978
3 0.416477 0.261698 0.074016 0.083397
