0 0.517109 0.164103 0.063625 0.109511
0 0.413180 0.120883 0.068109 0.095462
0 0.449328 0.201345 0.061719 0.124538
0 0.488789 0.294049 0.070859 0.127826
0 0.638367 0.545516 0.059609 0.116141
0 0.650984 0.684266 0.063281 0.127337
0 0.371234 0.682500 0.078594 0.095815
0 0.370164 0.455217 0.067734 0.121196
0 0.273039 0.183111 0.061359 0.120951
2 0.470562 0.649443 0.070781 0.132255
2 0.581203 0.743207 0.068750 0.128696
2 0.508602 0.751345 0.059641 0.118125
2 0.432789 0.787120 0.071078 0.120489
2 0.318297 0.596644 0.071438 0.134864
2 0.532172 0.390543 0.058719 0.128696
2 0.353453 0.337174 0.056719 0.112935
4 0.215781 0.276535 0.064813 0.127473
4 0.166219 0.474538 0.075000 0.131141
4 0.311680 0.913940 0.062234 0.145870
4 0.389398 0.575774 0.069422 0.095136
4 0.303711 0.433573 0.053609 0.125299
4 0.417375 0.341902 0.068281 0.108696
1 0.341984 0.158437 0.063594 0.104103
1 0.561172 0.286168 0.055656 0.105978
1 0.610109 0.394198 0.070969 0.128288
1 0.577469 0.483288 0.054188 0.100000
1 0.581625 0.607989 0.068969 0.118859
1 0.224953 0.870652 0.080469 0.134239
1 0.255969 0.693696 0.074187 0.121739
1 0.251898 0.542554 0.059172 0.120543
3 0.284453 0.311223 0.066969 0.119783
3 0.234273 0.409837 0.065141 0.125815
3 0.183367 0.606658 0.073859 0.127337
3 0.173203 0.739076 0.077656 0.128696
3 0.309203 0.773764 0.079219 0.121005
3 0.387703 0.906196 0.074094 0.136522
3 0.487977 0.885299 0.082734 0.118750
3 0.525484 0.554008 0.051875 0.127310
3 0.460891 0.523655 0.072969 0.088125
3 0.461297 0.422269 0.072344 0.100951
3 0.384312 0.243098 0.074031 0.083370
