0 0.538687 0.139579 0.063625 0.109538
0 0.447984 0.096984 0.068125 0.094076
0 0.481617 0.166481 0.061703 0.124538
0 0.517336 0.253859 0.070859 0.127826
0 0.649664 0.478451 0.059609 0.116141
0 0.660422 0.603601 0.063281 0.127364
0 0.413938 0.599552 0.080625 0.101712
0 0.412414 0.392826 0.071766 0.121196
0 0.318234 0.151793 0.061375 0.120924
2 0.503359 0.570095 0.070781 0.132255
2 0.598484 0.654416 0.068750 0.128668
2 0.538516 0.662704 0.069875 0.132255
2 0.467539 0.681033 0.071078 0.120489
2 0.369984 0.513709 0.071437 0.134864
2 0.554016 0.335870 0.058719 0.128696
2 0.393125 0.285163 0.056719 0.112935
4 0.268750 0.235503 0.064813 0.127473
4 0.226562 0.417459 0.075000 0.131114
4 0.359938 0.807880 0.062250 0.145870
4 0.434461 0.502405 0.069422 0.095136
4 0.351086 0.371630 0.053609 0.125272
4 0.454430 0.299946 0.073047 0.108696
1 0.383453 0.123560 0.063594 0.104076
1 0.587773 0.242541 0.063141 0.133234
1 0.633867 0.338519 0.070953 0.128288
1 0.598578 0.422609 0.059594 0.115435
1 0.604812 0.534959 0.068969 0.118886
1 0.284406 0.759755 0.080469 0.134239
1 0.309320 0.599171 0.074172 0.132473
1 0.309367 0.468668 0.066047 0.120543
3 0.331703 0.273546 0.066969 0.119755
3 0.288750 0.351766 0.067219 0.125815
3 0.244961 0.529158 0.073859 0.127337
3 0.237438 0.652785 0.077656 0.128723
3 0.360875 0.677024 0.079219 0.121005
3 0.428797 0.792717 0.076094 0.136522
3 0.514758 0.777962 0.082734 0.118750
3 0.550500 0.486617 0.051875 0.127310
3 0.493859 0.456318 0.072969 0.096277
3 0.489516 0.363764 0.072344 0.100951
3 0.420906 0.213560 0.074031 0.083370
