0 0.493070 0.143478 0.063609 0.109511
0 0.391875 0.101046 0.068125 0.095462
0 0.428203 0.174905 0.061719 0.124538
0 0.469578 0.262024 0.070844 0.127799
0 0.612227 0.493288 0.059609 0.116141
0 0.623500 0.616345 0.063281 0.127364
0 0.357187 0.624837 0.078594 0.095815
0 0.355891 0.418478 0.067750 0.121196
0 0.259172 0.164674 0.061375 0.120924
2 0.453625 0.595530 0.070781 0.132255
2 0.560734 0.676495 0.068750 0.128696
2 0.492289 0.699063 0.059641 0.118125
2 0.413531 0.711209 0.071094 0.120462
2 0.304453 0.546997 0.071438 0.134864
2 0.508516 0.351821 0.058719 0.112065
2 0.334430 0.305272 0.052641 0.103533
4 0.203617 0.257636 0.064828 0.127446
4 0.160062 0.447024 0.075000 0.131114
4 0.308906 0.850978 0.058906 0.133967
4 0.375930 0.524932 0.069422 0.095136
4 0.292031 0.397894 0.053594 0.125299
4 0.398656 0.311060 0.068281 0.108696
1 0.328484 0.154348 0.063594 0.104076
1 0.539141 0.250163 0.055656 0.105978
1 0.581016 0.352989 0.064187 0.098641
1 0.554906 0.446168 0.054188 0.100000
1 0.558594 0.568764 0.068969 0.118886
1 0.221422 0.812500 0.080469 0.134239
1 0.244883 0.637772 0.074172 0.121739
1 0.246508 0.501821 0.059172 0.120543
3 0.272656 0.289090 0.066969 0.119755
3 0.227039 0.385489 0.065141 0.125815
3 0.179016 0.568356 0.073875 0.127310
3 0.173094 0.692867 0.077656 0.128723
3 0.296281 0.704158 0.079219 0.121033
3 0.377437 0.836141 0.074094 0.136522
3 0.467898 0.813940 0.082734 0.118750
3 0.501844 0.506590 0.051875 0.127310
3 0.439375 0.475978 0.072969 0.088098
3 0.440984 0.384538 0.072344 0.086793
3 0.364422 0.217418 0.074031 0.083370
