0 0.517391 0.246929 0.066906 0.123696
0 0.426906 0.206671 0.068125 0.098832
0 0.463578 0.270000 0.067187 0.122011
0 0.492797 0.353696 0.069625 0.124402
0 0.613203 0.585734 0.058219 0.116141
0 0.619391 0.698451 0.065313 0.127337
0 0.395688 0.696753 0.077094 0.093560
0 0.392570 0.507255 0.071766 0.121196
0 0.307727 0.268207 0.064141 0.130380
2 0.473227 0.664253 0.072016 0.133397
2 0.571688 0.731997 0.068750 0.118071
2 0.509969 0.744293 0.066406 0.132228
2 0.444086 0.769022 0.064203 0.120598
2 0.352734 0.620299 0.071438 0.134837
2 0.525977 0.449647 0.059391 0.128696
2 0.379391 0.398438 0.060125 0.114103
4 0.259609 0.345421 0.060656 0.127473
4 0.222828 0.515598 0.075000 0.128804
4 0.349625 0.884728 0.064281 0.131141
4 0.409477 0.603016 0.067453 0.104728
4 0.339055 0.485543 0.053609 0.125272
4 0.434516 0.404538 0.064906 0.122935
1 0.369188 0.229361 0.063594 0.104103
1 0.556766 0.345258 0.063156 0.132147
1 0.598563 0.427283 0.070969 0.128315
1 0.573367 0.543016 0.059578 0.115435
1 0.569117 0.631141 0.065516 0.107989
1 0.290344 0.826454 0.080469 0.134266
1 0.300836 0.704986 0.074172 0.132473
1 0.297461 0.579185 0.066047 0.120543
3 0.324562 0.378601 0.066969 0.119755
3 0.279500 0.464212 0.067219 0.125815
3 0.240469 0.637188 0.073875 0.127310
3 0.237414 0.747337 0.075672 0.128696
3 0.344617 0.770082 0.075828 0.122283
3 0.408719 0.876807 0.078156 0.133723
3 0.480547 0.868098 0.078750 0.110380
3 0.521422 0.600095 0.051875 0.127310
3 0.468617 0.563696 0.068203 0.102174
3 0.469906 0.477432 0.072344 0.100951
3 0.401984 0.316399 0.074031 0.083397
