0 0.316750 0.218465 0.075094 0.116929
0 0.297469 0.333927 0.071531 0.131766
0 0.340695 0.429375 0.077828 0.134837
0 0.392406 0.610489 0.072719 0.115978
0 0.651227 0.401766 0.065391 0.136793
0 0.585000 0.590870 0.071844 0.140217
0 0.528344 0.550720 0.066688 0.124592
0 0.477055 0.826970 0.080234 0.148397
0 0.403023 0.851508 0.076766 0.139158
3 0.433477 0.062948 0.077109 0.108886
3 0.372641 0.140204 0.077125 0.120353
3 0.428617 0.280639 0.062766 0.129158
3 0.409484 0.396807 0.068812 0.122527
3 0.541914 0.137323 0.074859 0.133234
3 0.584602 0.210761 0.075797 0.128533
3 0.642586 0.275543 0.071078 0.121793
3 0.470266 0.490774 0.076438 0.118342
3 0.462148 0.610136 0.070234 0.126793
3 0.333453 0.663601 0.071938 0.124212
3 0.341102 0.780910 0.080578 0.121332
4 0.537836 0.436073 0.069922 0.122038
4 0.601445 0.480476 0.072922 0.128016
4 0.631391 0.697785 0.078906 0.139321
4 0.326695 0.548804 0.077016 0.125272
4 0.484789 0.276834 0.075391 0.127201
4 0.503602 0.213927 0.076047 0.107527
2 0.513523 0.019022 0.077016 0.038043
2 0.497820 0.098940 0.072266 0.134185
2 0.362727 0.305258 0.076359 0.133071
2 0.428484 0.727242 0.075875 0.134375
2 0.550898 0.777106 0.077828 0.140951
2 0.248914 0.552554 0.078453 0.135652
1 0.233242 0.440136 0.079172 0.118967
1 0.264352 0.683995 0.080422 0.140489
1 0.516328 0.668016 0.068594 0.124185
1 0.442164 0.168791 0.072859 0.118071
1 0.568453 0.065000 0.072219 0.110163
1 0.595773 0.355068 0.060984 0.134321
1 0.540438 0.325788 0.064813 0.128967
1 0.475906 0.388247 0.076844 0.103614
2 0.395516 0.502772 0.076156 0.116739
