0 0.544594 0.243370 0.062875 0.123696
0 0.454773 0.201957 0.068109 0.098859
0 0.487352 0.273492 0.064516 0.122092
0 0.520656 0.354878 0.069625 0.124375
0 0.636984 0.578641 0.058219 0.116141
0 0.642492 0.689008 0.065297 0.127364
0 0.425609 0.692024 0.081188 0.093560
0 0.421117 0.500136 0.071766 0.121196
0 0.337633 0.256386 0.064141 0.130380
2 0.497234 0.655190 0.072000 0.133370
2 0.592078 0.744986 0.068750 0.118071
2 0.532703 0.745448 0.069875 0.132255
2 0.470203 0.769348 0.064188 0.120598
2 0.383203 0.601386 0.071438 0.134837
2 0.555039 0.443723 0.059391 0.128696
2 0.402047 0.388587 0.060125 0.114130
4 0.290875 0.340693 0.060656 0.127473
4 0.253406 0.511467 0.075000 0.128804
4 0.380750 0.875503 0.064281 0.131114
4 0.438023 0.594742 0.067453 0.104701
4 0.366922 0.480815 0.053594 0.125272
4 0.460562 0.396264 0.064906 0.122908
1 0.395687 0.225815 0.063594 0.104076
1 0.581219 0.341698 0.063156 0.132147
1 0.613969 0.432011 0.070969 0.128315
1 0.588586 0.530489 0.059578 0.115435
1 0.590867 0.629959 0.065516 0.108016
1 0.303656 0.826916 0.080469 0.134266
1 0.326656 0.691087 0.074188 0.132500
1 0.328961 0.571304 0.066047 0.120543
3 0.352430 0.375041 0.066953 0.119755
3 0.310078 0.454755 0.067219 0.125815
3 0.272406 0.621807 0.073875 0.127310
3 0.268336 0.736712 0.075672 0.128696
3 0.377852 0.756046 0.079234 0.121005
3 0.434555 0.863397 0.078172 0.133696
3 0.513852 0.856277 0.078766 0.110380
3 0.547250 0.590639 0.051875 0.127310
3 0.497430 0.558560 0.068203 0.102174
3 0.498000 0.477826 0.072344 0.100978
3 0.427813 0.309307 0.074031 0.083397
