0 0.548539 0.112092 0.063609 0.109511
0 0.450156 0.069484 0.068125 0.094076
0 0.487125 0.146970 0.061719 0.124538
0 0.523047 0.231630 0.070844 0.127826
0 0.664195 0.472717 0.059609 0.116141
0 0.675328 0.599171 0.063281 0.127364
0 0.414391 0.597976 0.080625 0.101712
0 0.412867 0.385734 0.071766 0.121196
0 0.318445 0.129457 0.061359 0.120924
2 0.506719 0.566698 0.070781 0.132255
2 0.618922 0.652785 0.068750 0.128668
2 0.548336 0.662704 0.069859 0.132255
2 0.473977 0.683329 0.071078 0.120462
2 0.367125 0.505000 0.071438 0.134837
2 0.566250 0.326114 0.058719 0.128696
2 0.396266 0.262717 0.056719 0.112935
4 0.263563 0.214049 0.064812 0.127446
4 0.219883 0.407215 0.075016 0.131114
4 0.359938 0.811005 0.062250 0.145870
4 0.434859 0.497541 0.069437 0.095136
4 0.349797 0.353668 0.053594 0.125272
4 0.455789 0.279266 0.073047 0.108696
1 0.384391 0.092948 0.063594 0.104103
1 0.597539 0.225095 0.063141 0.133234
1 0.644508 0.322323 0.070953 0.128288
1 0.612445 0.412989 0.059578 0.115435
1 0.614594 0.535285 0.068969 0.118886
1 0.281781 0.762432 0.080469 0.134266
1 0.308539 0.596562 0.074172 0.132473
1 0.307180 0.462065 0.066047 0.120543
3 0.331086 0.244796 0.066953 0.119755
3 0.286867 0.340272 0.067203 0.125815
3 0.237734 0.521318 0.073875 0.127310
3 0.231531 0.647337 0.077656 0.128696
3 0.358969 0.675611 0.079219 0.121005
3 0.429852 0.800734 0.076078 0.136522
3 0.520203 0.782690 0.082750 0.118750
3 0.557844 0.482364 0.051875 0.127337
3 0.499297 0.445679 0.072969 0.096304
3 0.496984 0.351345 0.072344 0.100951
3 0.424414 0.176916 0.074016 0.083397
