0 0.603047 0.116861 0.062875 0.137962
0 0.511867 0.057106 0.068109 0.099973
0 0.543766 0.144647 0.064500 0.122120
0 0.575750 0.234361 0.066844 0.117201
0 0.697492 0.472255 0.059609 0.116141
0 0.702656 0.596807 0.063281 0.127364
0 0.471828 0.590367 0.081187 0.093560
0 0.468688 0.384321 0.071750 0.121196
0 0.381820 0.121658 0.064141 0.130380
2 0.549711 0.569063 0.070016 0.132255
2 0.648484 0.648641 0.068750 0.128696
2 0.581305 0.656793 0.069859 0.132283
2 0.518414 0.666562 0.071078 0.120462
2 0.424328 0.496182 0.071438 0.134864
2 0.607539 0.333804 0.059391 0.128696
2 0.450625 0.273342 0.056719 0.112935
4 0.334328 0.207133 0.064813 0.127473
4 0.292836 0.393859 0.075016 0.128804
4 0.422344 0.774810 0.064281 0.131141
4 0.486961 0.494864 0.067453 0.104728
4 0.417898 0.363804 0.053609 0.125272
4 0.510188 0.279239 0.064906 0.122935
1 0.443937 0.096970 0.063594 0.104103
1 0.631516 0.219959 0.063156 0.132147
1 0.678078 0.325625 0.070969 0.128315
1 0.648133 0.422446 0.059578 0.115435
1 0.649617 0.534130 0.067641 0.105815
1 0.333828 0.730707 0.080469 0.134239
1 0.373555 0.587948 0.074172 0.132473
1 0.368836 0.455082 0.066047 0.120543
3 0.395250 0.247378 0.066969 0.119755
3 0.353586 0.337717 0.067203 0.125815
3 0.315906 0.513057 0.073875 0.127310
3 0.310500 0.622038 0.077656 0.128696
3 0.420672 0.656753 0.079219 0.121005
3 0.483852 0.770027 0.076078 0.133696
3 0.564805 0.763533 0.084141 0.118750
3 0.602969 0.479524 0.051875 0.127310
3 0.548578 0.452188 0.072969 0.096277
3 0.546937 0.357242 0.072344 0.100951
3 0.478797 0.182813 0.074031 0.083397
