0 0.572117 0.121590 0.062859 0.137962
0 0.477203 0.068940 0.068125 0.099946
0 0.509445 0.148193 0.064516 0.122092
0 0.545164 0.233179 0.066828 0.117174
0 0.668945 0.487011 0.059609 0.116141
0 0.675469 0.607432 0.063281 0.127364
0 0.439547 0.599823 0.081188 0.093560
0 0.440141 0.391984 0.071750 0.121196
0 0.349195 0.124592 0.064141 0.130380
2 0.520484 0.574389 0.070031 0.132255
2 0.619266 0.661644 0.068750 0.128668
2 0.557172 0.666250 0.069875 0.132283
2 0.491914 0.680747 0.071078 0.120462
2 0.390687 0.513315 0.071437 0.134837
2 0.578992 0.341467 0.059391 0.128696
2 0.422422 0.282799 0.056719 0.112935
4 0.300687 0.215394 0.064813 0.127473
4 0.262930 0.404497 0.075016 0.128777
4 0.391422 0.790163 0.064281 0.131141
4 0.456031 0.507269 0.067438 0.104701
4 0.383234 0.371495 0.053594 0.125272
4 0.481805 0.285734 0.065891 0.122935
1 0.413016 0.096372 0.063594 0.104103
1 0.606031 0.228818 0.063156 0.132147
1 0.646813 0.341590 0.070969 0.128288
1 0.618727 0.433668 0.059578 0.115435
1 0.618688 0.547147 0.067656 0.105815
1 0.308688 0.732473 0.080469 0.134239
1 0.344156 0.602432 0.074187 0.132473
1 0.334508 0.469864 0.066047 0.120543
3 0.361602 0.251508 0.066953 0.119755
3 0.321984 0.346005 0.067219 0.125815
3 0.280898 0.523696 0.073859 0.127337
3 0.274813 0.642147 0.077656 0.128696
3 0.388719 0.667976 0.079219 0.121005
3 0.455648 0.779484 0.076078 0.133696
3 0.534219 0.775353 0.084125 0.118750
3 0.575109 0.494307 0.051875 0.127310
3 0.517313 0.459280 0.072969 0.096277
3 0.520094 0.368492 0.072344 0.100951
3 0.446844 0.183981 0.074031 0.083397
