0 0.520555 0.226902 0.063609 0.109511
0 0.436422 0.191495 0.068125 0.094076
0 0.463156 0.261236 0.061719 0.124538
0 0.495258 0.330489 0.066078 0.103152
0 0.612914 0.530842 0.059609 0.116141
0 0.623812 0.641209 0.063281 0.127364
0 0.403062 0.640530 0.080625 0.101712
0 0.398875 0.461250 0.071750 0.121196
0 0.319281 0.240340 0.061375 0.120951
2 0.481766 0.612052 0.070781 0.132255
2 0.571688 0.690408 0.068750 0.128696
2 0.514391 0.694701 0.069875 0.132283
2 0.450148 0.710408 0.071078 0.120489
2 0.357047 0.564334 0.071438 0.134864
2 0.526773 0.413777 0.058703 0.128696
2 0.384063 0.364728 0.056719 0.112935
4 0.273844 0.319008 0.064812 0.127473
4 0.235516 0.467894 0.075000 0.131114
4 0.355609 0.822799 0.062250 0.145870
4 0.419641 0.554688 0.069438 0.095136
4 0.348117 0.443016 0.053609 0.125272
4 0.438992 0.368098 0.073047 0.108696
1 0.381406 0.217921 0.063594 0.104103
1 0.551547 0.310421 0.063156 0.133234
1 0.594258 0.402473 0.070953 0.128315
1 0.573258 0.476766 0.059578 0.115435
1 0.568258 0.581590 0.068953 0.118886
1 0.287781 0.773478 0.080469 0.134239
1 0.311172 0.632473 0.074187 0.132500
1 0.313414 0.523641 0.066047 0.120543
3 0.329547 0.345897 0.066969 0.119783
3 0.292859 0.416929 0.067219 0.125815
3 0.256844 0.573736 0.073875 0.127310
3 0.248781 0.686060 0.077656 0.128696
3 0.354953 0.704552 0.079219 0.121005
3 0.416672 0.809402 0.076094 0.136522
3 0.496445 0.792120 0.082734 0.118750
3 0.527531 0.539416 0.051875 0.127310
3 0.474938 0.513641 0.072969 0.096304
3 0.472625 0.432106 0.072344 0.100951
3 0.410375 0.289986 0.074031 0.083397
