3 0.321185 0.719532 0.086016 0.137454
3 0.422672 0.301995 0.071521 0.115120
3 0.759992 0.772833 0.083120 0.142611
1 0.116771 0.537838 0.083115 0.132306
4 0.193497 0.262861 0.067651 0.109963
0 0.116242 0.029301 0.060307 0.058602
3 0.121859 0.136319 0.057990 0.117528
1 0.257602 0.119986 0.067266 0.092787
1 0.307206 0.181921 0.066109 0.098972
1 0.363859 0.118718 0.063792 0.111343
2 0.352411 0.025796 0.061469 0.051593
2 0.086326 0.216310 0.076547 0.113398
2 0.069997 0.052602 0.053349 0.105204
2 0.150516 0.033116 0.056833 0.053602
2 0.208638 0.038005 0.061464 0.076009
3 0.174013 0.114639 0.063786 0.101037
3 0.240451 0.203139 0.064974 0.113407
3 0.293029 0.029921 0.060307 0.059843
