0 0.527984 0.168832 0.063625 0.109511
0 0.424195 0.122052 0.068109 0.095462
0 0.461562 0.207255 0.061719 0.124565
0 0.497625 0.295231 0.070844 0.127799
0 0.651281 0.554973 0.059625 0.116141
0 0.661859 0.697269 0.063281 0.127364
0 0.384828 0.696685 0.078594 0.095815
0 0.380359 0.461141 0.067750 0.121196
0 0.281531 0.185489 0.061375 0.120924
2 0.480766 0.658899 0.070781 0.132255
2 0.593438 0.757976 0.068750 0.128668
2 0.523727 0.761399 0.064047 0.118125
2 0.440945 0.796576 0.071078 0.120489
2 0.326234 0.596644 0.071438 0.134864
2 0.541109 0.395571 0.058719 0.128696
2 0.358891 0.338342 0.056719 0.112935
4 0.221742 0.277269 0.064828 0.127473
4 0.171625 0.477351 0.075000 0.131114
4 0.319844 0.925761 0.062250 0.145870
4 0.402313 0.581671 0.069437 0.095136
4 0.313227 0.439484 0.053609 0.125272
4 0.426563 0.343098 0.068281 0.108696
1 0.351500 0.156073 0.063594 0.104103
1 0.570016 0.280272 0.058656 0.116902
1 0.618812 0.394660 0.070969 0.128288
1 0.592398 0.493370 0.059578 0.115435
1 0.592844 0.617432 0.068969 0.118886
1 0.233578 0.878465 0.080469 0.134266
1 0.261406 0.703152 0.074187 0.121739
1 0.261070 0.543152 0.059172 0.120543
3 0.292609 0.315951 0.066969 0.119783
3 0.243789 0.411033 0.065141 0.125815
3 0.190844 0.619416 0.073875 0.127310
3 0.180688 0.755625 0.077656 0.128696
3 0.316672 0.783220 0.079219 0.121005
3 0.398211 0.914470 0.076078 0.136549
3 0.494102 0.898288 0.082734 0.118750
3 0.537719 0.564633 0.051875 0.127310
3 0.471766 0.531372 0.072969 0.096277
3 0.472625 0.421875 0.072344 0.100978
3 0.390430 0.243098 0.074016 0.083370
