0 0.495656 0.210245 0.062875 0.137989
0 0.405156 0.174769 0.068125 0.098832
0 0.437742 0.245122 0.064516 0.122092
0 0.471719 0.324144 0.069625 0.124375
0 0.594859 0.563261 0.059625 0.116141
0 0.598672 0.670082 0.063281 0.127337
0 0.371922 0.677840 0.081187 0.093560
0 0.370820 0.482418 0.071766 0.121196
0 0.281898 0.229212 0.064141 0.130380
2 0.451156 0.642351 0.070031 0.132255
2 0.550609 0.726264 0.068750 0.128668
2 0.493281 0.741916 0.069875 0.132255
2 0.423945 0.754035 0.071078 0.120462
2 0.323734 0.606101 0.071438 0.134864
2 0.508992 0.422446 0.059391 0.128696
2 0.356844 0.372636 0.056719 0.112935
4 0.234422 0.319416 0.064813 0.127473
4 0.196320 0.502609 0.075016 0.128804
4 0.327188 0.865815 0.064281 0.131141
4 0.390445 0.586467 0.067453 0.104728
4 0.313227 0.465462 0.053609 0.125272
4 0.409594 0.382079 0.064906 0.122908
1 0.351516 0.204538 0.063594 0.104076
1 0.541797 0.318057 0.063156 0.132147
1 0.572734 0.421372 0.070969 0.128288
1 0.553656 0.505190 0.059594 0.115435
1 0.545852 0.621603 0.067641 0.105815
1 0.265188 0.821726 0.080469 0.134266
1 0.285195 0.691970 0.074172 0.132473
1 0.273680 0.565000 0.066047 0.120543
3 0.293641 0.351997 0.066969 0.119755
3 0.253328 0.439375 0.067219 0.125815
3 0.218031 0.612351 0.073875 0.127310
3 0.211953 0.727255 0.077656 0.128696
3 0.326875 0.752500 0.079219 0.121033
3 0.391734 0.857500 0.078156 0.133696
3 0.466250 0.845082 0.084125 0.118750
3 0.501703 0.570543 0.051875 0.127337
3 0.447312 0.540829 0.072969 0.096277
3 0.447031 0.454185 0.072344 0.100978
3 0.378203 0.280924 0.074031 0.083370
