4 0.509586 0.238859 0.076047 0.107554
0 0.303500 0.249918 0.086281 0.128804
0 0.283195 0.367826 0.076953 0.138859
0 0.331000 0.468872 0.082656 0.140897
0 0.389570 0.663519 0.075422 0.128505
0 0.673406 0.424986 0.068187 0.147310
0 0.600078 0.644457 0.076531 0.150761
0 0.535391 0.589253 0.074219 0.139973
0 0.491094 0.906821 0.087625 0.161467
0 0.402539 0.927120 0.084266 0.145761
3 0.424969 0.083981 0.077094 0.108886
3 0.362344 0.165313 0.077125 0.120353
3 0.424547 0.313533 0.067875 0.128587
3 0.406719 0.432840 0.068812 0.122527
3 0.550320 0.159090 0.074859 0.133234
3 0.591625 0.226168 0.079875 0.128533
3 0.657742 0.298954 0.075141 0.121821
3 0.474328 0.533899 0.082406 0.124321
3 0.466461 0.661821 0.077016 0.148098
3 0.327578 0.725693 0.076000 0.133505
3 0.331094 0.860774 0.086563 0.138940
4 0.545555 0.471821 0.069922 0.122065
4 0.617797 0.511168 0.077625 0.146902
4 0.655563 0.753424 0.087656 0.158370
4 0.316492 0.595842 0.080453 0.144293
4 0.487086 0.294891 0.075391 0.127228
2 0.511758 0.032187 0.077016 0.062690
2 0.496648 0.121155 0.072266 0.134212
2 0.355430 0.335299 0.079766 0.142446
2 0.432594 0.795448 0.084719 0.143886
2 0.570164 0.847677 0.083328 0.164647
2 0.233133 0.615870 0.085984 0.140217
1 0.212508 0.485095 0.083891 0.118940
1 0.244578 0.759823 0.089188 0.161223
1 0.527578 0.724959 0.072063 0.143179
1 0.438742 0.192989 0.076891 0.118043
1 0.569781 0.090190 0.072219 0.118533
1 0.612211 0.377188 0.060984 0.142582
1 0.545008 0.357174 0.074359 0.136087
1 0.482078 0.418111 0.078906 0.103614
2 0.393437 0.546889 0.078125 0.121386
