3 0.427648 0.226185 0.054641 0.089074
4 0.541115 0.129074 0.061812 0.086574
3 0.525768 0.201787 0.049297 0.086870
4 0.462776 0.135241 0.057802 0.101815
0 0.209531 0.224102 0.046375 0.090667
0 0.266378 0.259222 0.053161 0.085907
0 0.294792 0.184106 0.055281 0.083787
0 0.384260 0.314037 0.065000 0.083296
1 0.285497 0.403185 0.043745 0.079944
1 0.219404 0.285560 0.041797 0.086120
0 0.257523 0.127032 0.049286 0.058361
0 0.303648 0.116352 0.042526 0.068722
1 0.247453 0.186190 0.043490 0.082472
3 0.337549 0.081861 0.051224 0.069185
3 0.393708 0.057843 0.057990 0.071759
1 0.353146 0.363347 0.045448 0.095139
4 0.285216 0.051097 0.056411 0.075676
4 0.479284 0.427903 0.049245 0.085861
2 0.512560 0.307338 0.044505 0.095806
1 0.391570 0.191301 0.045453 0.099324
3 0.474052 0.337542 0.053979 0.085861
3 0.374224 0.513134 0.059656 0.096102
4 0.343609 0.527639 0.071969 0.112796
1 0.426451 0.391917 0.044505 0.094278
1 0.271505 0.615292 0.073865 0.121213
3 0.598195 0.575958 0.065203 0.103898
3 0.488737 0.510051 0.071516 0.115120
3 0.847430 0.894134 0.084318 0.127306
1 0.227669 0.939120 0.076099 0.121759
4 0.340956 0.520380 0.062828 0.101389
0 0.298042 0.297250 0.044865 0.087500
3 0.643846 0.344986 0.058828 0.110269
1 0.567893 0.499972 0.048141 0.083907
1 0.524909 0.579542 0.055245 0.094769
1 0.557052 0.321593 0.054260 0.101037
2 0.466570 0.237449 0.056797 0.086787
2 0.242026 0.345120 0.053354 0.096259
2 0.333318 0.197065 0.053323 0.084444
2 0.376003 0.162556 0.048682 0.081315
2 0.443753 0.488667 0.059745 0.095704
3 0.387201 0.409199 0.059016 0.099491
3 0.538219 0.401005 0.063313 0.103065
3 0.437174 0.283620 0.056224 0.088833
