0 0.316734 0.245190 0.080875 0.128804
0 0.294633 0.360734 0.071516 0.131739
0 0.339805 0.461766 0.077828 0.140924
0 0.401359 0.641413 0.073156 0.126467
0 0.671164 0.412038 0.065391 0.136793
0 0.602844 0.620272 0.071844 0.140217
0 0.541211 0.573872 0.066672 0.124592
0 0.496234 0.876671 0.080219 0.155571
0 0.414438 0.903166 0.081562 0.147527
3 0.433797 0.092840 0.077094 0.108886
3 0.373219 0.166481 0.077125 0.120353
3 0.431516 0.305543 0.062781 0.129130
3 0.414875 0.418655 0.068813 0.122527
3 0.548594 0.149796 0.074875 0.133234
3 0.593664 0.226168 0.075797 0.128533
3 0.657070 0.294226 0.071078 0.121821
3 0.479875 0.516563 0.076437 0.124321
3 0.470867 0.641114 0.070234 0.126793
3 0.340156 0.697582 0.076000 0.128804
3 0.344922 0.828859 0.086562 0.134185
4 0.548961 0.456440 0.069922 0.122065
4 0.616117 0.496997 0.072922 0.128016
4 0.657633 0.726957 0.080891 0.145380
4 0.328648 0.575516 0.077016 0.125272
4 0.495914 0.287799 0.075391 0.127228
4 0.509586 0.230394 0.076047 0.107527
2 0.511805 0.031345 0.077016 0.062690
2 0.502305 0.122052 0.072266 0.134212
2 0.364609 0.332976 0.076375 0.133071
2 0.440070 0.767052 0.082016 0.134375
2 0.573531 0.813370 0.077812 0.145652
2 0.247438 0.595761 0.080469 0.140217
1 0.229836 0.473274 0.080484 0.118940
1 0.261195 0.732106 0.080422 0.148342
1 0.532703 0.699565 0.068594 0.134946
1 0.445555 0.194171 0.072859 0.118071
1 0.572500 0.091902 0.072219 0.110163
1 0.610844 0.367133 0.060969 0.134321
1 0.552016 0.346562 0.064812 0.128940
1 0.485484 0.403329 0.076844 0.103614
2 0.402297 0.529185 0.076156 0.116739
