0 0.534773 0.178682 0.063609 0.109538
0 0.446625 0.138043 0.068125 0.094076
0 0.476969 0.206073 0.061719 0.124538
0 0.511758 0.283641 0.070859 0.127826
0 0.637008 0.494103 0.059609 0.116141
0 0.646906 0.607432 0.063281 0.127364
0 0.410656 0.612758 0.080625 0.101712
0 0.407922 0.420489 0.071750 0.121196
0 0.325375 0.189810 0.061375 0.120924
2 0.496391 0.571427 0.070781 0.132255
2 0.591734 0.653370 0.068750 0.128696
2 0.533180 0.665774 0.069859 0.132255
2 0.464508 0.682486 0.071078 0.120462
2 0.369281 0.526114 0.071438 0.134837
2 0.547469 0.360190 0.058719 0.128696
2 0.392188 0.315897 0.056719 0.112935
4 0.274750 0.267813 0.064813 0.127473
4 0.235742 0.429280 0.075016 0.131114
4 0.362109 0.801141 0.062250 0.145870
4 0.431203 0.518139 0.069437 0.095136
4 0.356047 0.400149 0.053594 0.125299
4 0.447852 0.328505 0.073047 0.108696
1 0.385266 0.149361 0.063594 0.104103
1 0.573070 0.267880 0.063141 0.133261
1 0.617797 0.360625 0.070969 0.128315
1 0.589320 0.437473 0.059578 0.115435
1 0.593180 0.544158 0.068953 0.118859
1 0.287250 0.758750 0.080469 0.134239
1 0.311703 0.605679 0.074187 0.132500
1 0.315820 0.483451 0.066047 0.120543
3 0.338156 0.298818 0.066969 0.119755
3 0.294438 0.383832 0.067219 0.125815
3 0.253375 0.543791 0.073875 0.127310
3 0.246156 0.658302 0.077656 0.128723
3 0.362453 0.681454 0.079219 0.121005
3 0.426867 0.792079 0.076078 0.136549
3 0.509508 0.777799 0.082734 0.118750
3 0.543844 0.501984 0.051875 0.127337
3 0.490797 0.473465 0.072969 0.096277
3 0.489172 0.391535 0.072344 0.100951
3 0.419438 0.241929 0.074031 0.083370
