0 0.490602 0.239728 0.058078 0.107228
0 0.404867 0.204674 0.058484 0.090326
0 0.435281 0.271780 0.056250 0.110897
0 0.466766 0.348886 0.060594 0.111576
0 0.583453 0.564660 0.050719 0.103016
0 0.590352 0.674660 0.055234 0.116332
0 0.374609 0.679864 0.067656 0.087554
0 0.372203 0.496141 0.062625 0.108696
0 0.290984 0.264565 0.052531 0.114348
2 0.450125 0.644864 0.062312 0.107120
2 0.540078 0.718016 0.058469 0.092120
2 0.483336 0.731562 0.051578 0.099484
2 0.418930 0.750027 0.058391 0.105489
2 0.330789 0.603410 0.051328 0.105951
2 0.498359 0.434457 0.051719 0.103478
2 0.354094 0.395978 0.047750 0.098152
4 0.244766 0.345326 0.059844 0.111957
4 0.210375 0.512568 0.064875 0.114049
4 0.329445 0.859565 0.050641 0.117500
4 0.388617 0.591671 0.062953 0.092853
4 0.318867 0.475503 0.047266 0.112636
4 0.409484 0.396793 0.060281 0.101957
1 0.345688 0.239293 0.052937 0.095435
1 0.524406 0.333641 0.053250 0.104891
1 0.564828 0.430802 0.060781 0.085082
1 0.539813 0.518492 0.045281 0.086005
1 0.539336 0.620829 0.059797 0.097473
1 0.260906 0.810217 0.059563 0.092609
1 0.283172 0.684538 0.060406 0.091685
1 0.280156 0.559796 0.049562 0.105353
3 0.304688 0.371875 0.057188 0.107337
3 0.264000 0.454606 0.058188 0.105136
3 0.229422 0.618804 0.063219 0.110543
3 0.223969 0.727432 0.064125 0.108125
3 0.326094 0.746114 0.066875 0.103859
3 0.388695 0.847405 0.061578 0.115136
3 0.460742 0.833342 0.067922 0.093207
3 0.495047 0.574076 0.044719 0.112935
3 0.443672 0.549063 0.062031 0.083451
3 0.444609 0.466236 0.062344 0.081712
3 0.379461 0.313370 0.065391 0.082065
