3 0.371919 0.360023 0.050922 0.089083
4 0.472214 0.270685 0.061813 0.086574
3 0.455979 0.349708 0.049302 0.086861
4 0.395042 0.271958 0.057802 0.101824
0 0.155734 0.366546 0.046375 0.090667
0 0.208857 0.398745 0.053161 0.090917
0 0.243385 0.337764 0.058615 0.071991
0 0.414688 0.559495 0.052698 0.074880
1 0.214732 0.671241 0.053495 0.088315
1 0.170299 0.436231 0.041797 0.086130
0 0.201206 0.263282 0.049286 0.058361
0 0.248055 0.265602 0.042526 0.068722
1 0.190474 0.328231 0.043490 0.082481
3 0.280643 0.226231 0.050286 0.065833
3 0.330625 0.207620 0.057990 0.071759
1 0.287167 0.545421 0.052094 0.093454
4 0.223789 0.195440 0.056411 0.079009
4 0.457992 0.637440 0.049245 0.085861
2 0.439414 0.409986 0.044505 0.090824
1 0.338997 0.337843 0.038849 0.087574
3 0.428187 0.475366 0.053979 0.085861
3 0.475378 0.902028 0.059661 0.104352
4 0.296438 0.688250 0.063458 0.087574
1 0.393479 0.622727 0.048271 0.094269
1 0.272190 0.940375 0.077630 0.114398
3 0.446641 0.984255 0.065458 0.031491
3 0.534451 0.729532 0.065203 0.107269
3 0.434620 0.697375 0.049760 0.093250
3 0.759273 0.964657 0.084318 0.070685
1 0.227669 0.939120 0.076099 0.121759
4 0.340956 0.520380 0.062828 0.101389
0 0.287573 0.442014 0.050604 0.094213
3 0.567779 0.477903 0.058828 0.110269
1 0.497576 0.631759 0.048141 0.083907
1 0.480518 0.719130 0.055245 0.094759
1 0.482138 0.429866 0.049474 0.094491
2 0.411161 0.360810 0.050979 0.086787
2 0.204229 0.497681 0.049990 0.079361
2 0.287409 0.317542 0.050172 0.078806
2 0.314047 0.275116 0.045458 0.075731
2 0.443753 0.488667 0.059745 0.095704
3 0.348544 0.575699 0.059016 0.099491
3 0.477414 0.527199 0.063307 0.103065
3 0.376615 0.455875 0.056219 0.088824
