3 0.399885 0.346949 0.050917 0.089083
4 0.503177 0.265630 0.061813 0.086574
3 0.488263 0.339472 0.049297 0.086870
4 0.423703 0.271620 0.057802 0.101815
0 0.188260 0.359074 0.046375 0.090667
0 0.247094 0.389708 0.053156 0.090917
0 0.271852 0.331296 0.057818 0.071981
0 0.454570 0.550870 0.052693 0.074889
1 0.239456 0.651444 0.049953 0.088315
1 0.207344 0.425324 0.041792 0.086130
0 0.237456 0.260449 0.049286 0.058361
0 0.282372 0.263583 0.042526 0.068722
1 0.220078 0.325051 0.043490 0.082472
3 0.315568 0.228926 0.050292 0.065833
3 0.363203 0.212333 0.057990 0.071759
1 0.319641 0.542597 0.052094 0.093454
4 0.259016 0.191801 0.056417 0.079009
4 0.492310 0.619255 0.049245 0.085861
2 0.477482 0.405944 0.044505 0.090833
1 0.363492 0.327926 0.038849 0.087574
3 0.465633 0.471870 0.053974 0.085852
3 0.475378 0.902028 0.059661 0.104352
4 0.326740 0.676125 0.063458 0.087583
1 0.424125 0.623741 0.048271 0.094278
1 0.308263 0.930769 0.077630 0.116222
3 0.471596 0.983282 0.065453 0.033435
3 0.567349 0.717412 0.065198 0.107269
3 0.464820 0.685199 0.049755 0.093250
3 0.805596 0.958449 0.084318 0.083102
1 0.227669 0.939120 0.076099 0.121759
4 0.340956 0.520380 0.062828 0.101389
0 0.329333 0.432671 0.050604 0.094213
3 0.610815 0.473019 0.058828 0.110259
1 0.529044 0.642944 0.048141 0.083907
1 0.504607 0.715495 0.055245 0.094769
1 0.523898 0.424931 0.049474 0.094491
2 0.440365 0.364245 0.050979 0.086787
2 0.230557 0.493574 0.049990 0.079352
2 0.297078 0.339005 0.050156 0.078806
2 0.334500 0.289403 0.045458 0.075731
2 0.443753 0.488667 0.059745 0.095704
3 0.379607 0.567616 0.059016 0.099491
3 0.513292 0.521551 0.063312 0.103065
3 0.407539 0.432171 0.056224 0.088824
