0 0.522336 0.242188 0.062859 0.123723
0 0.433023 0.197813 0.068109 0.098832
0 0.469117 0.273872 0.064516 0.122092
0 0.496867 0.352514 0.069641 0.124375
0 0.616258 0.582174 0.058234 0.116141
0 0.622453 0.688995 0.063281 0.127337
0 0.401977 0.692283 0.081203 0.093587
0 0.398008 0.497201 0.071766 0.121196
0 0.312148 0.253424 0.064141 0.130380
2 0.478320 0.664253 0.072016 0.133397
2 0.569312 0.742622 0.068750 0.118071
2 0.509594 0.744864 0.069875 0.132283
2 0.447250 0.765217 0.066281 0.121739
2 0.359078 0.609946 0.071438 0.134837
2 0.533680 0.437609 0.059391 0.128696
2 0.386758 0.390367 0.060141 0.114103
4 0.264375 0.340095 0.060656 0.127473
4 0.229281 0.511467 0.075000 0.128804
4 0.353695 0.878804 0.064297 0.131141
4 0.417289 0.600068 0.067453 0.104701
4 0.345344 0.476087 0.053594 0.125272
4 0.436781 0.400992 0.064906 0.122908
1 0.374281 0.219307 0.063594 0.104103
1 0.563203 0.334307 0.063156 0.132147
1 0.605695 0.435557 0.070953 0.128288
1 0.581102 0.522935 0.059578 0.115435
1 0.571305 0.628967 0.065516 0.107989
1 0.282187 0.833533 0.080469 0.134239
1 0.309664 0.696114 0.074172 0.132500
1 0.306984 0.572092 0.066031 0.120543
3 0.325922 0.373274 0.066969 0.119755
3 0.284258 0.455924 0.067203 0.125815
3 0.246922 0.630068 0.073875 0.127310
3 0.242508 0.732568 0.075672 0.128723
3 0.351344 0.760774 0.079219 0.121005
3 0.411898 0.868723 0.078172 0.133696
3 0.489047 0.856277 0.078750 0.110380
3 0.525828 0.587283 0.051875 0.127337
3 0.472797 0.560924 0.068219 0.102174
3 0.474563 0.470720 0.072344 0.100951
3 0.407078 0.310476 0.074031 0.083397
