4 0.580453 0.382052 0.090313 0.129375
0 0.354109 0.343601 0.094562 0.132201
0 0.319594 0.486467 0.081969 0.161304
0 0.366242 0.612745 0.096234 0.159239
0 0.422969 0.872867 0.088625 0.147418
0 0.752211 0.644837 0.081078 0.167772
0 0.656937 0.879674 0.084000 0.160761
0 0.589094 0.814171 0.079563 0.154158
0 0.512891 0.991576 0.087625 0.016848
0 0.435117 0.991264 0.084266 0.017473
3 0.503039 0.177582 0.087047 0.134511
3 0.424609 0.263207 0.088844 0.137663
3 0.486227 0.456590 0.072984 0.154103
3 0.456758 0.599769 0.082578 0.153342
3 0.637039 0.302677 0.085734 0.159158
3 0.681070 0.394701 0.089109 0.148315
3 0.746492 0.488940 0.084078 0.138370
3 0.520320 0.733043 0.089797 0.150326
3 0.504234 0.876128 0.086250 0.153668
3 0.347375 0.919090 0.086875 0.147092
3 0.346187 0.985394 0.086562 0.029212
4 0.608969 0.675747 0.080594 0.143016
4 0.682852 0.730897 0.086797 0.154076
4 0.708172 0.959769 0.091781 0.080462
4 0.347242 0.770747 0.096828 0.150136
4 0.557023 0.470109 0.091047 0.159076
2 0.604258 0.101495 0.086297 0.133913
2 0.584945 0.237228 0.083766 0.155217
2 0.407000 0.468288 0.085938 0.147609
2 0.456883 0.964769 0.087422 0.070462
2 0.603539 0.986902 0.083328 0.026196
2 0.252258 0.767418 0.093703 0.157826
1 0.236008 0.617351 0.093141 0.142310
1 0.260219 0.923247 0.094062 0.153505
1 0.571250 0.941209 0.080281 0.117582
1 0.509453 0.311454 0.085031 0.134918
1 0.666820 0.216236 0.082859 0.149321
1 0.687250 0.584402 0.070687 0.160054
1 0.620852 0.528954 0.079828 0.163342
1 0.538172 0.597296 0.087812 0.122092
2 0.430664 0.732541 0.089828 0.135299
