0 0.533039 0.112133 0.062859 0.137962
0 0.434383 0.062405 0.068109 0.091712
0 0.471766 0.144606 0.061719 0.124538
0 0.503023 0.235543 0.066828 0.117174
0 0.636320 0.491155 0.059609 0.116114
0 0.642156 0.612160 0.063281 0.127364
0 0.400125 0.603899 0.080625 0.101712
0 0.398000 0.392582 0.071750 0.121196
0 0.304984 0.134647 0.061375 0.130380
2 0.484125 0.567894 0.070031 0.132255
2 0.586641 0.652188 0.068750 0.128668
2 0.522516 0.665068 0.069875 0.132255
2 0.455211 0.678383 0.071078 0.120462
2 0.356023 0.515679 0.071422 0.134837
2 0.543305 0.336753 0.059391 0.128668
2 0.381312 0.285163 0.056719 0.112935
4 0.253453 0.226046 0.064812 0.127473
4 0.214000 0.406848 0.075000 0.128804
4 0.351320 0.805516 0.062234 0.131141
4 0.418992 0.506671 0.067453 0.104701
4 0.339055 0.373274 0.053609 0.125299
4 0.440148 0.283995 0.073047 0.108696
1 0.373937 0.080421 0.063594 0.104103
1 0.570359 0.214063 0.063156 0.132147
1 0.614867 0.320910 0.070953 0.128288
1 0.586961 0.427174 0.059578 0.115435
1 0.587063 0.544158 0.068969 0.118859
1 0.272672 0.735435 0.080469 0.134239
1 0.300828 0.604497 0.074188 0.132473
1 0.294758 0.471630 0.066047 0.120543
3 0.320484 0.254484 0.066969 0.119783
3 0.274062 0.341277 0.067219 0.125815
3 0.234344 0.533152 0.073875 0.127337
3 0.228266 0.653967 0.077656 0.128696
3 0.345891 0.674470 0.079219 0.121005
3 0.415203 0.794851 0.076094 0.133723
3 0.498180 0.778886 0.082734 0.118750
3 0.537047 0.492527 0.051875 0.127337
3 0.477891 0.458098 0.072969 0.096304
3 0.477625 0.364348 0.072344 0.100978
3 0.404031 0.182813 0.074031 0.083397
