0 0.505023 0.202962 0.064391 0.116033
0 0.413438 0.164198 0.064531 0.101005
0 0.445758 0.235326 0.058891 0.119130
0 0.481438 0.323043 0.069063 0.120109
0 0.608180 0.555870 0.056297 0.111141
0 0.615969 0.675408 0.060719 0.124783
0 0.382453 0.682514 0.072469 0.090951
0 0.378625 0.480435 0.066469 0.116848
0 0.288656 0.229063 0.057969 0.125027
2 0.461719 0.643179 0.060625 0.115272
2 0.560438 0.725204 0.059375 0.103940
2 0.496023 0.742364 0.049266 0.102391
2 0.428352 0.751467 0.052984 0.092446
2 0.330477 0.598274 0.057734 0.128016
2 0.513398 0.412092 0.053609 0.110978
2 0.359219 0.373859 0.050781 0.104620
4 0.239617 0.316155 0.062266 0.122038
4 0.203547 0.501155 0.069594 0.122147
4 0.334789 0.869579 0.050109 0.117527
4 0.395641 0.584878 0.067969 0.099864
4 0.321148 0.461372 0.051203 0.121495
4 0.417203 0.374511 0.062813 0.112500
1 0.350359 0.207514 0.058125 0.104701
1 0.541117 0.307989 0.051203 0.108750
1 0.584328 0.411793 0.056875 0.094837
1 0.557578 0.508152 0.044219 0.097174
1 0.560078 0.619239 0.057344 0.105435
1 0.255781 0.825788 0.047656 0.082500
1 0.281930 0.685992 0.061328 0.102745
1 0.277680 0.557785 0.057734 0.110951
3 0.301508 0.348682 0.061047 0.119321
3 0.260680 0.440068 0.062734 0.123451
3 0.223906 0.619239 0.068187 0.117391
3 0.216297 0.736128 0.072250 0.113505
3 0.328680 0.752269 0.073547 0.105353
3 0.397562 0.862799 0.064656 0.120217
3 0.473961 0.851264 0.071703 0.093668
3 0.511891 0.567989 0.048594 0.124185
3 0.456672 0.539103 0.067406 0.090870
3 0.455766 0.447092 0.067156 0.087011
3 0.385711 0.279022 0.070422 0.087391
