0 0.539492 0.237459 0.062859 0.123723
0 0.452734 0.191902 0.068125 0.098859
0 0.483961 0.264633 0.064516 0.122092
0 0.517258 0.342079 0.069641 0.124375
0 0.633930 0.569185 0.058234 0.116141
0 0.638758 0.680720 0.065297 0.127364
0 0.420516 0.681386 0.081188 0.093587
0 0.416695 0.488315 0.071766 0.121196
0 0.332539 0.244565 0.064141 0.130380
2 0.491914 0.651535 0.072016 0.133397
2 0.583234 0.733030 0.068750 0.118071
2 0.529734 0.738071 0.069875 0.132283
2 0.465961 0.759008 0.064203 0.120571
2 0.382359 0.601386 0.071438 0.134837
2 0.549508 0.437826 0.059391 0.128696
2 0.401477 0.388587 0.060141 0.114130
4 0.285609 0.326508 0.060656 0.127473
4 0.248992 0.502609 0.075016 0.128804
4 0.377016 0.861318 0.064281 0.131114
4 0.434625 0.586861 0.067438 0.104701
4 0.364656 0.470978 0.053594 0.125272
4 0.455469 0.387391 0.064906 0.122935
1 0.388219 0.221087 0.063594 0.104076
1 0.568984 0.334307 0.063156 0.132147
1 0.608078 0.426101 0.070969 0.128288
1 0.585867 0.519851 0.059578 0.115462
1 0.588602 0.621087 0.065516 0.107989
1 0.299578 0.822187 0.080469 0.134266
1 0.323258 0.682962 0.074172 0.132500
1 0.321430 0.559103 0.066047 0.120543
3 0.346195 0.362242 0.066953 0.119755
3 0.304305 0.446467 0.067203 0.125815
3 0.269180 0.611454 0.073859 0.127310
3 0.262562 0.724293 0.075687 0.128696
3 0.373437 0.748954 0.079219 0.121005
3 0.432852 0.856508 0.078172 0.133723
3 0.507906 0.842976 0.078750 0.110353
3 0.542313 0.578220 0.051875 0.127310
3 0.492758 0.554130 0.068203 0.102174
3 0.493422 0.463641 0.072344 0.100978
3 0.425266 0.301182 0.074031 0.083397
