0 0.325914 0.238098 0.080859 0.128804
0 0.303242 0.354823 0.071516 0.131766
0 0.350680 0.454687 0.077828 0.140897
0 0.409969 0.638641 0.072719 0.126033
0 0.680844 0.404348 0.065406 0.136793
0 0.611875 0.613886 0.071844 0.140217
0 0.548687 0.567364 0.066688 0.124565
0 0.504391 0.867215 0.080219 0.155571
0 0.423609 0.896073 0.081562 0.147527
3 0.442641 0.086345 0.077094 0.108886
3 0.380695 0.159389 0.077109 0.120353
3 0.439000 0.303179 0.062781 0.129130
3 0.423266 0.413519 0.068813 0.122527
3 0.556977 0.147024 0.074859 0.133234
3 0.601820 0.215543 0.075797 0.128533
3 0.665227 0.285938 0.071078 0.121821
3 0.486562 0.508492 0.076438 0.124321
3 0.478688 0.633424 0.070219 0.126793
3 0.348078 0.691671 0.076000 0.128832
3 0.353531 0.824158 0.086563 0.134185
4 0.558242 0.451712 0.069922 0.122065
4 0.625297 0.489606 0.072937 0.128016
4 0.666094 0.721712 0.078906 0.139348
4 0.336977 0.572255 0.077016 0.125272
4 0.501586 0.284266 0.075391 0.127228
4 0.516727 0.226454 0.076047 0.107527
2 0.520977 0.027201 0.077016 0.053587
2 0.511148 0.117595 0.072266 0.134212
2 0.374805 0.325883 0.076359 0.133071
2 0.449586 0.758791 0.082016 0.134375
2 0.582367 0.808641 0.077828 0.145652
2 0.256953 0.587500 0.080469 0.140217
1 0.236633 0.465000 0.080484 0.118967
1 0.270031 0.725014 0.080437 0.148342
1 0.540641 0.695217 0.068594 0.134946
1 0.453711 0.188261 0.072859 0.118043
1 0.579078 0.084022 0.072219 0.110163
1 0.619000 0.364783 0.060969 0.134293
1 0.560625 0.336318 0.064813 0.128940
1 0.495000 0.399796 0.076844 0.103614
2 0.410344 0.522092 0.076156 0.116739
