0 0.523125 0.209864 0.063625 0.109511
0 0.439336 0.177065 0.068109 0.094076
0 0.469438 0.235802 0.061719 0.124538
0 0.502992 0.311073 0.067484 0.110408
0 0.620305 0.509049 0.059609 0.116141
0 0.627688 0.621957 0.063281 0.127337
0 0.409875 0.622106 0.080625 0.101712
0 0.403992 0.442853 0.071766 0.121196
0 0.326156 0.223967 0.061375 0.120924
2 0.485266 0.592894 0.070781 0.132255
2 0.576531 0.669579 0.068750 0.128668
2 0.523766 0.671997 0.069875 0.132255
2 0.458516 0.687840 0.071094 0.120462
2 0.363641 0.545299 0.071438 0.134837
2 0.534812 0.391712 0.058719 0.128696
2 0.386578 0.341223 0.056719 0.112935
4 0.278047 0.304742 0.064812 0.127473
4 0.239484 0.460611 0.075000 0.131114
4 0.359477 0.809891 0.062234 0.145870
4 0.422227 0.540530 0.069422 0.095136
4 0.352984 0.423519 0.053594 0.125299
4 0.443937 0.347473 0.073062 0.108696
1 0.384469 0.187976 0.063594 0.104103
1 0.563266 0.281399 0.063156 0.133234
1 0.598852 0.390639 0.070953 0.128288
1 0.575258 0.455842 0.059578 0.115435
1 0.578125 0.570326 0.068969 0.118859
1 0.290156 0.760041 0.080469 0.134266
1 0.312070 0.625503 0.074172 0.132473
1 0.314336 0.513315 0.066047 0.120543
3 0.336602 0.328791 0.066953 0.119755
3 0.295125 0.403234 0.067219 0.125815
3 0.257453 0.562704 0.073875 0.127310
3 0.250594 0.671875 0.077656 0.128696
3 0.355687 0.690815 0.079219 0.121033
3 0.420117 0.796046 0.076078 0.136549
3 0.500602 0.778682 0.082734 0.118777
3 0.533641 0.520557 0.051875 0.127310
3 0.478281 0.497772 0.072969 0.096304
3 0.479438 0.415367 0.072344 0.100951
3 0.413609 0.269796 0.074031 0.083397
