0 0.522563 0.227935 0.063625 0.109511
0 0.435906 0.191522 0.068125 0.094076
0 0.468125 0.259769 0.061719 0.124538
0 0.500437 0.333682 0.063406 0.105462
0 0.618477 0.552880 0.059609 0.116141
0 0.629953 0.659959 0.063281 0.127364
0 0.404797 0.661250 0.080625 0.101739
0 0.400836 0.469511 0.071766 0.121196
0 0.317563 0.245163 0.061375 0.120924
2 0.483812 0.632649 0.070781 0.132255
2 0.573844 0.704511 0.068750 0.128696
2 0.516766 0.709932 0.069875 0.132255
2 0.450992 0.734293 0.071078 0.120489
2 0.357812 0.581943 0.071438 0.134864
2 0.529422 0.424198 0.058719 0.128668
2 0.384844 0.372092 0.056719 0.112935
4 0.270891 0.329008 0.064813 0.127473
4 0.234227 0.492160 0.075016 0.131114
4 0.355922 0.844565 0.062250 0.145870
4 0.421406 0.572024 0.069438 0.095136
4 0.351125 0.459946 0.053594 0.125272
4 0.441422 0.375571 0.073062 0.108696
1 0.379672 0.224715 0.063594 0.104103
1 0.553008 0.322486 0.063141 0.132473
1 0.598945 0.410027 0.070953 0.128315
1 0.575055 0.486019 0.059578 0.115462
1 0.572289 0.597038 0.068953 0.118859
1 0.285297 0.804429 0.080469 0.134239
1 0.304000 0.658872 0.074188 0.132473
1 0.300406 0.532228 0.066031 0.120543
3 0.329648 0.353682 0.066953 0.119755
3 0.289984 0.437337 0.067219 0.125815
3 0.250680 0.598573 0.073859 0.127310
3 0.242531 0.712011 0.077656 0.128696
3 0.356156 0.733111 0.079219 0.121005
3 0.416789 0.837622 0.076078 0.136549
3 0.492492 0.818505 0.082734 0.118750
3 0.528109 0.553940 0.051875 0.127337
3 0.478063 0.529062 0.072969 0.096277
3 0.475359 0.441970 0.072344 0.100951
3 0.410617 0.291929 0.074016 0.083370
