0 0.528578 0.172826 0.063625 0.109511
0 0.437531 0.136834 0.068125 0.095462
0 0.468281 0.207106 0.061719 0.124538
0 0.503344 0.287541 0.070844 0.127799
0 0.639352 0.506413 0.059609 0.116141
0 0.650703 0.631399 0.063281 0.127364
0 0.407250 0.639361 0.078594 0.095788
0 0.400828 0.436984 0.067750 0.121196
0 0.309148 0.200109 0.061359 0.120924
2 0.490953 0.606345 0.070781 0.132255
2 0.594625 0.687215 0.068750 0.128668
2 0.528000 0.696427 0.059625 0.118125
2 0.458305 0.721671 0.071078 0.120462
2 0.356070 0.560258 0.062547 0.134864
2 0.538797 0.372867 0.058719 0.112038
2 0.381016 0.331196 0.052656 0.103533
4 0.258813 0.284103 0.064812 0.127446
4 0.217969 0.465082 0.075000 0.131141
4 0.355875 0.844592 0.058906 0.133967
4 0.419367 0.541590 0.069422 0.095136
4 0.340562 0.420177 0.053594 0.125299
4 0.441516 0.336875 0.068281 0.108696
1 0.373250 0.174715 0.063594 0.104103
1 0.566734 0.265000 0.055656 0.105978
1 0.611094 0.369375 0.064187 0.098641
1 0.587500 0.447717 0.054187 0.100000
1 0.589687 0.564103 0.068969 0.099076
1 0.277000 0.806196 0.080469 0.134239
1 0.301617 0.640448 0.074172 0.106060
1 0.299133 0.514185 0.059172 0.120543
3 0.321922 0.314769 0.066969 0.119755
3 0.279039 0.402908 0.065141 0.125815
3 0.238617 0.579579 0.073859 0.127310
3 0.230688 0.698886 0.077656 0.128696
3 0.352687 0.717541 0.079219 0.121005
3 0.423813 0.832622 0.074094 0.136549
3 0.507867 0.813913 0.082734 0.118750
3 0.538547 0.521698 0.051875 0.127310
3 0.481797 0.492908 0.072969 0.088098
3 0.481516 0.403139 0.072344 0.086766
3 0.407672 0.246209 0.074031 0.083397
