0 0.546289 0.096753 0.062859 0.137962
0 0.450016 0.047038 0.068125 0.094076
0 0.483656 0.116236 0.061719 0.124538
0 0.517703 0.214266 0.066844 0.117174
0 0.649914 0.463967 0.059609 0.116141
0 0.655750 0.588519 0.063281 0.127364
0 0.413031 0.587948 0.080625 0.101712
0 0.408875 0.374864 0.071750 0.121196
0 0.315859 0.102717 0.061375 0.130380
2 0.500094 0.557242 0.070031 0.132255
2 0.598187 0.649823 0.068750 0.128668
2 0.532031 0.659171 0.069875 0.132255
2 0.462008 0.673655 0.071078 0.120462
2 0.364516 0.496168 0.071437 0.134837
2 0.553844 0.324348 0.059375 0.128696
2 0.394219 0.254429 0.056719 0.112935
4 0.264328 0.192948 0.064812 0.127473
4 0.226234 0.383220 0.075000 0.128777
4 0.360836 0.784239 0.062234 0.131141
4 0.428516 0.489552 0.067437 0.104701
4 0.347211 0.347283 0.053609 0.125272
4 0.453070 0.259158 0.073047 0.108696
1 0.383969 0.083424 0.063594 0.104076
1 0.583266 0.214063 0.063156 0.132147
1 0.628281 0.318152 0.070969 0.128315
1 0.600555 0.420082 0.059578 0.115435
1 0.602688 0.532337 0.068969 0.118859
1 0.278781 0.747255 0.080469 0.134239
1 0.306602 0.595041 0.074172 0.132473
1 0.304633 0.456250 0.066047 0.120543
3 0.330680 0.223750 0.066953 0.119783
3 0.284250 0.324728 0.067219 0.125815
3 0.244078 0.510693 0.073875 0.127310
3 0.236875 0.634674 0.077656 0.128696
3 0.362211 0.656753 0.079234 0.121005
3 0.425398 0.774742 0.076078 0.133723
3 0.507008 0.767065 0.082734 0.118750
3 0.552000 0.474796 0.051875 0.127310
3 0.491766 0.443410 0.072969 0.096277
3 0.490531 0.346617 0.072344 0.100951
3 0.416266 0.154443 0.074031 0.083397
