0 0.526648 0.174538 0.062859 0.137989
0 0.429969 0.130978 0.068125 0.099946
0 0.464969 0.206073 0.061719 0.124538
0 0.498266 0.298193 0.066844 0.117201
0 0.628391 0.549076 0.059625 0.116141
0 0.636500 0.672446 0.063281 0.127337
0 0.393672 0.675476 0.081188 0.093560
0 0.393242 0.467065 0.071766 0.121196
0 0.298227 0.193750 0.064141 0.130380
2 0.478711 0.625082 0.070016 0.132228
2 0.580859 0.742228 0.068750 0.128696
2 0.521156 0.744266 0.069875 0.132283
2 0.445352 0.761128 0.071078 0.120462
2 0.344328 0.592758 0.071438 0.134864
2 0.538211 0.395652 0.059391 0.128696
2 0.372469 0.353723 0.056719 0.112935
4 0.245297 0.285149 0.064812 0.127473
4 0.209234 0.474239 0.075000 0.128804
4 0.343500 0.883533 0.064281 0.131141
4 0.409477 0.575829 0.067453 0.104701
4 0.332945 0.441821 0.053609 0.125272
4 0.431320 0.351332 0.073047 0.122935
1 0.368734 0.140313 0.063594 0.104103
1 0.568312 0.288519 0.063156 0.132147
1 0.613266 0.393111 0.070969 0.128288
1 0.578961 0.478832 0.059578 0.115435
1 0.582242 0.615408 0.067641 0.105815
1 0.272297 0.783804 0.080469 0.134239
1 0.289953 0.681128 0.074187 0.132473
1 0.287273 0.544918 0.066047 0.120543
3 0.313688 0.319497 0.066969 0.119755
3 0.267945 0.411005 0.067203 0.125815
3 0.230266 0.606440 0.073875 0.127337
3 0.220797 0.730788 0.077656 0.128696
3 0.342500 0.757215 0.079219 0.121005
3 0.407047 0.864579 0.076094 0.133723
3 0.490703 0.855734 0.082750 0.118750
3 0.531609 0.556359 0.051875 0.127337
3 0.475172 0.527840 0.072969 0.096277
3 0.472172 0.437636 0.072344 0.100978
3 0.399266 0.253736 0.074031 0.083397
