0 0.494117 0.143696 0.063609 0.109511
0 0.392859 0.101318 0.068125 0.095462
0 0.429312 0.175557 0.061719 0.124538
0 0.470187 0.262772 0.070844 0.127826
0 0.613031 0.494810 0.059625 0.116141
0 0.624297 0.617745 0.063281 0.127337
0 0.358094 0.626291 0.078594 0.095788
0 0.356578 0.419239 0.067750 0.121196
0 0.259531 0.165217 0.061375 0.120924
2 0.454109 0.597242 0.070781 0.132255
2 0.561344 0.679511 0.068750 0.128696
2 0.492289 0.700421 0.059641 0.118125
2 0.413984 0.713302 0.071094 0.120462
2 0.304828 0.548179 0.071438 0.134837
2 0.509148 0.353084 0.058703 0.112038
2 0.335109 0.305272 0.052656 0.103533
4 0.204070 0.258505 0.064828 0.127446
4 0.159984 0.448193 0.075000 0.131114
4 0.308695 0.852799 0.058922 0.133967
4 0.376422 0.526128 0.069437 0.095136
4 0.292898 0.398220 0.053609 0.125299
4 0.399219 0.311821 0.068281 0.108696
1 0.329188 0.154565 0.063594 0.104076
1 0.539500 0.250353 0.055656 0.105978
1 0.582188 0.354402 0.064187 0.098641
1 0.555766 0.446793 0.054187 0.100000
1 0.559078 0.571060 0.068969 0.118859
1 0.221328 0.814158 0.080469 0.134239
1 0.245352 0.639769 0.074172 0.121766
1 0.246555 0.503641 0.059172 0.120543
3 0.273023 0.289198 0.066953 0.119755
3 0.227117 0.386060 0.065141 0.125815
3 0.178930 0.569864 0.073859 0.127337
3 0.173266 0.693614 0.077656 0.128696
3 0.296969 0.706658 0.079219 0.121033
3 0.377875 0.838397 0.074094 0.136522
3 0.468461 0.815761 0.082734 0.118750
3 0.502672 0.507636 0.051875 0.127337
3 0.440281 0.476766 0.072969 0.088098
3 0.441906 0.384973 0.072344 0.086793
3 0.365031 0.217527 0.074031 0.083370
