3 0.361354 0.210917 0.053208 0.084074
4 0.539172 0.175056 0.063781 0.104444
3 0.419323 0.175514 0.058948 0.097583
4 0.456781 0.170134 0.043490 0.082472
0 0.186896 0.178287 0.046375 0.072185
0 0.247292 0.217468 0.053156 0.085917
0 0.275807 0.160454 0.040594 0.083796
0 0.353995 0.140000 0.058958 0.075204
1 0.291753 0.234134 0.042526 0.067009
1 0.198484 0.241870 0.040594 0.096222
0 0.247875 0.105630 0.058958 0.049796
0 0.299003 0.104412 0.042526 0.068731
1 0.234971 0.148227 0.043495 0.082472
3 0.337419 0.086139 0.051224 0.056296
3 0.390094 0.088718 0.057990 0.071769
1 0.311807 0.168412 0.034792 0.068731
4 0.283828 0.052032 0.047354 0.068324
3 0.435318 0.913125 0.082125 0.127731
3 0.506604 0.516560 0.071521 0.115120
3 0.785987 0.838644 0.083349 0.128917
1 0.256523 0.772986 0.083120 0.132306
4 0.309336 0.519347 0.067651 0.109972
0 0.231635 0.286694 0.044865 0.087500
3 0.244859 0.400542 0.053146 0.103787
1 0.364547 0.376782 0.067271 0.092787
1 0.398029 0.417935 0.066109 0.098963
1 0.446977 0.348958 0.063786 0.111343
2 0.441638 0.257741 0.062443 0.085926
2 0.213818 0.479259 0.053354 0.096259
2 0.206089 0.325185 0.056187 0.105204
2 0.271497 0.305213 0.042339 0.089074
2 0.321214 0.313653 0.048885 0.080694
3 0.291112 0.372792 0.063786 0.101028
3 0.347635 0.451620 0.060031 0.104630
3 0.388302 0.275880 0.067094 0.088833
