0 0.511086 0.175761 0.067734 0.120598
0 0.413687 0.135883 0.069219 0.103125
0 0.448992 0.211603 0.063922 0.126739
0 0.485047 0.303111 0.071719 0.127799
0 0.617953 0.548410 0.058656 0.118560
0 0.626047 0.673152 0.063281 0.130978
0 0.380656 0.678478 0.080625 0.092663
0 0.378203 0.467228 0.070938 0.121196
0 0.283203 0.203193 0.059656 0.129266
2 0.464172 0.636821 0.059437 0.103533
2 0.568648 0.730652 0.066609 0.109946
2 0.502031 0.741250 0.051125 0.110598
2 0.429852 0.763451 0.064484 0.119022
2 0.328625 0.595299 0.059844 0.130978
2 0.521047 0.398193 0.059500 0.122690
2 0.356477 0.356658 0.051859 0.114402
4 0.231844 0.297269 0.064344 0.127473
4 0.192844 0.488424 0.074219 0.127989
4 0.329695 0.881250 0.053016 0.128804
4 0.394445 0.578886 0.068953 0.101087
4 0.315680 0.444375 0.053609 0.125815
4 0.419375 0.355258 0.067250 0.120408
1 0.346109 0.173057 0.063594 0.104103
1 0.549781 0.288587 0.055656 0.105978
1 0.594469 0.393682 0.064656 0.101386
1 0.564070 0.486250 0.043516 0.104402
1 0.568227 0.607826 0.063516 0.099022
1 0.246547 0.827717 0.053781 0.087826
1 0.278641 0.681848 0.067187 0.114076
1 0.276266 0.551617 0.056406 0.107473
3 0.297992 0.331236 0.066172 0.126060
3 0.253617 0.425870 0.065141 0.128804
3 0.213742 0.608261 0.069484 0.123750
3 0.207492 0.732636 0.074672 0.121685
3 0.326008 0.755489 0.077109 0.110217
3 0.396531 0.871196 0.070687 0.130978
3 0.479609 0.855000 0.076719 0.101957
3 0.516305 0.559158 0.053141 0.125000
3 0.459250 0.531957 0.072969 0.098641
3 0.459203 0.434511 0.072344 0.091576
3 0.385875 0.258859 0.074594 0.089457
