0 0.552070 0.171236 0.062859 0.137962
0 0.450016 0.117962 0.068125 0.094076
0 0.488078 0.206073 0.061719 0.124538
0 0.522055 0.294660 0.066828 0.117201
0 0.661813 0.563845 0.059625 0.116114
0 0.665266 0.687215 0.063281 0.127364
0 0.411000 0.690190 0.080625 0.101739
0 0.410227 0.465870 0.071766 0.121196
0 0.311102 0.185462 0.061359 0.130380
2 0.497078 0.662446 0.070781 0.132228
2 0.604984 0.751875 0.068750 0.128696
2 0.536102 0.763179 0.069859 0.132283
2 0.464047 0.785938 0.071094 0.120462
2 0.357719 0.596644 0.071438 0.134864
2 0.560977 0.408261 0.059391 0.128696
2 0.389469 0.346630 0.056719 0.112935
4 0.258219 0.281590 0.064812 0.127473
4 0.214672 0.477772 0.075000 0.128804
4 0.354719 0.901277 0.062250 0.131141
4 0.426477 0.585285 0.067453 0.104701
4 0.346531 0.443016 0.053594 0.125272
4 0.455789 0.352554 0.073047 0.108696
1 0.378687 0.148981 0.063594 0.104103
1 0.591422 0.301522 0.063156 0.132120
1 0.630164 0.406603 0.070953 0.128315
1 0.605305 0.511101 0.059578 0.115462
1 0.604734 0.627677 0.068969 0.118886
1 0.281500 0.865462 0.080469 0.134239
1 0.296750 0.706155 0.074187 0.132473
1 0.299508 0.549647 0.066047 0.120543
3 0.325922 0.314769 0.066969 0.119755
3 0.279492 0.418125 0.067203 0.125815
3 0.232297 0.608791 0.073875 0.127310
3 0.226906 0.742609 0.077656 0.128696
3 0.355422 0.774946 0.079219 0.121033
3 0.423359 0.891780 0.076094 0.133723
3 0.511773 0.881739 0.082734 0.118750
3 0.554719 0.574090 0.051875 0.127310
3 0.496234 0.542024 0.072969 0.096277
3 0.495281 0.439986 0.072344 0.100951
3 0.417625 0.247826 0.074031 0.083370
