0 0.538398 0.149524 0.063609 0.109538
0 0.447750 0.106141 0.068125 0.094076
0 0.479922 0.170611 0.061719 0.124538
0 0.516656 0.260951 0.070844 0.127826
0 0.645844 0.479334 0.059625 0.116114
0 0.657109 0.602704 0.063281 0.127364
0 0.413812 0.600041 0.080625 0.101712
0 0.412273 0.394946 0.071766 0.121196
0 0.321297 0.157120 0.061375 0.120924
2 0.502859 0.570543 0.070781 0.132228
2 0.595125 0.654253 0.068750 0.128668
2 0.536609 0.663329 0.069875 0.132255
2 0.466320 0.681087 0.071078 0.120489
2 0.370844 0.516318 0.071438 0.134864
2 0.553000 0.341481 0.058719 0.128668
2 0.392867 0.288723 0.056703 0.112935
4 0.269766 0.246128 0.064812 0.127473
4 0.229219 0.418166 0.075000 0.131114
4 0.359258 0.799293 0.062234 0.145870
4 0.434344 0.503872 0.069437 0.095136
4 0.351289 0.374470 0.053609 0.125299
4 0.454133 0.305761 0.073047 0.108696
1 0.384125 0.131236 0.063594 0.104103
1 0.584461 0.249416 0.063141 0.133234
1 0.629484 0.344538 0.070969 0.128315
1 0.596055 0.426658 0.059578 0.115435
1 0.601508 0.535285 0.068953 0.118886
1 0.285203 0.758967 0.080469 0.134239
1 0.309758 0.599932 0.074172 0.132473
1 0.310383 0.470951 0.066047 0.120543
3 0.332719 0.279307 0.066969 0.119755
3 0.289008 0.356658 0.067203 0.125815
3 0.247250 0.529606 0.073875 0.127310
3 0.241172 0.653967 0.077656 0.128696
3 0.361453 0.677459 0.079219 0.121005
3 0.428797 0.785625 0.076094 0.136522
3 0.513133 0.776549 0.082734 0.118750
3 0.549281 0.486617 0.051875 0.127310
3 0.492156 0.459280 0.072969 0.096277
3 0.488484 0.367894 0.072344 0.100951
3 0.421250 0.220652 0.074031 0.083370
