0 0.530312 0.231563 0.066906 0.123723
0 0.443891 0.192486 0.068125 0.098832
0 0.477172 0.268804 0.067187 0.122011
0 0.509437 0.340693 0.069625 0.124375
0 0.627477 0.571549 0.058234 0.116141
0 0.632305 0.680720 0.065297 0.127364
0 0.412680 0.683750 0.077078 0.093587
0 0.409562 0.490707 0.071750 0.121196
0 0.325398 0.246929 0.064141 0.130380
2 0.484406 0.650068 0.072000 0.133397
2 0.584828 0.733166 0.068750 0.118071
2 0.527641 0.741929 0.066406 0.132228
2 0.454844 0.760842 0.064187 0.120598
2 0.366977 0.604633 0.071422 0.134864
2 0.542063 0.437418 0.059375 0.128696
2 0.394789 0.389769 0.060141 0.114103
4 0.277281 0.333601 0.060656 0.127473
4 0.242531 0.500245 0.075000 0.128804
4 0.367969 0.870543 0.064281 0.131141
4 0.428508 0.587649 0.067453 0.104701
4 0.357547 0.468288 0.053594 0.125272
4 0.447656 0.390353 0.064906 0.122935
1 0.381422 0.217704 0.063594 0.104103
1 0.564469 0.330666 0.063156 0.132147
1 0.604680 0.426101 0.070953 0.128288
1 0.575398 0.537337 0.059578 0.115435
1 0.578398 0.627989 0.065516 0.107989
1 0.292281 0.819524 0.080469 0.134266
1 0.314648 0.687649 0.074172 0.132473
1 0.309164 0.564076 0.066047 0.120543
3 0.337477 0.360856 0.066953 0.119755
3 0.298531 0.447636 0.067219 0.125815
3 0.259500 0.620625 0.073875 0.127337
3 0.256445 0.731984 0.075672 0.128696
3 0.361492 0.753043 0.075828 0.122283
3 0.424352 0.858682 0.078172 0.133723
3 0.501609 0.844457 0.078750 0.110380
3 0.535688 0.580000 0.051875 0.127337
3 0.483672 0.553234 0.068219 0.102174
3 0.484187 0.464633 0.072344 0.100951
3 0.418969 0.302215 0.074031 0.083397
