0 0.539531 0.159375 0.063625 0.109511
0 0.435070 0.109063 0.068109 0.095462
0 0.471078 0.194253 0.061719 0.124538
0 0.510539 0.284592 0.070859 0.127826
0 0.663922 0.549307 0.059625 0.116114
0 0.675687 0.692147 0.063281 0.127337
0 0.395703 0.690774 0.078594 0.095788
0 0.390523 0.456413 0.071766 0.121196
0 0.291391 0.179565 0.061375 0.120924
2 0.490953 0.650394 0.070781 0.132255
2 0.609063 0.757391 0.068750 0.128696
2 0.536125 0.759606 0.068469 0.118125
2 0.458617 0.785938 0.071078 0.120462
2 0.334156 0.591128 0.071438 0.134864
2 0.550789 0.396440 0.058703 0.128696
2 0.368625 0.333234 0.056719 0.112935
4 0.232164 0.269769 0.064828 0.127473
4 0.179102 0.472622 0.075016 0.131114
4 0.330711 0.922228 0.062234 0.145870
4 0.410242 0.575774 0.069422 0.095136
4 0.322516 0.428845 0.053594 0.125299
4 0.436758 0.337174 0.073047 0.108696
1 0.360344 0.153111 0.063594 0.104103
1 0.583266 0.271427 0.063156 0.133234
1 0.631859 0.395380 0.070969 0.128315
1 0.601914 0.493370 0.059578 0.115435
1 0.608133 0.623342 0.068953 0.118859
1 0.244109 0.871603 0.080469 0.134239
1 0.271867 0.691970 0.074172 0.132473
1 0.272289 0.537826 0.059172 0.120543
3 0.302805 0.306495 0.066953 0.119783
3 0.253664 0.406304 0.067203 0.125815
3 0.199680 0.612337 0.073859 0.127337
3 0.190422 0.743804 0.077656 0.128696
3 0.329812 0.776916 0.079219 0.121005
3 0.409758 0.918016 0.076078 0.136522
3 0.509055 0.898288 0.082734 0.118750
3 0.548828 0.561889 0.051875 0.127310
3 0.483781 0.523098 0.072969 0.096304
3 0.481469 0.419117 0.072344 0.100951
3 0.400625 0.235421 0.074031 0.083397
