4 0.583383 0.389688 0.091953 0.140082
0 0.350734 0.357785 0.099906 0.146386
0 0.314133 0.502228 0.091078 0.161304
0 0.364469 0.630489 0.101125 0.159239
0 0.419859 0.893220 0.091125 0.147418
0 0.762680 0.667296 0.084328 0.167745
0 0.662016 0.911821 0.090156 0.160761
0 0.591602 0.841603 0.083672 0.157011
0 0.513297 0.991929 0.087625 0.016141
0 0.439188 0.990285 0.084281 0.019429
3 0.505391 0.180448 0.092969 0.142962
3 0.424219 0.267745 0.091531 0.143478
3 0.485711 0.465611 0.081078 0.158397
3 0.455945 0.613954 0.082578 0.153342
3 0.645336 0.307867 0.085734 0.159158
3 0.687133 0.397201 0.093266 0.163750
3 0.757328 0.506182 0.087406 0.147853
3 0.522039 0.747228 0.095578 0.150326
3 0.503430 0.894592 0.089953 0.157065
3 0.344508 0.935870 0.093391 0.128261
3 0.345437 0.986304 0.086563 0.027391
4 0.613078 0.695543 0.085406 0.158261
4 0.690625 0.756916 0.090813 0.154103
4 0.717047 0.979035 0.091781 0.041929
4 0.340445 0.792120 0.096828 0.170109
4 0.559828 0.479905 0.096437 0.166929
2 0.611453 0.099144 0.093969 0.142201
2 0.585773 0.235951 0.083766 0.163641
2 0.402789 0.477785 0.090016 0.150679
2 0.456211 0.973139 0.087422 0.053723
2 0.606773 0.988981 0.083328 0.022038
2 0.242148 0.788003 0.099109 0.157799
1 0.226953 0.637690 0.099188 0.150924
1 0.253703 0.932948 0.107094 0.134103
1 0.573289 0.953696 0.080297 0.092609
1 0.508094 0.316780 0.085031 0.141332
1 0.675555 0.218601 0.090266 0.149321
1 0.693594 0.591141 0.077500 0.168207
1 0.623039 0.542446 0.081484 0.166630
1 0.542180 0.610190 0.089859 0.141033
2 0.429430 0.746957 0.092297 0.152283
