3 0.367943 0.354468 0.050917 0.089083
4 0.471646 0.268157 0.061812 0.086574
3 0.454273 0.348194 0.049297 0.086870
4 0.392643 0.270611 0.057797 0.101815
0 0.152323 0.363722 0.046375 0.090667
0 0.205219 0.396324 0.053156 0.090926
0 0.240885 0.332509 0.058615 0.071981
0 0.412036 0.557023 0.052698 0.074880
1 0.211773 0.668009 0.053495 0.088315
1 0.167117 0.434611 0.041797 0.086130
0 0.196206 0.263282 0.049286 0.058361
0 0.242826 0.262370 0.042526 0.068722
1 0.186612 0.325403 0.043495 0.082472
3 0.277615 0.221861 0.050292 0.065833
3 0.326839 0.201222 0.057990 0.071759
1 0.283302 0.545824 0.052094 0.093463
4 0.216969 0.190190 0.056417 0.079009
4 0.457536 0.636634 0.049240 0.085861
2 0.436289 0.405944 0.044505 0.090833
1 0.336721 0.335009 0.038849 0.087574
3 0.424401 0.471773 0.053979 0.085861
3 0.475378 0.902028 0.059661 0.104352
4 0.293659 0.686454 0.063453 0.087574
1 0.389943 0.622727 0.048271 0.094269
1 0.269461 0.939162 0.077630 0.114398
3 0.442096 0.984403 0.065453 0.031194
3 0.530359 0.727509 0.065198 0.107259
3 0.431664 0.699801 0.049755 0.093250
3 0.756997 0.964759 0.084318 0.070481
1 0.227669 0.939120 0.076099 0.121759
4 0.340956 0.520380 0.062828 0.101389
0 0.286438 0.435958 0.050604 0.094213
3 0.565646 0.477398 0.058833 0.110259
1 0.494081 0.630514 0.048141 0.083898
1 0.477563 0.715894 0.055250 0.094769
1 0.479674 0.425657 0.049474 0.094481
2 0.408885 0.356264 0.050979 0.086787
2 0.199685 0.490810 0.049984 0.079361
2 0.284570 0.309458 0.050172 0.078806
2 0.311773 0.273523 0.045453 0.075731
2 0.443753 0.488667 0.059745 0.095704
3 0.345388 0.573449 0.059016 0.099491
3 0.474005 0.523375 0.063313 0.103065
3 0.373773 0.451579 0.056224 0.088824
