0 0.312188 0.203682 0.075094 0.116929
0 0.290492 0.320299 0.071516 0.131739
0 0.332227 0.425924 0.077828 0.134837
0 0.383437 0.611549 0.072719 0.115978
0 0.651102 0.404022 0.065391 0.136793
0 0.578688 0.604932 0.071844 0.140190
0 0.520063 0.553519 0.066688 0.124592
0 0.475477 0.837894 0.080234 0.148397
0 0.391875 0.850516 0.076781 0.139130
3 0.428453 0.053315 0.077094 0.106630
3 0.367781 0.129660 0.077125 0.120353
3 0.423625 0.279212 0.062781 0.129130
3 0.402484 0.392011 0.068813 0.122500
3 0.540930 0.129660 0.074859 0.133234
3 0.584359 0.202663 0.075812 0.128533
3 0.643203 0.279226 0.071062 0.121821
3 0.467406 0.491630 0.076438 0.118370
3 0.453539 0.612201 0.070234 0.126793
3 0.324992 0.662337 0.071953 0.124185
3 0.331305 0.778913 0.080578 0.121304
4 0.532508 0.438342 0.069922 0.122065
4 0.597055 0.480231 0.072922 0.128016
4 0.625781 0.706970 0.078906 0.139321
4 0.319242 0.541250 0.077016 0.125272
4 0.483086 0.277595 0.075391 0.127201
4 0.501539 0.207079 0.076047 0.107527
2 0.513523 0.011617 0.077016 0.023234
2 0.496844 0.091101 0.072281 0.134212
2 0.358484 0.300353 0.076375 0.133043
2 0.421906 0.727106 0.075875 0.134375
2 0.547492 0.784334 0.077828 0.140951
2 0.244398 0.550285 0.078453 0.135679
1 0.225570 0.433016 0.079172 0.118967
1 0.256570 0.686264 0.080422 0.140462
1 0.511437 0.668492 0.068594 0.124158
1 0.440367 0.159130 0.072859 0.118043
1 0.568594 0.061658 0.072219 0.122174
1 0.596148 0.355557 0.060984 0.134321
1 0.537078 0.320530 0.064813 0.128940
1 0.474766 0.391060 0.076844 0.103641
2 0.388297 0.503764 0.076156 0.116712
