0 0.565664 0.125136 0.062859 0.137989
0 0.470406 0.072473 0.068125 0.099946
0 0.501633 0.145829 0.064516 0.122092
0 0.538367 0.236726 0.066828 0.117201
0 0.664180 0.494701 0.059609 0.116141
0 0.670031 0.612160 0.063281 0.127364
0 0.433086 0.603370 0.081203 0.093587
0 0.433344 0.396141 0.071750 0.121196
0 0.343758 0.128750 0.064141 0.130380
2 0.515047 0.578519 0.070031 0.132255
2 0.614500 0.667568 0.068750 0.128668
2 0.549016 0.669796 0.069875 0.132255
2 0.487836 0.685476 0.071078 0.120462
2 0.383547 0.516277 0.071437 0.134837
2 0.572867 0.345625 0.059391 0.128696
2 0.411891 0.287527 0.056719 0.112935
4 0.292875 0.217758 0.064813 0.127473
4 0.254773 0.410408 0.075016 0.128804
4 0.384281 0.793723 0.064281 0.131141
4 0.448219 0.508465 0.067438 0.104701
4 0.375078 0.373261 0.053594 0.125272
4 0.472453 0.288696 0.066906 0.122935
1 0.407922 0.100503 0.063594 0.104103
1 0.601609 0.232962 0.063156 0.132120
1 0.638656 0.349266 0.070969 0.128315
1 0.612789 0.437826 0.059578 0.115435
1 0.613594 0.548315 0.067656 0.105815
1 0.302562 0.735435 0.080469 0.134239
1 0.337531 0.606861 0.074187 0.132473
1 0.326695 0.471630 0.066047 0.120543
3 0.353109 0.258030 0.066969 0.119755
3 0.313484 0.347174 0.067219 0.125815
3 0.273086 0.526060 0.073859 0.127337
3 0.264969 0.646875 0.077656 0.128696
3 0.379891 0.670937 0.079219 0.121005
3 0.449188 0.783016 0.076094 0.133696
3 0.527422 0.778886 0.084125 0.118750
3 0.568312 0.498438 0.051875 0.127310
3 0.509156 0.464008 0.072969 0.096277
3 0.513641 0.373804 0.072344 0.100978
3 0.440734 0.182813 0.074031 0.083397
