0 0.314031 0.200231 0.075094 0.116929
0 0.291797 0.311359 0.071531 0.131739
0 0.333977 0.416060 0.077828 0.134837
0 0.388141 0.602147 0.072719 0.115978
0 0.653398 0.387894 0.065391 0.136766
0 0.583914 0.590883 0.071859 0.140190
0 0.521820 0.541440 0.066672 0.124565
0 0.475383 0.820149 0.080234 0.148397
0 0.398133 0.843560 0.076766 0.139130
3 0.429234 0.044457 0.077094 0.088913
3 0.367094 0.111250 0.077125 0.120380
3 0.426438 0.266264 0.062781 0.129158
3 0.407609 0.383356 0.068812 0.122527
3 0.541805 0.118655 0.074859 0.133234
3 0.585008 0.193587 0.075797 0.128533
3 0.642875 0.261073 0.071063 0.121821
3 0.467000 0.478288 0.076437 0.118370
3 0.456711 0.607310 0.070234 0.126793
3 0.331844 0.654959 0.071937 0.124212
3 0.334820 0.766712 0.080578 0.121304
4 0.533492 0.424728 0.069922 0.122065
4 0.599992 0.466617 0.072922 0.128016
4 0.630359 0.693723 0.078906 0.139348
4 0.322344 0.538397 0.077000 0.125272
4 0.482750 0.270516 0.075406 0.127228
4 0.502914 0.200951 0.076047 0.107554
2 0.513523 0.009348 0.077016 0.018696
2 0.497820 0.080774 0.072266 0.134212
2 0.359063 0.287582 0.076375 0.133043
2 0.423867 0.717269 0.075859 0.134375
2 0.547063 0.764769 0.077812 0.140951
2 0.247664 0.543465 0.078453 0.135679
1 0.228992 0.420258 0.079172 0.118940
1 0.258398 0.672867 0.080422 0.140462
1 0.514703 0.661685 0.068594 0.124185
1 0.438977 0.145231 0.072859 0.118071
1 0.569109 0.057065 0.072219 0.110163
1 0.597172 0.344606 0.060969 0.134321
1 0.539844 0.313410 0.064813 0.128940
1 0.475328 0.384103 0.076844 0.103641
2 0.389328 0.486590 0.076156 0.116712
