0 0.549008 0.134592 0.062859 0.137989
0 0.453750 0.074212 0.068125 0.094076
0 0.488078 0.155231 0.061719 0.124538
0 0.521719 0.255054 0.066844 0.117174
0 0.656711 0.510054 0.059609 0.116141
0 0.664937 0.635802 0.063281 0.127364
0 0.414391 0.633437 0.080625 0.101712
0 0.414648 0.414457 0.071766 0.121196
0 0.317227 0.139973 0.061359 0.130380
2 0.500812 0.602758 0.070781 0.132255
2 0.602266 0.696508 0.068750 0.128668
2 0.537469 0.707038 0.069875 0.132283
2 0.465570 0.717378 0.071078 0.120462
2 0.363156 0.544633 0.071438 0.134864
2 0.561320 0.358030 0.059391 0.128668
2 0.392516 0.301114 0.056719 0.112935
4 0.262797 0.231060 0.064813 0.127446
4 0.221469 0.426957 0.075000 0.128804
4 0.358117 0.832120 0.062234 0.131141
4 0.430547 0.530312 0.067437 0.104701
4 0.350266 0.389239 0.053594 0.125272
4 0.456805 0.301712 0.073047 0.108696
1 0.381078 0.120611 0.063594 0.104103
1 0.589219 0.248628 0.063156 0.132147
1 0.630844 0.368777 0.070969 0.128315
1 0.602602 0.456141 0.059578 0.115435
1 0.604734 0.579606 0.068969 0.118886
1 0.275391 0.804579 0.080469 0.134266
1 0.299125 0.660639 0.074188 0.132473
1 0.298664 0.495842 0.066047 0.120543
3 0.330336 0.266304 0.066953 0.119783
3 0.284594 0.364321 0.067219 0.125815
3 0.243852 0.557976 0.073859 0.127310
3 0.235750 0.680571 0.077656 0.128696
3 0.354734 0.704620 0.079219 0.121033
3 0.426078 0.823220 0.076094 0.133723
3 0.512445 0.813777 0.082734 0.118750
3 0.551656 0.514986 0.051875 0.127310
3 0.496578 0.485870 0.072969 0.096304
3 0.494953 0.385625 0.072344 0.100978
3 0.421359 0.202310 0.074031 0.083370
