0 0.521180 0.214932 0.063609 0.109538
0 0.438125 0.180027 0.068125 0.094076
0 0.467000 0.242133 0.061719 0.124538
0 0.500695 0.314728 0.066078 0.103152
0 0.615938 0.512432 0.059625 0.116114
0 0.623812 0.622799 0.063281 0.127337
0 0.408281 0.622812 0.080625 0.101712
0 0.401398 0.444592 0.071766 0.121196
0 0.324695 0.228614 0.061359 0.120924
2 0.484641 0.596318 0.070781 0.132255
2 0.575078 0.674647 0.068750 0.128696
2 0.518422 0.674524 0.069875 0.132255
2 0.453180 0.693736 0.071078 0.120462
2 0.361461 0.549946 0.071422 0.134837
2 0.532406 0.395652 0.058719 0.128696
2 0.386125 0.345408 0.056719 0.112935
4 0.277250 0.309959 0.064813 0.127473
4 0.238773 0.462337 0.075016 0.131141
4 0.358789 0.812201 0.062234 0.145870
4 0.418633 0.545041 0.069422 0.095136
4 0.351711 0.425734 0.053609 0.125272
4 0.441508 0.358451 0.073047 0.108696
1 0.383187 0.192908 0.063594 0.104076
1 0.559141 0.288573 0.063156 0.133234
1 0.596180 0.390639 0.070953 0.128288
1 0.574898 0.459592 0.059578 0.115435
1 0.576187 0.573709 0.068969 0.118886
1 0.289734 0.762432 0.080469 0.134266
1 0.312195 0.627092 0.074172 0.132500
1 0.314961 0.517609 0.066047 0.120543
3 0.336117 0.331318 0.066953 0.119755
3 0.295125 0.403940 0.067219 0.125815
3 0.257445 0.564660 0.073859 0.127310
3 0.250266 0.674402 0.077656 0.128696
3 0.352687 0.692201 0.079219 0.121033
3 0.417922 0.797446 0.076094 0.136522
3 0.499859 0.781087 0.082750 0.118750
3 0.530250 0.519715 0.051875 0.127310
3 0.475844 0.499457 0.072969 0.096304
3 0.476938 0.417541 0.072344 0.100951
3 0.412188 0.273845 0.074031 0.083397
