4 0.555633 0.342527 0.078047 0.105163
0 0.344523 0.333641 0.086328 0.126576
0 0.316133 0.463329 0.079703 0.142364
0 0.363805 0.575014 0.085391 0.140897
0 0.420516 0.793356 0.078781 0.138995
0 0.720461 0.571834 0.070953 0.150734
0 0.634203 0.795272 0.076531 0.150761
0 0.570469 0.739606 0.074219 0.139973
0 0.511484 0.986943 0.087625 0.026114
0 0.420891 0.993003 0.084281 0.013995
3 0.477758 0.163342 0.079172 0.116087
3 0.407375 0.247337 0.081281 0.120380
3 0.470320 0.416834 0.072984 0.142255
3 0.445813 0.547201 0.072219 0.140380
3 0.602320 0.263573 0.076891 0.133234
3 0.646500 0.345938 0.081250 0.137962
3 0.710492 0.430734 0.075141 0.132446
3 0.510484 0.666005 0.082406 0.136196
3 0.497438 0.802446 0.080500 0.148043
3 0.353641 0.853736 0.082719 0.143125
3 0.351219 0.961128 0.086562 0.077745
4 0.587586 0.610014 0.074141 0.143016
4 0.659414 0.662527 0.077641 0.141250
4 0.687641 0.921522 0.087656 0.156957
4 0.343922 0.717201 0.086594 0.150163
4 0.536422 0.422228 0.079469 0.140163
2 0.568047 0.088546 0.080469 0.117038
2 0.546617 0.214063 0.072266 0.134212
2 0.394500 0.439076 0.081813 0.142446
2 0.458008 0.927840 0.087422 0.144321
2 0.597086 0.959864 0.083328 0.080272
2 0.257602 0.716440 0.085984 0.150815
1 0.242398 0.579878 0.086609 0.121821
1 0.267078 0.875543 0.089188 0.161250
1 0.559945 0.876236 0.075328 0.154973
1 0.485359 0.288261 0.076906 0.118043
1 0.629344 0.186413 0.077687 0.128043
1 0.658000 0.517704 0.062656 0.144647
1 0.593719 0.475299 0.074344 0.136087
1 0.521969 0.537663 0.078906 0.116467
2 0.425875 0.672459 0.080937 0.135299
