4 0.551555 0.339674 0.078047 0.105163
0 0.343305 0.335054 0.086328 0.126576
0 0.316273 0.462038 0.079703 0.142391
0 0.361773 0.573587 0.085391 0.140924
0 0.418891 0.793356 0.078781 0.138995
0 0.714344 0.563329 0.070937 0.150734
0 0.635828 0.786766 0.076531 0.150761
0 0.568844 0.733927 0.074219 0.139973
0 0.511484 0.983546 0.087625 0.032908
0 0.420891 0.991291 0.084281 0.017418
3 0.473680 0.167609 0.079172 0.116087
3 0.404117 0.248764 0.081266 0.120353
3 0.463797 0.421073 0.072969 0.142255
3 0.443359 0.547201 0.072219 0.140380
3 0.595992 0.258601 0.074859 0.133234
3 0.639156 0.343084 0.081250 0.137962
3 0.705187 0.427894 0.075125 0.132418
3 0.507625 0.662459 0.082406 0.136223
3 0.494984 0.796060 0.080500 0.148043
3 0.353641 0.846318 0.082719 0.138234
3 0.351219 0.958302 0.086562 0.083397
4 0.582695 0.605761 0.074141 0.142989
4 0.654523 0.649755 0.077641 0.141250
4 0.686016 0.912296 0.087656 0.158342
4 0.341484 0.711535 0.086594 0.150136
4 0.531531 0.420815 0.079469 0.140163
2 0.561523 0.091399 0.080453 0.117038
2 0.544445 0.215951 0.072266 0.134185
2 0.391242 0.437663 0.081828 0.142446
2 0.454742 0.925707 0.087422 0.148587
2 0.593820 0.957038 0.083328 0.085924
2 0.258148 0.713587 0.085984 0.150815
1 0.240359 0.579185 0.086594 0.118967
1 0.266672 0.871997 0.089188 0.161223
1 0.557492 0.866318 0.075328 0.154973
1 0.481281 0.288261 0.076906 0.118043
1 0.622820 0.186413 0.077703 0.128043
1 0.653531 0.513125 0.060969 0.142609
1 0.590461 0.472459 0.074359 0.136114
1 0.518984 0.534810 0.078906 0.116467
2 0.424102 0.669620 0.080141 0.135272
