0 0.507828 0.180109 0.066437 0.120109
0 0.411508 0.140462 0.067203 0.102283
0 0.446039 0.215272 0.061859 0.124783
0 0.482406 0.305897 0.070656 0.124728
0 0.614078 0.549022 0.058281 0.115543
0 0.622453 0.672323 0.062250 0.128505
0 0.378625 0.679212 0.078813 0.092663
0 0.375773 0.469348 0.070203 0.120435
0 0.282617 0.207201 0.058859 0.128315
2 0.462281 0.636821 0.059500 0.103533
2 0.564867 0.729280 0.064078 0.108179
2 0.498742 0.739103 0.050203 0.110054
2 0.427570 0.759755 0.061672 0.108641
2 0.327352 0.596196 0.060609 0.130978
2 0.517602 0.400109 0.057891 0.124022
2 0.355438 0.360380 0.051344 0.110489
4 0.231000 0.300082 0.063375 0.126467
4 0.191961 0.489633 0.074953 0.127038
4 0.328594 0.880448 0.052500 0.127799
4 0.392844 0.579620 0.069625 0.101087
4 0.314609 0.447283 0.053594 0.126196
4 0.417375 0.357976 0.065469 0.117255
1 0.346250 0.183777 0.060000 0.104348
1 0.545609 0.295299 0.053875 0.106250
1 0.591375 0.399511 0.060906 0.098424
1 0.560578 0.492201 0.043469 0.097446
1 0.564109 0.611359 0.060906 0.101196
1 0.246219 0.828410 0.051500 0.087745
1 0.278313 0.683668 0.063938 0.110815
1 0.275750 0.554429 0.056688 0.107880
3 0.296719 0.334198 0.064438 0.126603
3 0.252586 0.429280 0.065141 0.127853
3 0.213227 0.609660 0.068922 0.123505
3 0.206766 0.733370 0.074719 0.120217
3 0.324242 0.755326 0.075391 0.108370
3 0.394656 0.869239 0.069250 0.127065
3 0.475891 0.854402 0.075406 0.100109
3 0.513195 0.559891 0.051953 0.124185
3 0.456391 0.533397 0.072094 0.097880
3 0.456109 0.436929 0.070281 0.091359
3 0.384055 0.262527 0.072922 0.088478
