0 0.582648 0.207867 0.062859 0.137962
0 0.492836 0.160584 0.068109 0.098832
0 0.525414 0.234497 0.064516 0.122092
0 0.558047 0.320598 0.069625 0.124402
0 0.680492 0.562079 0.059609 0.116114
0 0.687703 0.679538 0.063281 0.127337
0 0.457555 0.673111 0.081203 0.093560
0 0.455094 0.468234 0.071750 0.121196
0 0.367539 0.220924 0.064141 0.130380
2 0.538828 0.639986 0.070031 0.132255
2 0.636250 0.729022 0.068750 0.128696
2 0.576883 0.735992 0.069859 0.132255
2 0.508906 0.750476 0.071094 0.120462
2 0.416398 0.587595 0.071422 0.134864
2 0.596664 0.415353 0.059391 0.128696
2 0.444516 0.359620 0.056719 0.112935
4 0.318703 0.304063 0.064813 0.127473
4 0.283312 0.483696 0.075000 0.128804
4 0.416227 0.862255 0.064297 0.131141
4 0.474047 0.579389 0.067438 0.104701
4 0.400227 0.448913 0.053609 0.125272
4 0.495914 0.370258 0.064922 0.122908
1 0.432391 0.190340 0.063594 0.104103
1 0.624719 0.303872 0.063156 0.132147
1 0.662445 0.406005 0.070953 0.128315
1 0.638617 0.508750 0.059578 0.115435
1 0.639422 0.612147 0.067656 0.105815
1 0.341313 0.812269 0.080469 0.134266
1 0.367437 0.674239 0.074187 0.132500
1 0.361352 0.548451 0.066047 0.120543
3 0.380977 0.340761 0.066953 0.119783
3 0.339984 0.429946 0.067219 0.125815
3 0.298914 0.602894 0.073859 0.127310
3 0.294187 0.717799 0.077656 0.128696
3 0.407750 0.740666 0.079219 0.121005
3 0.471258 0.853954 0.078172 0.133723
3 0.547820 0.845082 0.084141 0.118750
3 0.584625 0.566997 0.051875 0.127310
3 0.532953 0.538478 0.072969 0.096304
3 0.531312 0.445910 0.072344 0.100951
3 0.463844 0.275014 0.074031 0.083397
