0 0.526242 0.156223 0.065984 0.109511
0 0.433539 0.118736 0.068109 0.095462
0 0.465594 0.185747 0.057937 0.124538
0 0.500781 0.266562 0.070844 0.127799
0 0.633859 0.491250 0.058656 0.119239
0 0.643797 0.615082 0.063281 0.130543
0 0.403398 0.621359 0.078078 0.095815
0 0.399156 0.421087 0.067750 0.121196
0 0.307875 0.182024 0.061375 0.128723
2 0.484734 0.590883 0.072844 0.117201
2 0.586859 0.664429 0.068750 0.110761
2 0.522711 0.678247 0.057359 0.118125
2 0.452844 0.703804 0.069375 0.124239
2 0.353406 0.544443 0.062562 0.127473
2 0.536516 0.359212 0.055937 0.118261
2 0.379898 0.309022 0.051922 0.099457
4 0.254711 0.268546 0.066141 0.127473
4 0.216977 0.443261 0.074016 0.119130
4 0.351734 0.818628 0.057438 0.127473
4 0.420000 0.526617 0.069437 0.100897
4 0.338797 0.401223 0.053594 0.117446
4 0.437281 0.318057 0.067438 0.118071
1 0.368812 0.159497 0.063594 0.104103
1 0.564656 0.252500 0.055656 0.105978
1 0.608969 0.352418 0.064625 0.104891
1 0.580922 0.439932 0.056031 0.090462
1 0.588383 0.555163 0.065953 0.104130
1 0.275156 0.770340 0.061031 0.098723
1 0.300891 0.632011 0.072938 0.110326
1 0.299500 0.492840 0.056406 0.117147
3 0.319945 0.300666 0.066953 0.123614
3 0.278414 0.384293 0.065141 0.128207
3 0.238508 0.555204 0.072266 0.117853
3 0.233047 0.678601 0.077656 0.122201
3 0.349453 0.697514 0.079219 0.118451
3 0.418969 0.807011 0.073438 0.130978
3 0.501078 0.790788 0.076719 0.104891
3 0.535453 0.508152 0.051875 0.131793
3 0.478609 0.482690 0.072969 0.088098
3 0.476922 0.391427 0.072344 0.091114
3 0.405305 0.225815 0.074484 0.083370
