0 0.497547 0.239389 0.060219 0.107908
0 0.410391 0.203261 0.059531 0.091848
0 0.441188 0.270924 0.058125 0.111957
0 0.474469 0.352310 0.063125 0.113859
0 0.593281 0.572894 0.050625 0.103451
0 0.599359 0.684076 0.057219 0.114946
0 0.379289 0.690598 0.069547 0.082337
0 0.377578 0.500272 0.063594 0.109783
0 0.292734 0.266033 0.054531 0.114674
2 0.455273 0.650041 0.060672 0.101223
2 0.546898 0.726332 0.063297 0.096196
2 0.487328 0.740557 0.051562 0.090027
2 0.423352 0.761766 0.058297 0.096359
2 0.334187 0.609239 0.052562 0.116848
2 0.505797 0.438533 0.055344 0.104457
2 0.358297 0.398152 0.050469 0.094130
4 0.244734 0.345761 0.058031 0.111087
4 0.211172 0.519837 0.066719 0.114674
4 0.332875 0.870217 0.049844 0.116576
4 0.394094 0.602106 0.063313 0.090136
4 0.322781 0.481196 0.048500 0.114022
4 0.414578 0.400489 0.061969 0.105870
1 0.347344 0.237283 0.056250 0.100435
1 0.531922 0.335870 0.052719 0.105978
1 0.572297 0.434878 0.059406 0.082690
1 0.543937 0.518003 0.047500 0.086821
1 0.545312 0.624728 0.057188 0.095652
1 0.261570 0.822989 0.055172 0.080543
1 0.286320 0.694008 0.057984 0.098940
1 0.277641 0.563791 0.054719 0.110353
3 0.306328 0.378302 0.060469 0.114484
3 0.265719 0.463315 0.060000 0.113587
3 0.230047 0.628954 0.063844 0.112745
3 0.225000 0.739063 0.067500 0.105353
3 0.330273 0.759755 0.070266 0.104348
3 0.392773 0.862310 0.062766 0.113315
3 0.468391 0.852228 0.070594 0.093207
3 0.501672 0.581644 0.046844 0.114375
3 0.450844 0.555435 0.062625 0.083696
3 0.450047 0.470734 0.063969 0.080815
3 0.384031 0.313370 0.067250 0.079457
