0 0.561109 0.107364 0.063625 0.109511
0 0.454438 0.060136 0.068125 0.101630
0 0.492656 0.140774 0.061719 0.124538
0 0.533820 0.235829 0.070859 0.127799
0 0.686617 0.497065 0.059609 0.116141
0 0.696875 0.636101 0.063281 0.127364
0 0.417453 0.638764 0.080625 0.101712
0 0.415336 0.404402 0.071766 0.121196
0 0.311445 0.126957 0.061359 0.120924
2 0.512531 0.596264 0.070781 0.132255
2 0.631594 0.700815 0.068750 0.128696
2 0.556125 0.702867 0.068469 0.118125
2 0.477648 0.730978 0.071078 0.120489
2 0.357375 0.545231 0.071438 0.134864
2 0.573219 0.343016 0.058719 0.128696
2 0.391516 0.282799 0.056719 0.112935
4 0.254141 0.220720 0.064812 0.127473
4 0.205836 0.423967 0.075016 0.131141
4 0.356711 0.866386 0.062234 0.145870
4 0.433242 0.524959 0.069422 0.095136
4 0.346867 0.378899 0.053609 0.125299
4 0.461227 0.288723 0.073047 0.108696
1 0.381500 0.103383 0.063594 0.104103
1 0.605922 0.234389 0.063156 0.133234
1 0.652477 0.351644 0.070953 0.128288
1 0.622164 0.445625 0.059578 0.115435
1 0.626391 0.576060 0.068969 0.118859
1 0.267062 0.815516 0.080469 0.134239
1 0.294852 0.638302 0.074172 0.132473
1 0.296945 0.487663 0.066047 0.120543
3 0.328297 0.253302 0.066969 0.119755
3 0.276094 0.355462 0.067219 0.125815
3 0.223359 0.553247 0.073875 0.127310
3 0.211953 0.688247 0.077656 0.128723
3 0.352516 0.718505 0.079219 0.121033
3 0.433039 0.855367 0.076078 0.136549
3 0.530289 0.839783 0.082734 0.118750
3 0.571031 0.504049 0.051875 0.127337
3 0.506094 0.474932 0.072969 0.096277
3 0.502594 0.370258 0.072344 0.100951
3 0.424078 0.184008 0.074031 0.083397
