0 0.542594 0.152880 0.063625 0.109511
0 0.437445 0.106698 0.068109 0.095462
0 0.473453 0.189524 0.061719 0.124538
0 0.513258 0.279266 0.070859 0.127826
0 0.666367 0.546005 0.059609 0.116141
0 0.679312 0.688207 0.063281 0.127337
0 0.396719 0.689008 0.080625 0.101712
0 0.394602 0.449918 0.071766 0.121196
0 0.293430 0.173668 0.061359 0.120924
2 0.494359 0.647541 0.070781 0.132255
2 0.611781 0.752663 0.068750 0.128696
2 0.539188 0.756073 0.068469 0.118125
2 0.461336 0.781807 0.071078 0.120462
2 0.337109 0.590340 0.071438 0.134864
2 0.553844 0.389647 0.058719 0.128696
2 0.370437 0.330082 0.056719 0.112935
4 0.235336 0.266236 0.064828 0.127473
4 0.181594 0.471046 0.075000 0.131114
4 0.334117 0.921630 0.062234 0.145870
4 0.414094 0.574579 0.069437 0.095136
4 0.325008 0.426467 0.053609 0.125272
4 0.440492 0.334810 0.073047 0.108696
1 0.362375 0.152228 0.063594 0.104076
1 0.586156 0.269062 0.063156 0.133234
1 0.635430 0.390652 0.070953 0.128315
1 0.605086 0.487663 0.059578 0.115435
1 0.611187 0.618614 0.068969 0.118859
1 0.246828 0.867582 0.080469 0.134239
1 0.274727 0.687242 0.074172 0.132473
1 0.274695 0.537228 0.062609 0.120543
3 0.305523 0.300584 0.066953 0.119755
3 0.256383 0.402745 0.067203 0.125815
3 0.204437 0.605829 0.073875 0.127310
3 0.193375 0.737894 0.077656 0.128723
3 0.332750 0.772976 0.079219 0.121005
3 0.412477 0.913288 0.076078 0.136522
3 0.511430 0.893560 0.082734 0.118750
3 0.552672 0.557948 0.051875 0.127310
3 0.486266 0.520734 0.072969 0.096304
3 0.483953 0.417147 0.072344 0.100978
3 0.403344 0.231277 0.074031 0.083370
