3 0.426453 0.219116 0.055437 0.089083
4 0.540807 0.125111 0.061813 0.086574
3 0.519721 0.200380 0.049297 0.086870
4 0.462432 0.130824 0.057302 0.101815
0 0.209125 0.220778 0.046375 0.090667
0 0.265161 0.256046 0.053156 0.085907
0 0.294122 0.181731 0.055286 0.083796
0 0.345435 0.293838 0.065005 0.083306
1 0.295536 0.348301 0.043750 0.079935
1 0.219404 0.280954 0.041797 0.086130
0 0.257117 0.123139 0.049286 0.058352
0 0.303648 0.115463 0.042526 0.068722
1 0.246784 0.181431 0.043495 0.082472
3 0.337815 0.079019 0.051224 0.069185
3 0.393813 0.056403 0.057990 0.071769
1 0.346521 0.344616 0.045448 0.095139
4 0.285216 0.049204 0.056411 0.075685
4 0.469695 0.432319 0.049245 0.085861
2 0.510990 0.302546 0.044510 0.096870
1 0.391570 0.187935 0.045453 0.099333
3 0.468479 0.336245 0.053979 0.085861
3 0.347672 0.427991 0.059656 0.094278
4 0.341604 0.531500 0.071969 0.112796
1 0.408143 0.375083 0.044505 0.094278
1 0.262086 0.567181 0.073859 0.121213
3 0.597247 0.581190 0.065203 0.097194
3 0.486370 0.514681 0.071521 0.115120
3 0.846555 0.899574 0.084318 0.125741
1 0.227669 0.939120 0.076099 0.121759
4 0.340956 0.520380 0.062828 0.101389
0 0.292104 0.299315 0.044865 0.087500
3 0.640375 0.346292 0.058198 0.110269
1 0.565523 0.499972 0.048141 0.083907
1 0.524458 0.579273 0.055250 0.094769
1 0.556068 0.316968 0.055292 0.102435
2 0.465443 0.234343 0.057625 0.086778
2 0.234313 0.360273 0.053354 0.096250
2 0.332068 0.192819 0.054000 0.085657
2 0.374297 0.159324 0.049375 0.082519
2 0.443753 0.488667 0.059745 0.095704
3 0.379940 0.410699 0.059016 0.099491
3 0.536703 0.398032 0.063312 0.103065
3 0.434716 0.281361 0.056224 0.088833
