0 0.632273 0.139307 0.062859 0.137962
0 0.541773 0.086658 0.068109 0.099946
0 0.575031 0.160014 0.064500 0.122092
0 0.604977 0.252092 0.066828 0.117174
0 0.729664 0.500611 0.059609 0.116114
0 0.734141 0.621223 0.063281 0.127337
0 0.504453 0.599823 0.081187 0.093560
0 0.505391 0.400870 0.071750 0.121196
0 0.416258 0.146073 0.064141 0.130408
2 0.581656 0.572622 0.070031 0.132255
2 0.680438 0.667948 0.068750 0.128668
2 0.620156 0.665856 0.069875 0.132255
2 0.551273 0.680747 0.071078 0.120462
2 0.456047 0.512337 0.071438 0.134837
2 0.640695 0.351766 0.059391 0.128696
2 0.484844 0.298152 0.056719 0.112935
4 0.365594 0.228410 0.064812 0.127473
4 0.330219 0.406467 0.075000 0.128804
4 0.454063 0.790557 0.064281 0.131114
4 0.518227 0.509633 0.067453 0.104701
4 0.448625 0.383424 0.053594 0.125272
4 0.541453 0.304049 0.064906 0.122935
1 0.472719 0.112337 0.063594 0.104076
1 0.662656 0.239579 0.063156 0.132147
1 0.707852 0.347609 0.070953 0.128315
1 0.677352 0.441359 0.059578 0.115435
1 0.679750 0.552255 0.067656 0.105815
1 0.381406 0.743709 0.080469 0.134266
1 0.406180 0.594647 0.074172 0.132500
1 0.406898 0.473207 0.066047 0.120543
3 0.428555 0.262758 0.066953 0.119755
3 0.388250 0.349565 0.067219 0.125815
3 0.347852 0.524878 0.073859 0.127310
3 0.341094 0.642147 0.077656 0.128696
3 0.451250 0.669755 0.079219 0.121033
3 0.517836 0.785000 0.076078 0.133696
3 0.596750 0.779130 0.084125 0.118750
3 0.633109 0.501590 0.051875 0.127310
3 0.578719 0.471889 0.072969 0.096277
3 0.580469 0.376943 0.072344 0.100951
3 0.514813 0.200543 0.074031 0.083370
