0 0.549687 0.148193 0.062875 0.137962
0 0.453750 0.088397 0.068125 0.094076
0 0.486719 0.175938 0.061719 0.124538
0 0.522055 0.270421 0.066828 0.117201
0 0.659773 0.533111 0.059609 0.116114
0 0.665609 0.655312 0.063281 0.127364
0 0.413375 0.654715 0.080625 0.101712
0 0.413289 0.433967 0.071766 0.121196
0 0.316203 0.158886 0.061375 0.130380
2 0.502516 0.624633 0.070781 0.132255
2 0.603969 0.719565 0.068750 0.128696
2 0.536109 0.730082 0.069875 0.132283
2 0.464727 0.741617 0.071078 0.120462
2 0.362141 0.569457 0.071438 0.134837
2 0.562336 0.379307 0.059391 0.128668
2 0.391156 0.318261 0.056719 0.112935
4 0.262469 0.248193 0.064812 0.127473
4 0.217734 0.448832 0.075000 0.128804
4 0.357094 0.859293 0.062250 0.131141
4 0.429867 0.552785 0.067453 0.104701
4 0.348570 0.406957 0.053609 0.125272
4 0.456117 0.324185 0.073047 0.108696
1 0.381406 0.131834 0.063594 0.104103
1 0.588875 0.268139 0.063156 0.132147
1 0.630500 0.381780 0.070969 0.128288
1 0.602258 0.475054 0.059578 0.115435
1 0.606430 0.597935 0.068953 0.118859
1 0.278438 0.821128 0.080469 0.134266
1 0.298445 0.681916 0.074172 0.132473
1 0.296961 0.508859 0.066047 0.120543
3 0.328977 0.285217 0.066953 0.119783
3 0.282211 0.383832 0.067203 0.125815
3 0.240797 0.576889 0.073875 0.127310
3 0.231328 0.703016 0.077656 0.128696
3 0.354734 0.729443 0.079219 0.121005
3 0.425055 0.851576 0.076078 0.133696
3 0.511773 0.839185 0.082734 0.118750
3 0.553359 0.537446 0.051875 0.127337
3 0.495562 0.507745 0.072969 0.096304
3 0.495281 0.408682 0.072344 0.100951
3 0.420000 0.218274 0.074031 0.083397
