3 0.348625 0.226185 0.050917 0.089074
4 0.450052 0.137852 0.061813 0.086574
3 0.442456 0.206171 0.049297 0.086861
4 0.371810 0.165898 0.057797 0.101815
0 0.114068 0.240222 0.046375 0.090667
0 0.182417 0.264204 0.053156 0.090926
0 0.217135 0.173519 0.058615 0.071981
0 0.401807 0.435144 0.052698 0.074880
1 0.189578 0.538981 0.053490 0.088315
1 0.134995 0.314884 0.041792 0.086120
0 0.170297 0.138028 0.049292 0.058352
0 0.211352 0.160958 0.042526 0.068731
1 0.156156 0.199884 0.043490 0.082472
3 0.248523 0.080648 0.050286 0.065833
3 0.297745 0.084255 0.057990 0.071769
1 0.264023 0.415319 0.052099 0.093454
4 0.195758 0.065199 0.056411 0.079009
4 0.437688 0.501009 0.049240 0.085852
2 0.433164 0.306458 0.044505 0.087806
1 0.311268 0.185519 0.038849 0.087574
3 0.407620 0.361218 0.053979 0.085861
3 0.475378 0.902028 0.059661 0.104352
4 0.266385 0.549750 0.063458 0.087574
1 0.374182 0.520102 0.048271 0.094278
1 0.240143 0.823606 0.077630 0.114398
3 0.405164 0.918981 0.065453 0.097389
3 0.514221 0.600236 0.065203 0.107269
3 0.403029 0.577778 0.049755 0.093241
3 0.748359 0.880912 0.091135 0.103231
1 0.227669 0.939120 0.076099 0.121759
4 0.340956 0.520380 0.062828 0.101389
0 0.274227 0.318282 0.045474 0.099250
3 0.556953 0.357597 0.058833 0.110269
1 0.479133 0.545199 0.048141 0.083898
1 0.454607 0.623569 0.055245 0.094769
1 0.480815 0.314042 0.049474 0.094491
2 0.488224 0.280093 0.050979 0.086778
2 0.181880 0.374046 0.049990 0.079352
2 0.248549 0.204412 0.050172 0.078806
2 0.285411 0.150384 0.045458 0.075731
2 0.443753 0.488667 0.059745 0.095704
3 0.324174 0.456949 0.059016 0.099491
3 0.457339 0.427755 0.063313 0.103065
3 0.354456 0.297537 0.056224 0.088833
