0 0.552406 0.180679 0.062875 0.123750
0 0.452055 0.126223 0.068109 0.094076
0 0.488078 0.212568 0.061719 0.124538
0 0.522398 0.305285 0.066828 0.117201
0 0.661641 0.573016 0.059625 0.116141
0 0.665266 0.697568 0.063281 0.127364
0 0.411672 0.700231 0.080625 0.101712
0 0.410570 0.473560 0.071766 0.121196
0 0.312461 0.193152 0.061359 0.130380
2 0.497578 0.666889 0.070781 0.132255
2 0.605328 0.762106 0.068750 0.128668
2 0.537461 0.775598 0.069859 0.132283
2 0.465406 0.794810 0.071094 0.120489
2 0.359758 0.609647 0.071422 0.134837
2 0.560477 0.416549 0.059391 0.128696
2 0.390141 0.359049 0.056719 0.112935
4 0.258891 0.288682 0.064813 0.127473
4 0.215687 0.483696 0.075000 0.128804
4 0.355742 0.908071 0.062234 0.131141
4 0.428516 0.597106 0.067437 0.104701
4 0.346531 0.451590 0.053594 0.125299
4 0.455789 0.359049 0.073047 0.108696
1 0.379203 0.162867 0.063594 0.104103
1 0.590406 0.306264 0.063156 0.132147
1 0.629992 0.418723 0.070953 0.128315
1 0.603945 0.524701 0.059578 0.115435
1 0.603711 0.635163 0.068953 0.118859
1 0.281844 0.866644 0.080469 0.134266
1 0.297766 0.716196 0.074187 0.132500
1 0.300867 0.558505 0.066047 0.120543
3 0.327961 0.323043 0.066953 0.119783
3 0.279492 0.424620 0.067203 0.125815
3 0.234344 0.614715 0.073875 0.127310
3 0.227250 0.748533 0.077656 0.128696
3 0.354391 0.783818 0.079219 0.121005
3 0.424039 0.900639 0.076078 0.133723
3 0.512117 0.890598 0.082734 0.118750
3 0.555562 0.581780 0.051875 0.127310
3 0.496234 0.550299 0.072969 0.096304
3 0.495969 0.449443 0.072344 0.100951
3 0.418641 0.256698 0.074031 0.083397
