0 0.506891 0.181658 0.065750 0.120109
0 0.410984 0.141970 0.066312 0.101875
0 0.445172 0.216386 0.060875 0.123859
0 0.481695 0.306549 0.070109 0.123207
0 0.612984 0.548940 0.058219 0.114076
0 0.621453 0.671671 0.061750 0.127255
0 0.378172 0.679212 0.077906 0.092663
0 0.375148 0.469918 0.069828 0.120054
0 0.282688 0.208437 0.058562 0.127908
2 0.462094 0.636821 0.059875 0.103533
2 0.563781 0.727921 0.062500 0.106766
2 0.497883 0.737663 0.049984 0.109783
2 0.427055 0.757500 0.060328 0.103043
2 0.327156 0.596196 0.061000 0.130978
2 0.516555 0.400435 0.056984 0.124891
2 0.355531 0.361848 0.051156 0.108533
4 0.230969 0.300870 0.063000 0.125978
4 0.191961 0.489552 0.075328 0.126549
4 0.328594 0.880041 0.052500 0.127310
4 0.392664 0.579620 0.069984 0.101087
4 0.314609 0.448166 0.053594 0.126386
4 0.416930 0.358777 0.064578 0.115652
1 0.346836 0.188668 0.058203 0.104457
1 0.544117 0.297840 0.052984 0.106386
1 0.590766 0.401929 0.059563 0.097228
1 0.559578 0.495068 0.043719 0.093777
1 0.562766 0.612989 0.059719 0.102609
1 0.246594 0.828410 0.050687 0.087745
1 0.278406 0.684402 0.062625 0.109022
1 0.276008 0.554878 0.056828 0.108288
3 0.296563 0.334986 0.063688 0.126875
3 0.252586 0.430340 0.065141 0.127364
3 0.213320 0.610136 0.068922 0.123859
3 0.206859 0.733614 0.074906 0.119728
3 0.323859 0.755000 0.074656 0.107935
3 0.394328 0.868261 0.068719 0.125109
3 0.474719 0.854022 0.074750 0.099348
3 0.512336 0.559891 0.051297 0.124185
3 0.455641 0.533587 0.071656 0.097500
3 0.455227 0.437527 0.069234 0.091250
3 0.383641 0.263628 0.072094 0.088125
