0 0.527742 0.176671 0.062859 0.137962
0 0.430305 0.136304 0.068109 0.099946
0 0.464969 0.210802 0.061719 0.124538
0 0.500305 0.307649 0.066828 0.117201
0 0.630656 0.552622 0.059625 0.116114
0 0.636953 0.675992 0.063281 0.127364
0 0.394070 0.682079 0.080672 0.094484
0 0.394258 0.469429 0.071766 0.121196
0 0.299352 0.197690 0.064141 0.130380
2 0.478969 0.626073 0.070031 0.132255
2 0.581203 0.743601 0.068750 0.128668
2 0.521156 0.747106 0.069875 0.132255
2 0.445695 0.763492 0.071078 0.120462
2 0.344516 0.594796 0.071438 0.134864
2 0.538211 0.401005 0.059391 0.128696
2 0.373047 0.355571 0.056719 0.112935
4 0.245078 0.287894 0.064812 0.127473
4 0.207875 0.479348 0.075000 0.128804
4 0.343500 0.886495 0.064281 0.131141
4 0.409820 0.581155 0.067453 0.104701
4 0.332719 0.445761 0.053594 0.125272
4 0.431805 0.353370 0.073047 0.122935
1 0.368469 0.142582 0.063594 0.104076
1 0.568500 0.289035 0.063156 0.132147
1 0.613203 0.394620 0.070969 0.128315
1 0.579164 0.481087 0.059578 0.115435
1 0.582156 0.616291 0.067656 0.105788
1 0.272031 0.785258 0.080469 0.134266
1 0.289953 0.682120 0.074187 0.132500
1 0.287820 0.545842 0.066047 0.120543
3 0.313461 0.323818 0.066953 0.119755
3 0.267945 0.416630 0.067203 0.125815
3 0.229578 0.611563 0.073875 0.127310
3 0.221328 0.736236 0.077656 0.128723
3 0.341484 0.763125 0.079219 0.121033
3 0.408742 0.871671 0.076078 0.133723
3 0.492742 0.860462 0.082734 0.118750
3 0.531953 0.564049 0.051875 0.127337
3 0.475516 0.536114 0.072969 0.096304
3 0.474563 0.438818 0.072344 0.100951
3 0.400859 0.255312 0.074031 0.083397
