0 0.501680 0.227065 0.062422 0.110924
0 0.412359 0.188696 0.061281 0.093533
0 0.443945 0.257568 0.058672 0.112582
0 0.477141 0.341495 0.063594 0.113859
0 0.598609 0.566005 0.053250 0.106033
0 0.606180 0.680666 0.059359 0.118668
0 0.381625 0.685041 0.070812 0.085462
0 0.378937 0.492785 0.064062 0.112799
0 0.292813 0.253492 0.054375 0.116658
2 0.458836 0.646603 0.059734 0.104891
2 0.552703 0.723057 0.063844 0.093560
2 0.490820 0.739687 0.052172 0.101114
2 0.425766 0.756101 0.057687 0.094049
2 0.335000 0.605041 0.052813 0.120625
2 0.509484 0.429674 0.054469 0.103261
2 0.359078 0.388139 0.050281 0.096821
4 0.245234 0.336019 0.058594 0.115136
4 0.209578 0.511535 0.067875 0.118777
4 0.334078 0.869484 0.049844 0.116576
4 0.396047 0.594565 0.064437 0.090489
4 0.323266 0.472785 0.049250 0.116929
4 0.416563 0.390870 0.062812 0.106250
1 0.348687 0.226332 0.057781 0.101359
1 0.535734 0.324783 0.052500 0.105978
1 0.577258 0.425842 0.060016 0.087446
1 0.549016 0.513370 0.045844 0.090652
1 0.550477 0.621780 0.054547 0.093940
1 0.261234 0.820204 0.050656 0.079266
1 0.286484 0.691196 0.060469 0.100217
1 0.277695 0.561943 0.055703 0.110625
3 0.305781 0.367554 0.060937 0.113804
3 0.266016 0.453736 0.061875 0.116984
3 0.229125 0.622690 0.066125 0.114946
3 0.224047 0.735068 0.069406 0.106277
3 0.331516 0.757174 0.070719 0.104348
3 0.395492 0.860829 0.063078 0.116712
3 0.472320 0.849592 0.071516 0.093207
3 0.506727 0.575353 0.047297 0.117065
3 0.453625 0.548356 0.064750 0.085353
3 0.453039 0.461834 0.065766 0.082364
3 0.385500 0.301522 0.067813 0.080761
