0 0.489883 0.213220 0.062859 0.130842
0 0.400914 0.168560 0.068109 0.098859
0 0.433320 0.240693 0.064516 0.122092
0 0.465094 0.320598 0.069625 0.124402
0 0.585008 0.547908 0.059609 0.116141
0 0.592891 0.659443 0.063281 0.127364
0 0.370563 0.665421 0.081187 0.093560
0 0.367758 0.470000 0.071766 0.121196
0 0.279867 0.229783 0.064141 0.130380
2 0.444812 0.640774 0.070031 0.132255
2 0.533969 0.704783 0.068750 0.128696
2 0.476797 0.723587 0.069875 0.132283
2 0.413406 0.740149 0.071094 0.120462
2 0.323500 0.589361 0.071438 0.134864
2 0.495227 0.413587 0.059391 0.128696
2 0.346648 0.369674 0.060141 0.114130
4 0.235484 0.308777 0.060656 0.127446
4 0.198703 0.486957 0.075000 0.128804
4 0.322438 0.849864 0.064281 0.131141
4 0.383484 0.577595 0.067437 0.104701
4 0.311531 0.453641 0.053594 0.125272
4 0.404500 0.372609 0.064906 0.122935
1 0.337922 0.200992 0.063594 0.104103
1 0.522094 0.310367 0.063156 0.132147
1 0.560672 0.410435 0.070969 0.128315
1 0.533602 0.509918 0.059578 0.115435
1 0.535812 0.609864 0.065531 0.107989
1 0.245703 0.802011 0.080469 0.134239
1 0.271602 0.670693 0.074172 0.132473
1 0.263484 0.543451 0.066031 0.120543
3 0.295680 0.345489 0.066953 0.119783
3 0.254352 0.432283 0.067203 0.125815
3 0.216000 0.604076 0.073875 0.127337
3 0.210250 0.714239 0.077656 0.128696
3 0.318719 0.737731 0.079219 0.121005
3 0.383578 0.836223 0.078156 0.133696
3 0.458094 0.825584 0.084125 0.118777
3 0.493203 0.556359 0.051875 0.127337
3 0.438641 0.528125 0.072969 0.096304
3 0.440234 0.440299 0.072344 0.100978
3 0.375484 0.280340 0.074031 0.083397
