0 0.523969 0.234701 0.066906 0.123696
0 0.438461 0.192486 0.068109 0.098832
0 0.469453 0.264035 0.064500 0.122092
0 0.501406 0.341875 0.069625 0.124402
0 0.618641 0.569185 0.058219 0.116141
0 0.621430 0.685448 0.065297 0.127364
0 0.405219 0.683750 0.081187 0.093587
0 0.402766 0.495408 0.071750 0.121196
0 0.319148 0.250951 0.064141 0.130380
2 0.482742 0.655978 0.072016 0.133370
2 0.567609 0.735530 0.068750 0.118071
2 0.514727 0.741535 0.066422 0.132201
2 0.452984 0.761861 0.064187 0.120571
2 0.358391 0.599022 0.071438 0.134837
2 0.534805 0.437826 0.059391 0.128696
2 0.383461 0.387813 0.060141 0.114103
4 0.271391 0.333601 0.060656 0.127473
4 0.236961 0.506141 0.075016 0.128804
4 0.360500 0.868179 0.064281 0.131141
4 0.421031 0.594361 0.067438 0.104701
4 0.350156 0.474918 0.053594 0.125272
4 0.441766 0.392323 0.064906 0.122908
1 0.374625 0.216372 0.063594 0.104103
1 0.558797 0.329878 0.063156 0.132147
1 0.598687 0.427283 0.070969 0.128315
1 0.573133 0.532310 0.059578 0.115435
1 0.572508 0.632323 0.065516 0.108016
1 0.281500 0.822908 0.080469 0.134239
1 0.311570 0.688438 0.074172 0.132473
1 0.312422 0.565000 0.066031 0.120543
3 0.333398 0.363220 0.066953 0.119755
3 0.291734 0.449620 0.067219 0.125815
3 0.255422 0.621807 0.073875 0.127310
3 0.250328 0.727255 0.075687 0.128696
3 0.356219 0.756603 0.075813 0.122283
3 0.414836 0.862228 0.078172 0.133696
3 0.495266 0.847989 0.078750 0.110380
3 0.530937 0.575272 0.051875 0.127337
3 0.478227 0.550489 0.068203 0.102174
3 0.476266 0.463641 0.072344 0.100978
3 0.410813 0.302215 0.074031 0.083397
