0 0.556148 0.212595 0.062859 0.137962
0 0.465648 0.164130 0.068109 0.098859
0 0.497547 0.241576 0.064500 0.122120
0 0.531766 0.322174 0.069625 0.124402
0 0.654211 0.562079 0.059609 0.116114
0 0.662109 0.677962 0.063281 0.127337
0 0.428328 0.679022 0.081188 0.093587
0 0.427680 0.476902 0.071766 0.121196
0 0.341039 0.225652 0.064141 0.130380
2 0.515500 0.646291 0.070031 0.132255
2 0.611781 0.730204 0.068750 0.128668
2 0.556500 0.740720 0.069875 0.132255
2 0.483070 0.762296 0.071078 0.120462
2 0.388984 0.596264 0.071438 0.134864
2 0.569477 0.414185 0.059391 0.128696
2 0.412797 0.371440 0.056719 0.112935
4 0.293547 0.308791 0.064813 0.127473
4 0.253406 0.491957 0.075000 0.128804
4 0.383602 0.868560 0.064297 0.131141
4 0.446180 0.584117 0.067453 0.104701
4 0.373945 0.456399 0.053609 0.125299
4 0.468953 0.376562 0.064906 0.122908
1 0.409281 0.192717 0.063594 0.104076
1 0.600703 0.313329 0.063156 0.132147
1 0.646813 0.417826 0.070969 0.128315
1 0.614375 0.513071 0.059594 0.115435
1 0.610648 0.618057 0.067641 0.105788
1 0.317797 0.821005 0.080469 0.134239
1 0.340023 0.687636 0.074172 0.132500
1 0.341867 0.560679 0.066047 0.120543
3 0.353336 0.342337 0.066953 0.119783
3 0.312797 0.433478 0.067219 0.125815
3 0.274445 0.607622 0.073859 0.127310
3 0.267453 0.727255 0.077656 0.128696
3 0.378750 0.750530 0.079219 0.121005
3 0.442484 0.859864 0.078156 0.133696
3 0.524703 0.849810 0.084125 0.118750
3 0.561516 0.571726 0.051875 0.127310
3 0.507125 0.540842 0.072969 0.096304
3 0.502766 0.449457 0.072344 0.100978
3 0.437328 0.277378 0.074031 0.083397
