0 0.496219 0.144117 0.063625 0.109538
0 0.394820 0.101834 0.068109 0.095462
0 0.431531 0.176834 0.061719 0.124538
0 0.471430 0.264280 0.070859 0.127799
0 0.614641 0.497812 0.059625 0.116114
0 0.625906 0.620530 0.063281 0.127364
0 0.359906 0.629171 0.078594 0.095788
0 0.357937 0.420734 0.067750 0.121196
0 0.260258 0.166332 0.061359 0.120924
2 0.455047 0.600707 0.070781 0.132228
2 0.562547 0.685557 0.068750 0.128668
2 0.492289 0.703139 0.059641 0.118125
2 0.414891 0.717514 0.071094 0.120462
2 0.305570 0.550543 0.071422 0.134837
2 0.510422 0.355611 0.058719 0.112038
2 0.336469 0.305272 0.052656 0.103533
4 0.204977 0.260231 0.064828 0.127473
4 0.159812 0.450557 0.075000 0.131114
4 0.308273 0.856440 0.058922 0.133967
4 0.377414 0.528492 0.069422 0.095136
4 0.294625 0.398859 0.053594 0.125272
4 0.400328 0.313315 0.068281 0.108696
1 0.330609 0.154986 0.063594 0.104103
1 0.540219 0.250788 0.055656 0.105978
1 0.584547 0.357255 0.064187 0.098641
1 0.557492 0.448071 0.054203 0.100000
1 0.560031 0.575652 0.068969 0.118859
1 0.221141 0.817459 0.080469 0.134266
1 0.246297 0.643777 0.074188 0.121739
1 0.246648 0.507255 0.059172 0.120543
3 0.273766 0.289416 0.066969 0.119755
3 0.227281 0.387174 0.065156 0.125815
3 0.178750 0.572853 0.073875 0.127337
3 0.173641 0.695122 0.077656 0.128723
3 0.298328 0.711644 0.079219 0.121005
3 0.378734 0.842908 0.074094 0.136522
3 0.469570 0.819429 0.082734 0.118750
3 0.504344 0.509742 0.051875 0.127310
3 0.442094 0.478342 0.072969 0.088098
3 0.443750 0.385842 0.072344 0.086793
3 0.366266 0.217745 0.074031 0.083370
