0 0.528727 0.171128 0.063859 0.109538
0 0.438023 0.135095 0.068109 0.095462
0 0.468219 0.206236 0.061344 0.124538
0 0.504281 0.286970 0.070844 0.127799
0 0.639539 0.505883 0.059516 0.116440
0 0.649500 0.629158 0.063281 0.127500
0 0.407062 0.635965 0.078594 0.095788
0 0.401344 0.435380 0.067750 0.121196
0 0.309555 0.198560 0.061359 0.120924
2 0.491172 0.604973 0.071437 0.131359
2 0.593883 0.684035 0.068734 0.126875
2 0.528242 0.694932 0.059391 0.118125
2 0.458938 0.720231 0.071219 0.120462
2 0.356344 0.559198 0.062563 0.134103
2 0.539141 0.372024 0.058437 0.112038
2 0.381781 0.330136 0.052656 0.103533
4 0.259156 0.282405 0.064812 0.127473
4 0.218609 0.462432 0.074812 0.130245
4 0.355867 0.840503 0.058672 0.133560
4 0.420031 0.540639 0.069438 0.095625
4 0.340953 0.419158 0.053594 0.125272
4 0.441563 0.335027 0.068281 0.108696
1 0.373641 0.174117 0.063594 0.104103
1 0.567438 0.265272 0.055656 0.105978
1 0.611398 0.368940 0.063953 0.098641
1 0.587531 0.445951 0.054188 0.099348
1 0.590992 0.563764 0.068797 0.097908
1 0.277023 0.801712 0.078172 0.130109
1 0.301477 0.635503 0.074109 0.103342
1 0.299477 0.511427 0.058891 0.119755
3 0.322328 0.312867 0.066969 0.119538
3 0.279680 0.400571 0.065141 0.125815
3 0.239641 0.575625 0.073687 0.126685
3 0.231750 0.694565 0.077656 0.128043
3 0.352414 0.713668 0.079234 0.120543
3 0.423484 0.829185 0.074094 0.135978
3 0.507352 0.810720 0.082141 0.117364
3 0.538234 0.521304 0.051875 0.127554
3 0.481781 0.492337 0.072969 0.088098
3 0.482078 0.403804 0.072344 0.087011
3 0.407937 0.244416 0.074031 0.083397
