0 0.538172 0.129823 0.063625 0.109538
0 0.447984 0.090761 0.068125 0.094076
0 0.483312 0.162351 0.061719 0.124538
0 0.518016 0.246766 0.070844 0.127826
0 0.653492 0.477554 0.059609 0.116141
0 0.663734 0.604470 0.063281 0.127364
0 0.414078 0.599090 0.080625 0.101712
0 0.412539 0.390707 0.071766 0.121196
0 0.315180 0.146467 0.061359 0.120924
2 0.503875 0.569660 0.070781 0.132255
2 0.605516 0.654022 0.068750 0.128696
2 0.541687 0.662704 0.069875 0.132255
2 0.469828 0.681916 0.071094 0.120462
2 0.369133 0.511101 0.071422 0.134864
2 0.553500 0.331440 0.058719 0.128696
2 0.393375 0.281630 0.056719 0.112935
4 0.268406 0.230177 0.064813 0.127473
4 0.223914 0.416753 0.075016 0.131114
4 0.359938 0.808804 0.062250 0.145870
4 0.434578 0.500965 0.069438 0.095136
4 0.350875 0.368791 0.053594 0.125299
4 0.454711 0.294130 0.073047 0.108696
1 0.382766 0.115883 0.063594 0.104103
1 0.591086 0.235666 0.063141 0.133234
1 0.638250 0.332486 0.070969 0.128288
1 0.601102 0.418560 0.059578 0.115435
1 0.607078 0.535747 0.068969 0.118886
1 0.283625 0.760557 0.080469 0.134266
1 0.308883 0.598410 0.074172 0.132473
1 0.308352 0.466386 0.066047 0.120543
3 0.330680 0.267785 0.066953 0.119755
3 0.288500 0.346902 0.067219 0.125815
3 0.242664 0.528709 0.073859 0.127310
3 0.233703 0.651603 0.077656 0.128696
3 0.360312 0.676603 0.079219 0.121033
3 0.428797 0.799810 0.076094 0.136522
3 0.516398 0.779375 0.082734 0.118750
3 0.551719 0.486617 0.051875 0.127310
3 0.495562 0.453370 0.072969 0.096304
3 0.490531 0.359620 0.072344 0.100978
3 0.420563 0.206467 0.074031 0.083370
