3 0.432823 0.256824 0.051187 0.089074
4 0.544958 0.164639 0.061813 0.086574
3 0.522693 0.240083 0.049302 0.086870
4 0.466620 0.163968 0.057802 0.101824
0 0.211289 0.238481 0.046370 0.090667
0 0.271651 0.272977 0.053156 0.085917
0 0.297687 0.194407 0.055281 0.083796
0 0.487135 0.452852 0.053813 0.075648
1 0.270292 0.539940 0.047542 0.086083
1 0.219404 0.305514 0.041797 0.086120
0 0.259279 0.143921 0.049286 0.058361
0 0.303648 0.120218 0.042526 0.068731
1 0.250349 0.206782 0.043490 0.082472
3 0.336260 0.091162 0.050604 0.066954
3 0.393474 0.084782 0.057990 0.071769
1 0.341594 0.415759 0.045448 0.083000
4 0.285216 0.081611 0.056411 0.075685
4 0.527935 0.507236 0.049245 0.085861
2 0.519362 0.328074 0.044505 0.091185
1 0.391570 0.205894 0.045453 0.099324
3 0.491477 0.364144 0.053974 0.085861
3 0.475378 0.902028 0.059661 0.104352
4 0.357299 0.562116 0.062891 0.085843
1 0.460714 0.531231 0.048271 0.094278
1 0.306344 0.814477 0.073865 0.121213
3 0.595039 0.614685 0.065203 0.107259
3 0.492992 0.580625 0.049755 0.093250
3 0.846846 0.932722 0.084318 0.127815
1 0.227669 0.939120 0.076099 0.121759
4 0.340956 0.520380 0.062828 0.101389
0 0.351870 0.312676 0.051542 0.095907
3 0.642583 0.364625 0.058833 0.110269
1 0.572180 0.529495 0.048141 0.083898
1 0.537940 0.619532 0.055245 0.094769
1 0.561326 0.341657 0.049818 0.094963
2 0.473885 0.266176 0.051396 0.086778
2 0.256695 0.367009 0.059964 0.096259
2 0.338740 0.215454 0.050375 0.079204
2 0.383396 0.176556 0.045688 0.076130
2 0.443753 0.488667 0.059745 0.095704
3 0.399742 0.474569 0.059016 0.099491
3 0.540526 0.421523 0.063312 0.103065
3 0.440503 0.326440 0.056224 0.088824
