3 0.425656 0.214398 0.055969 0.089074
4 0.541375 0.128148 0.061812 0.086574
3 0.506674 0.209361 0.049297 0.086870
4 0.462932 0.130824 0.056302 0.101815
0 0.208854 0.218565 0.046375 0.090667
0 0.264349 0.253931 0.053156 0.085917
0 0.293677 0.180148 0.055281 0.083796
0 0.345198 0.287944 0.065000 0.083296
1 0.292695 0.354194 0.043745 0.079944
1 0.219404 0.277884 0.041797 0.086120
0 0.256846 0.120542 0.049286 0.058361
0 0.303648 0.114866 0.042526 0.068731
1 0.246339 0.178264 0.043490 0.082472
3 0.337992 0.077130 0.051224 0.069185
3 0.393880 0.055440 0.057990 0.071769
1 0.342099 0.332134 0.045448 0.095139
4 0.285216 0.047940 0.056411 0.075676
4 0.463305 0.435269 0.049245 0.085852
2 0.509943 0.299356 0.044510 0.097583
1 0.391570 0.185690 0.045453 0.099324
3 0.466044 0.334319 0.053974 0.085861
3 0.344156 0.432806 0.059656 0.094278
4 0.340268 0.534074 0.071974 0.112796
1 0.407669 0.380977 0.044505 0.094269
1 0.255807 0.535106 0.073865 0.121213
3 0.595352 0.584931 0.065203 0.097194
3 0.484792 0.517773 0.071521 0.115120
3 0.845971 0.903204 0.084318 0.124704
1 0.227669 0.939120 0.076099 0.121759
4 0.340956 0.520380 0.062828 0.101389
0 0.288141 0.300685 0.044865 0.087500
3 0.639742 0.346667 0.056932 0.110259
1 0.563945 0.499972 0.048141 0.083907
1 0.524161 0.579097 0.055250 0.094769
1 0.555409 0.313880 0.055974 0.103370
2 0.465443 0.236958 0.057625 0.086787
2 0.229172 0.370375 0.053354 0.096250
2 0.331232 0.189991 0.054453 0.086463
2 0.373159 0.157167 0.049839 0.083315
2 0.443753 0.488667 0.059745 0.095704
3 0.375102 0.411699 0.059016 0.099491
3 0.534391 0.398403 0.063312 0.103065
3 0.430086 0.280986 0.056224 0.088824
