0 0.507211 0.226821 0.062859 0.123696
0 0.420500 0.187092 0.068125 0.098859
0 0.450555 0.259470 0.064516 0.122092
0 0.483273 0.338329 0.069641 0.124375
0 0.600969 0.565965 0.058219 0.116114
0 0.608531 0.675394 0.063281 0.127364
0 0.385516 0.677840 0.081187 0.093560
0 0.382602 0.482011 0.071766 0.121196
0 0.299289 0.247772 0.064141 0.130380
2 0.472727 0.652378 0.072016 0.133397
2 0.558773 0.729864 0.068734 0.118043
2 0.497875 0.736291 0.069875 0.132255
2 0.435094 0.753342 0.064812 0.120924
2 0.340234 0.604171 0.071438 0.134864
2 0.517148 0.430734 0.059391 0.128696
2 0.366695 0.383872 0.060141 0.114103
4 0.252141 0.328872 0.060656 0.127473
4 0.216031 0.501413 0.075000 0.128804
4 0.340516 0.865462 0.064281 0.131141
4 0.403359 0.590014 0.067438 0.104701
4 0.330562 0.467826 0.053594 0.125272
4 0.423188 0.387989 0.064906 0.122935
1 0.360312 0.222133 0.063594 0.104103
1 0.549172 0.335639 0.063156 0.132147
1 0.592445 0.429946 0.070953 0.128315
1 0.576758 0.515842 0.059578 0.115435
1 0.561133 0.621984 0.065516 0.107989
1 0.264672 0.826060 0.080469 0.134239
1 0.294711 0.690802 0.074172 0.132473
1 0.286602 0.561793 0.066047 0.120543
3 0.309609 0.358764 0.066969 0.119755
3 0.271188 0.445027 0.067219 0.125815
3 0.233937 0.613995 0.073875 0.127337
3 0.226266 0.723696 0.075687 0.128696
3 0.336938 0.748247 0.079219 0.121005
3 0.395813 0.851576 0.078156 0.133696
3 0.477148 0.840082 0.078766 0.110380
3 0.511906 0.574090 0.051875 0.127310
3 0.459883 0.548505 0.068203 0.102174
3 0.461500 0.460204 0.072344 0.100951
3 0.393000 0.296698 0.074031 0.083397
