3 0.429635 0.237968 0.053313 0.089083
4 0.542594 0.142750 0.061812 0.086574
3 0.524586 0.216514 0.049297 0.086861
4 0.464255 0.146292 0.057802 0.101824
0 0.210208 0.229630 0.046375 0.090667
0 0.268406 0.264509 0.053156 0.085907
0 0.295906 0.188069 0.055281 0.083787
0 0.473018 0.398366 0.062766 0.081769
1 0.260737 0.485301 0.046589 0.084565
1 0.219404 0.293231 0.041797 0.086130
0 0.258195 0.133532 0.049286 0.058361
0 0.303648 0.117838 0.042526 0.068731
1 0.248565 0.194106 0.043495 0.082472
3 0.337107 0.086593 0.051224 0.069185
3 0.393542 0.060250 0.057990 0.071759
1 0.346521 0.390495 0.045448 0.095139
4 0.285216 0.054255 0.056411 0.075676
4 0.497633 0.453366 0.049245 0.085861
2 0.515174 0.315310 0.044505 0.094028
1 0.391570 0.196912 0.045453 0.099324
3 0.484943 0.338384 0.053979 0.085861
3 0.436208 0.731991 0.059656 0.100685
4 0.346953 0.521204 0.071969 0.112796
1 0.441971 0.447472 0.046661 0.094278
1 0.287206 0.695477 0.073859 0.121213
3 0.595919 0.581014 0.065203 0.107269
3 0.489250 0.532083 0.059083 0.102630
3 0.847430 0.905787 0.084318 0.127815
1 0.227669 0.939120 0.076099 0.121759
4 0.340956 0.520380 0.062828 0.101389
0 0.355326 0.255157 0.045828 0.087500
3 0.643529 0.345769 0.058828 0.110259
1 0.569846 0.509810 0.048141 0.083898
1 0.525656 0.579986 0.055250 0.094769
1 0.558698 0.329310 0.052552 0.098694
2 0.469380 0.248500 0.054719 0.086778
2 0.263638 0.336704 0.059964 0.096259
2 0.335404 0.204134 0.052193 0.082435
2 0.378844 0.167940 0.047531 0.079324
2 0.443753 0.488667 0.059745 0.095704
3 0.399305 0.406708 0.059016 0.099491
3 0.539104 0.408894 0.063312 0.103065
3 0.437539 0.288801 0.056224 0.088824
