3 0.314521 0.283681 0.055667 0.099176
4 0.510307 0.187528 0.061813 0.086574
3 0.366542 0.222472 0.049302 0.086870
4 0.418544 0.200778 0.048318 0.101815
0 0.129641 0.243370 0.046375 0.072185
0 0.191453 0.291028 0.053156 0.085907
0 0.220065 0.219194 0.055286 0.083796
0 0.307763 0.196889 0.065005 0.081611
1 0.218354 0.378037 0.043750 0.079944
1 0.144427 0.313889 0.041792 0.072630
0 0.189232 0.139616 0.049286 0.058361
0 0.236706 0.150519 0.042526 0.068722
1 0.169625 0.208755 0.043490 0.082472
3 0.286539 0.108972 0.051224 0.069185
3 0.344568 0.107454 0.057990 0.071759
1 0.242844 0.298718 0.044479 0.081657
4 0.222161 0.072185 0.056417 0.084426
3 0.433987 0.975190 0.066714 0.049620
3 0.486313 0.609394 0.071521 0.115120
3 0.819529 0.953741 0.084234 0.076093
1 0.227669 0.939120 0.076099 0.121759
4 0.274758 0.616810 0.062828 0.101380
0 0.180802 0.369037 0.044865 0.087500
3 0.193164 0.497931 0.053151 0.107028
1 0.404617 0.522694 0.048141 0.083907
1 0.376490 0.501315 0.057687 0.085537
1 0.413516 0.422986 0.067469 0.112398
2 0.403339 0.312111 0.057625 0.105315
2 0.173120 0.587810 0.053354 0.096250
2 0.156839 0.433514 0.055812 0.102324
2 0.262505 0.383532 0.048396 0.077231
2 0.319367 0.468889 0.059745 0.095704
3 0.248458 0.471773 0.050510 0.086028
3 0.309612 0.562949 0.057026 0.097157
3 0.346310 0.322171 0.056224 0.088824
