0 0.538852 0.142826 0.063609 0.109511
0 0.447984 0.099049 0.068125 0.094076
0 0.481047 0.167867 0.061719 0.124538
0 0.517109 0.256223 0.070844 0.127826
0 0.648391 0.478750 0.059625 0.116141
0 0.659312 0.603302 0.063281 0.127364
0 0.413891 0.599715 0.080625 0.101712
0 0.412367 0.393533 0.071766 0.121196
0 0.319258 0.153560 0.061359 0.120924
2 0.503187 0.570258 0.070781 0.132255
2 0.596156 0.654552 0.068750 0.128668
2 0.537461 0.662704 0.069859 0.132255
2 0.466773 0.680747 0.071078 0.120462
2 0.370281 0.514579 0.071437 0.134864
2 0.554188 0.337337 0.058719 0.128696
2 0.393031 0.286359 0.056719 0.112935
4 0.269094 0.239035 0.064813 0.127473
4 0.227453 0.417704 0.075000 0.131114
4 0.359938 0.807582 0.062250 0.145870
4 0.434422 0.502894 0.069437 0.095136
4 0.351148 0.372582 0.053609 0.125272
4 0.454320 0.301889 0.073047 0.108668
1 0.383672 0.126128 0.063594 0.104103
1 0.586664 0.244823 0.063141 0.133234
1 0.632406 0.340530 0.070969 0.128288
1 0.597742 0.423967 0.059578 0.115435
1 0.604055 0.534701 0.068953 0.118859
1 0.284672 0.759497 0.080469 0.134266
1 0.309469 0.599429 0.074188 0.132500
1 0.309711 0.469429 0.066047 0.120543
3 0.332039 0.275462 0.066953 0.119783
3 0.288836 0.353397 0.067203 0.125815
3 0.245727 0.529307 0.073859 0.127310
3 0.238687 0.653179 0.077656 0.128696
3 0.361062 0.677174 0.079219 0.121033
3 0.428797 0.790353 0.076094 0.136522
3 0.514227 0.777486 0.082734 0.118777
3 0.550094 0.486617 0.051875 0.127310
3 0.493297 0.457296 0.072969 0.096277
3 0.489172 0.365136 0.072344 0.100978
3 0.421016 0.215924 0.074031 0.083370
