0 0.628195 0.133410 0.062859 0.137962
0 0.539734 0.078383 0.068125 0.099973
0 0.573672 0.158845 0.064500 0.122092
0 0.602938 0.249728 0.066844 0.117174
0 0.724680 0.497065 0.059609 0.116141
0 0.730516 0.615720 0.063281 0.127364
0 0.503773 0.598641 0.081203 0.093587
0 0.500633 0.398098 0.071766 0.121196
0 0.412398 0.139375 0.064141 0.130380
2 0.578250 0.565530 0.070031 0.132255
2 0.677719 0.662840 0.068750 0.128668
2 0.618344 0.656793 0.069875 0.132283
2 0.548320 0.676019 0.071078 0.120462
2 0.450156 0.506821 0.071437 0.134837
2 0.637570 0.348927 0.059391 0.128668
2 0.481891 0.295788 0.056719 0.112935
4 0.364234 0.221318 0.064812 0.127473
4 0.328180 0.400951 0.075016 0.128804
4 0.449531 0.785435 0.064281 0.131141
4 0.516188 0.504905 0.067438 0.104701
4 0.445766 0.379185 0.053594 0.125272
4 0.538062 0.291060 0.064906 0.122935
1 0.467047 0.105245 0.063594 0.104076
1 0.658844 0.236970 0.063156 0.132147
1 0.704727 0.342649 0.070953 0.128288
1 0.671914 0.433098 0.059578 0.115435
1 0.674766 0.547133 0.067656 0.105788
1 0.378016 0.736603 0.080469 0.134239
1 0.402102 0.589130 0.074172 0.132500
1 0.403492 0.465707 0.066047 0.120543
3 0.427195 0.261562 0.066953 0.119755
3 0.386203 0.344837 0.067219 0.125815
3 0.345133 0.523682 0.073859 0.127310
3 0.338375 0.640951 0.077656 0.128696
3 0.449219 0.665014 0.079219 0.121005
3 0.515789 0.780666 0.076078 0.133723
3 0.592672 0.775109 0.084125 0.118750
3 0.629484 0.497269 0.051875 0.127310
3 0.573734 0.464008 0.072969 0.096277
3 0.576844 0.369063 0.072344 0.100951
3 0.508703 0.195802 0.074031 0.083397
