0 0.534727 0.232147 0.066922 0.123696
0 0.449500 0.187758 0.068125 0.098832
0 0.482766 0.263166 0.064500 0.122092
0 0.513516 0.340693 0.069625 0.124375
0 0.631555 0.567405 0.058234 0.116114
0 0.637742 0.680720 0.065297 0.127364
0 0.417102 0.682867 0.077078 0.093560
0 0.412617 0.490707 0.071766 0.121196
0 0.331352 0.246929 0.064141 0.130380
2 0.485023 0.650068 0.072016 0.133397
2 0.585969 0.733166 0.068750 0.118071
2 0.528492 0.741929 0.066422 0.132228
2 0.457563 0.761440 0.064187 0.120598
2 0.366766 0.602418 0.071437 0.134837
2 0.543477 0.436929 0.059391 0.128696
2 0.394992 0.388437 0.060141 0.114103
4 0.282375 0.333601 0.060656 0.127473
4 0.245508 0.500245 0.075016 0.128804
4 0.370688 0.867011 0.064281 0.131141
4 0.430883 0.587649 0.067453 0.104701
4 0.359578 0.469484 0.053594 0.125272
4 0.450711 0.389171 0.064922 0.122908
1 0.383125 0.216861 0.063594 0.104103
1 0.565594 0.330177 0.063156 0.132147
1 0.607227 0.426101 0.070953 0.128288
1 0.576258 0.534973 0.059578 0.115435
1 0.579820 0.628478 0.065516 0.107989
1 0.292766 0.821630 0.080469 0.134239
1 0.316539 0.686005 0.074172 0.132500
1 0.310180 0.564375 0.066047 0.120543
3 0.342063 0.363084 0.066969 0.119755
3 0.302945 0.445272 0.067203 0.125815
3 0.263234 0.619443 0.073875 0.127310
3 0.258820 0.729022 0.075672 0.128696
3 0.363922 0.753043 0.075813 0.122283
3 0.425375 0.859266 0.078156 0.133696
3 0.503992 0.844457 0.078766 0.110380
3 0.539094 0.577052 0.051875 0.127310
3 0.486383 0.549701 0.068203 0.102174
3 0.487016 0.464130 0.072344 0.100978
3 0.421687 0.302812 0.074031 0.083397
