0 0.516031 0.235693 0.066906 0.123723
0 0.430305 0.194266 0.068109 0.098859
0 0.461523 0.264035 0.064516 0.122092
0 0.494156 0.343057 0.069625 0.124375
0 0.612180 0.571250 0.058234 0.116141
0 0.619102 0.686128 0.065297 0.127364
0 0.398422 0.686114 0.081188 0.093587
0 0.395117 0.496005 0.071766 0.121196
0 0.311305 0.251957 0.064141 0.130380
2 0.469313 0.660421 0.072000 0.133397
2 0.563734 0.736209 0.068750 0.118071
2 0.508430 0.742500 0.068141 0.132228
2 0.446078 0.765217 0.064187 0.120598
2 0.351766 0.606264 0.071438 0.134864
2 0.526117 0.437826 0.059391 0.128696
2 0.375883 0.388601 0.060141 0.114103
4 0.263859 0.334796 0.060656 0.127473
4 0.227242 0.507337 0.075016 0.128804
4 0.350812 0.871726 0.064281 0.131114
4 0.413867 0.596019 0.067453 0.104701
4 0.341094 0.476087 0.053594 0.125272
4 0.434734 0.395679 0.064906 0.122935
1 0.364094 0.223451 0.063594 0.104076
1 0.554031 0.329878 0.063156 0.132147
1 0.594734 0.427283 0.070969 0.128315
1 0.571320 0.531685 0.059578 0.115435
1 0.568242 0.632989 0.065516 0.107989
1 0.277797 0.821726 0.080469 0.134266
1 0.306156 0.695720 0.074188 0.132473
1 0.299852 0.570326 0.066047 0.120543
3 0.323609 0.361495 0.066969 0.119783
3 0.282898 0.450027 0.067203 0.125815
3 0.247938 0.621807 0.073875 0.127310
3 0.241148 0.733750 0.075672 0.128696
3 0.350664 0.759538 0.075828 0.122283
3 0.411102 0.863111 0.078172 0.133723
3 0.487852 0.850652 0.078766 0.110380
3 0.520734 0.577935 0.051875 0.127337
3 0.470070 0.556196 0.068203 0.102174
3 0.468781 0.464823 0.072344 0.100951
3 0.403344 0.303981 0.074031 0.083397
