0 0.495172 0.143899 0.063625 0.109538
0 0.393836 0.101562 0.068109 0.095462
0 0.430422 0.176196 0.061719 0.124565
0 0.470812 0.263533 0.070844 0.127826
0 0.613836 0.496304 0.059609 0.116141
0 0.625109 0.619144 0.063281 0.127364
0 0.359000 0.627731 0.078594 0.095788
0 0.357250 0.419973 0.067750 0.121196
0 0.259898 0.165788 0.061359 0.120924
2 0.454578 0.598981 0.070781 0.132255
2 0.561937 0.682527 0.068750 0.128696
2 0.492289 0.701780 0.059641 0.118125
2 0.414438 0.715394 0.071094 0.120462
2 0.305203 0.549361 0.071438 0.134864
2 0.509781 0.354334 0.058719 0.112038
2 0.335789 0.305272 0.052641 0.103533
4 0.204523 0.259361 0.064828 0.127473
4 0.159898 0.449389 0.075016 0.131114
4 0.308484 0.854620 0.058906 0.133967
4 0.376922 0.527296 0.069437 0.095136
4 0.293766 0.398533 0.053594 0.125272
4 0.399766 0.312582 0.068281 0.108696
1 0.329906 0.154769 0.063594 0.104103
1 0.539859 0.250571 0.055656 0.105978
1 0.583375 0.355829 0.064187 0.098668
1 0.556625 0.447446 0.054188 0.100000
1 0.559562 0.573356 0.068969 0.118886
1 0.221234 0.815815 0.080469 0.134239
1 0.245820 0.641766 0.074172 0.121739
1 0.246602 0.505435 0.059172 0.120543
3 0.273398 0.289307 0.066953 0.119755
3 0.227195 0.386603 0.065141 0.125815
3 0.178836 0.571359 0.073859 0.127337
3 0.173453 0.694375 0.077656 0.128696
3 0.297641 0.709144 0.079219 0.121005
3 0.378312 0.840652 0.074094 0.136522
3 0.469016 0.817582 0.082750 0.118750
3 0.503516 0.508682 0.051875 0.127310
3 0.441188 0.477554 0.072969 0.088098
3 0.442828 0.385408 0.072344 0.086793
3 0.365656 0.217636 0.074031 0.083370
