0 0.530836 0.096060 0.065984 0.109511
0 0.438805 0.057976 0.068109 0.095462
0 0.470266 0.130109 0.062594 0.128152
0 0.506266 0.214185 0.070844 0.127826
0 0.641273 0.444905 0.060703 0.119266
0 0.648062 0.569130 0.063281 0.130978
0 0.408266 0.569946 0.080625 0.095815
0 0.403523 0.365000 0.067734 0.121196
0 0.309219 0.123397 0.061375 0.130652
2 0.486187 0.542582 0.071719 0.115652
2 0.586969 0.615938 0.068750 0.110734
2 0.522844 0.626658 0.054688 0.107554
2 0.456445 0.650679 0.063922 0.112500
2 0.356750 0.489728 0.059844 0.130978
2 0.543461 0.305652 0.055922 0.119837
2 0.383297 0.268682 0.051750 0.106658
4 0.258570 0.207785 0.066484 0.127473
4 0.221906 0.388220 0.074219 0.128016
4 0.356219 0.764239 0.057656 0.126848
4 0.422578 0.475109 0.069438 0.101087
4 0.342602 0.348152 0.053609 0.125815
4 0.442891 0.264878 0.067250 0.120408
1 0.370922 0.094687 0.063594 0.104103
1 0.569703 0.197391 0.055656 0.105978
1 0.615906 0.294973 0.065313 0.106467
1 0.585617 0.399511 0.048453 0.101467
1 0.588750 0.506236 0.065625 0.104864
1 0.276391 0.718383 0.061906 0.100190
1 0.304750 0.573179 0.072812 0.111141
1 0.300609 0.451549 0.056406 0.118261
3 0.325812 0.239986 0.066969 0.125136
3 0.282445 0.326712 0.065141 0.128804
3 0.240219 0.504986 0.072313 0.113234
3 0.235391 0.622514 0.077656 0.122201
3 0.353367 0.645109 0.079234 0.119022
3 0.423547 0.755326 0.074062 0.130978
3 0.504328 0.740897 0.076719 0.104891
3 0.537148 0.456372 0.051891 0.132310
3 0.481594 0.433043 0.072969 0.098641
3 0.481687 0.337391 0.072344 0.091576
3 0.409062 0.173030 0.074594 0.091603
