0 0.528484 0.172092 0.063625 0.109511
0 0.436602 0.136236 0.068109 0.095462
0 0.468187 0.205774 0.061719 0.124538
0 0.502266 0.285774 0.070844 0.127799
0 0.638984 0.505109 0.059625 0.116141
0 0.651766 0.631753 0.063281 0.127364
0 0.407250 0.641128 0.078594 0.095788
0 0.400219 0.436440 0.067750 0.121196
0 0.308555 0.199375 0.061359 0.120924
2 0.490281 0.605802 0.070781 0.132255
2 0.595141 0.687948 0.068750 0.128668
2 0.527688 0.695883 0.059625 0.118125
2 0.457313 0.721236 0.071094 0.120462
2 0.355469 0.559334 0.062563 0.134864
2 0.538375 0.371671 0.058719 0.112038
2 0.380031 0.329891 0.052656 0.103533
4 0.258047 0.284253 0.064812 0.127473
4 0.217195 0.465421 0.075016 0.131114
4 0.355586 0.846114 0.058922 0.133967
4 0.418750 0.540530 0.069438 0.095136
4 0.340031 0.418601 0.053594 0.125299
4 0.441172 0.336603 0.068281 0.108696
1 0.372578 0.174457 0.063594 0.104076
1 0.566180 0.263913 0.055672 0.105978
1 0.610727 0.367554 0.064172 0.098641
1 0.587328 0.447636 0.054188 0.100000
1 0.588234 0.563913 0.068969 0.100598
1 0.276578 0.807242 0.080469 0.134266
1 0.301727 0.645177 0.074172 0.109212
1 0.298805 0.514185 0.059172 0.120543
3 0.321328 0.314769 0.066969 0.119755
3 0.278258 0.403098 0.065141 0.125815
3 0.237453 0.581101 0.073875 0.127310
3 0.229719 0.701250 0.077656 0.128696
3 0.352687 0.719226 0.079219 0.121005
3 0.423891 0.833505 0.074094 0.136522
3 0.508039 0.814647 0.082734 0.118750
3 0.538703 0.521291 0.051875 0.127310
3 0.481625 0.492908 0.072969 0.088098
3 0.480641 0.401739 0.072344 0.086793
3 0.407250 0.245761 0.074031 0.083370
