0 0.520789 0.242188 0.066922 0.123723
0 0.431664 0.200761 0.068109 0.098859
0 0.465602 0.272323 0.064516 0.122092
0 0.496875 0.351332 0.069625 0.124402
0 0.615234 0.577446 0.058219 0.116141
0 0.618711 0.691359 0.065297 0.127337
0 0.398422 0.690258 0.081188 0.093560
0 0.397328 0.497772 0.071750 0.121196
0 0.313164 0.259918 0.064141 0.130380
2 0.477977 0.661889 0.072016 0.133397
2 0.573047 0.742622 0.068750 0.118071
2 0.518437 0.746630 0.069875 0.132283
2 0.449133 0.769361 0.064203 0.120571
2 0.358391 0.608478 0.071438 0.134837
2 0.534133 0.444918 0.059391 0.128696
2 0.380977 0.399226 0.060141 0.114103
4 0.265734 0.339524 0.060656 0.127473
4 0.229625 0.508505 0.075000 0.128804
4 0.356422 0.878804 0.064281 0.131141
4 0.415594 0.601834 0.067437 0.104701
4 0.343133 0.480815 0.053609 0.125272
4 0.438141 0.397446 0.064906 0.122935
1 0.375984 0.225815 0.063594 0.104076
1 0.563547 0.340530 0.063156 0.132147
1 0.607398 0.434375 0.070953 0.128315
1 0.575742 0.533560 0.059578 0.115435
1 0.573195 0.632323 0.065516 0.108016
1 0.305297 0.834728 0.080469 0.134239
1 0.309664 0.697880 0.074172 0.132500
1 0.316492 0.570924 0.066047 0.120543
3 0.325922 0.370312 0.066969 0.119755
3 0.288328 0.455924 0.067219 0.125815
3 0.245906 0.622989 0.073875 0.127337
3 0.243531 0.736712 0.075688 0.128696
3 0.350328 0.764905 0.079219 0.121005
3 0.415516 0.865774 0.078156 0.133723
3 0.486664 0.855095 0.078766 0.110353
3 0.526172 0.584728 0.051875 0.127337
3 0.472797 0.559158 0.068219 0.102174
3 0.474906 0.475462 0.072344 0.100978
3 0.405375 0.308709 0.074031 0.083397
