0 0.552742 0.200747 0.062859 0.109538
0 0.452391 0.146332 0.068125 0.094076
0 0.489094 0.230312 0.061719 0.124538
0 0.523250 0.323913 0.064438 0.111902
0 0.660453 0.589266 0.059625 0.116141
0 0.665609 0.716780 0.063281 0.127364
0 0.412703 0.719742 0.080625 0.101712
0 0.412273 0.490109 0.071766 0.121196
0 0.315180 0.207935 0.061359 0.125652
2 0.498609 0.675747 0.070781 0.132255
2 0.606016 0.782595 0.068750 0.128668
2 0.538820 0.794511 0.069859 0.132283
2 0.466430 0.808003 0.071078 0.120462
2 0.364516 0.626196 0.071437 0.134837
2 0.558602 0.433682 0.059391 0.128668
2 0.391164 0.379728 0.056703 0.112935
4 0.259578 0.305231 0.064813 0.127473
4 0.216375 0.499647 0.075000 0.128804
4 0.357781 0.921658 0.062250 0.131141
4 0.430211 0.614837 0.067453 0.104728
4 0.346531 0.468723 0.053594 0.125272
4 0.456117 0.377364 0.073047 0.108696
1 0.380219 0.190639 0.063594 0.104103
1 0.587688 0.325177 0.063156 0.132147
1 0.629820 0.438519 0.070953 0.128288
1 0.602258 0.541250 0.059578 0.115435
1 0.601672 0.650136 0.068969 0.118859
1 0.282516 0.869008 0.080469 0.134266
1 0.300820 0.729592 0.074172 0.132500
1 0.303586 0.576223 0.066047 0.120543
3 0.328977 0.339008 0.066953 0.119755
3 0.282211 0.439973 0.067203 0.125815
3 0.236039 0.629470 0.073859 0.127310
3 0.228609 0.763886 0.077656 0.128696
3 0.355422 0.797405 0.079219 0.121005
3 0.424719 0.918967 0.076094 0.133696
3 0.513477 0.908342 0.082734 0.118750
3 0.557266 0.597133 0.051875 0.127310
3 0.496750 0.564769 0.072969 0.096277
3 0.496641 0.464226 0.072344 0.100951
3 0.420344 0.273247 0.074031 0.083397
