0 0.613234 0.196644 0.062875 0.137962
0 0.522398 0.152310 0.068109 0.098859
0 0.557023 0.227976 0.064516 0.122092
0 0.588281 0.315870 0.069625 0.124402
0 0.711422 0.557649 0.059625 0.116114
0 0.716922 0.679253 0.063281 0.127364
0 0.486781 0.665421 0.081187 0.093560
0 0.482617 0.460163 0.071766 0.121196
0 0.398805 0.204375 0.064141 0.130380
2 0.568063 0.636454 0.070031 0.132255
2 0.665141 0.722527 0.068750 0.128696
2 0.601016 0.725353 0.069875 0.132283
2 0.536430 0.748111 0.071078 0.120462
2 0.443016 0.577745 0.071437 0.134837
2 0.626914 0.410041 0.059391 0.128668
2 0.471703 0.348995 0.056719 0.112935
4 0.349625 0.296970 0.064812 0.127473
4 0.310844 0.466549 0.075000 0.128804
4 0.442734 0.850435 0.064281 0.131141
4 0.501914 0.571101 0.067453 0.104701
4 0.429453 0.441821 0.053594 0.125272
4 0.526156 0.357853 0.064906 0.122935
1 0.457203 0.182269 0.063594 0.104103
1 0.656328 0.300340 0.063156 0.132147
1 0.692352 0.405408 0.070953 0.128315
1 0.669195 0.506386 0.059578 0.115435
1 0.663891 0.613342 0.067656 0.105815
1 0.374953 0.798668 0.080469 0.134239
1 0.394453 0.659755 0.074187 0.132500
1 0.391945 0.541957 0.066047 0.120543
3 0.410883 0.324212 0.066953 0.119783
3 0.367000 0.415163 0.067219 0.125815
3 0.329500 0.586929 0.073875 0.127337
3 0.325453 0.707147 0.077656 0.128696
3 0.431875 0.735652 0.079219 0.121033
3 0.498805 0.843315 0.076078 0.133696
3 0.577039 0.836223 0.084141 0.118750
3 0.614188 0.560503 0.051875 0.127310
3 0.562172 0.526658 0.072969 0.096304
3 0.563250 0.434674 0.072344 0.100978
3 0.495445 0.266726 0.074016 0.083397
