0 0.521437 0.227935 0.063625 0.109511
0 0.436187 0.192011 0.068125 0.094076
0 0.464227 0.264715 0.061703 0.124538
0 0.495406 0.332636 0.065687 0.103478
0 0.613516 0.541155 0.059625 0.116114
0 0.625344 0.650707 0.063281 0.127337
0 0.402313 0.650149 0.080625 0.101712
0 0.398711 0.467663 0.071766 0.121196
0 0.316750 0.244253 0.061375 0.120951
2 0.481531 0.621318 0.070781 0.132255
2 0.571711 0.698954 0.068734 0.128668
2 0.513937 0.703764 0.069875 0.132255
2 0.449570 0.720720 0.071078 0.120462
2 0.357047 0.576549 0.071438 0.134837
2 0.526586 0.421114 0.058703 0.128696
2 0.383727 0.371617 0.056703 0.112962
4 0.268953 0.325557 0.064813 0.127473
4 0.230578 0.480829 0.075000 0.131114
4 0.354859 0.831005 0.062250 0.145870
4 0.420344 0.561535 0.069437 0.095136
4 0.348187 0.452568 0.053594 0.125299
4 0.438945 0.372500 0.073047 0.108696
1 0.380969 0.226427 0.063594 0.104103
1 0.551234 0.317880 0.063156 0.133043
1 0.596109 0.408791 0.070969 0.128288
1 0.573273 0.483560 0.059578 0.115435
1 0.569094 0.588397 0.068969 0.118859
1 0.285125 0.792568 0.080469 0.134266
1 0.303609 0.650774 0.074188 0.132473
1 0.296117 0.530734 0.066047 0.120543
3 0.327359 0.351970 0.066969 0.119755
3 0.288562 0.433016 0.067219 0.125815
3 0.248906 0.588084 0.073875 0.127310
3 0.243094 0.696739 0.077656 0.128696
3 0.355094 0.720163 0.079219 0.121033
3 0.414852 0.823451 0.076078 0.136522
3 0.492070 0.804592 0.082734 0.118750
3 0.525641 0.547772 0.051875 0.127337
3 0.474875 0.521046 0.072969 0.096277
3 0.473797 0.441291 0.072344 0.100951
3 0.410266 0.292541 0.074031 0.083397
