0 0.329766 0.233750 0.080875 0.128804
0 0.308000 0.348913 0.071531 0.131739
0 0.354758 0.448777 0.077828 0.140924
0 0.413375 0.626440 0.072719 0.126033
0 0.684922 0.404348 0.065406 0.136793
0 0.616766 0.606073 0.071844 0.140190
0 0.554805 0.559090 0.066672 0.124592
0 0.507781 0.862486 0.080219 0.155571
0 0.426328 0.891345 0.081562 0.147527
3 0.447172 0.076495 0.077094 0.108859
3 0.386586 0.150720 0.077109 0.120353
3 0.445344 0.292541 0.062781 0.129158
3 0.429828 0.405639 0.068813 0.122527
3 0.561734 0.139932 0.074875 0.133234
3 0.607258 0.215543 0.075797 0.128533
3 0.670664 0.277663 0.071078 0.121793
3 0.494211 0.503478 0.076422 0.118370
3 0.486844 0.631060 0.070219 0.126793
3 0.352375 0.684633 0.071937 0.124212
3 0.359992 0.817092 0.080578 0.129565
4 0.563914 0.441087 0.069922 0.122065
4 0.630398 0.481630 0.072922 0.127989
4 0.668813 0.715788 0.078906 0.139348
4 0.343086 0.567527 0.077016 0.125272
4 0.507195 0.283668 0.075391 0.127228
4 0.522727 0.223302 0.076047 0.107527
2 0.526414 0.023410 0.077016 0.046821
2 0.515906 0.108139 0.072281 0.134212
2 0.377523 0.312867 0.076359 0.133071
2 0.455695 0.751698 0.077953 0.134375
2 0.586445 0.801549 0.077828 0.145652
2 0.262039 0.579212 0.078453 0.135652
1 0.243398 0.457908 0.079172 0.118967
1 0.274109 0.720285 0.080437 0.148342
1 0.544937 0.684185 0.068594 0.134946
1 0.459148 0.183533 0.072859 0.118043
1 0.586102 0.072989 0.072203 0.110163
1 0.624781 0.356508 0.060969 0.134321
1 0.564031 0.330489 0.064813 0.128967
1 0.498531 0.387731 0.076844 0.103614
2 0.414203 0.513818 0.076156 0.116712
