0 0.480703 0.209063 0.062875 0.137962
0 0.392242 0.167677 0.068109 0.098832
0 0.424148 0.238030 0.064516 0.122092
0 0.457453 0.320598 0.069625 0.124402
0 0.575148 0.543179 0.059609 0.116141
0 0.583719 0.654715 0.063281 0.127364
0 0.359008 0.663655 0.081203 0.093560
0 0.358586 0.467065 0.071766 0.121196
0 0.270352 0.228016 0.064141 0.130380
2 0.436203 0.642065 0.070031 0.132228
2 0.525813 0.698288 0.068750 0.128696
2 0.470406 0.721413 0.069875 0.132283
2 0.406047 0.740639 0.071094 0.120462
2 0.314219 0.587785 0.071438 0.134864
2 0.486898 0.411223 0.059391 0.128696
2 0.338836 0.365543 0.060141 0.114130
4 0.219516 0.309959 0.060656 0.127473
4 0.189523 0.486060 0.075016 0.128804
4 0.312234 0.850435 0.064281 0.131141
4 0.370742 0.575829 0.067453 0.104701
4 0.301336 0.450679 0.053609 0.125272
4 0.394641 0.370245 0.064906 0.122935
1 0.328906 0.201291 0.063594 0.104103
1 0.513937 0.305068 0.063156 0.132147
1 0.551664 0.409552 0.070953 0.128288
1 0.526477 0.506386 0.059578 0.115435
1 0.526977 0.608682 0.065516 0.108016
1 0.235281 0.801617 0.080469 0.134266
1 0.258008 0.668329 0.074172 0.132473
1 0.256008 0.537826 0.066047 0.120543
3 0.280391 0.341943 0.066969 0.119755
3 0.243813 0.432880 0.067219 0.125815
3 0.206484 0.605258 0.073875 0.127310
3 0.200406 0.715435 0.077656 0.128696
3 0.309203 0.735951 0.079219 0.121033
3 0.367945 0.838587 0.078172 0.133696
3 0.444500 0.823804 0.084125 0.118750
3 0.485391 0.552813 0.051875 0.127310
3 0.431000 0.525462 0.072969 0.096304
3 0.432078 0.437649 0.072344 0.100951
3 0.363930 0.276196 0.074016 0.083370
