0 0.491914 0.212609 0.062859 0.137989
0 0.400742 0.173587 0.068109 0.098859
0 0.435359 0.245122 0.064500 0.122092
0 0.468328 0.324742 0.069625 0.124375
0 0.590445 0.560897 0.059609 0.116141
0 0.596625 0.668899 0.063281 0.127364
0 0.368523 0.677840 0.081203 0.093560
0 0.367078 0.482418 0.071750 0.121196
0 0.279180 0.228016 0.064141 0.130380
2 0.448102 0.642758 0.070016 0.132255
2 0.547562 0.726454 0.068750 0.128668
2 0.491250 0.741318 0.069875 0.132255
2 0.421906 0.754035 0.071094 0.120462
2 0.321531 0.603451 0.071438 0.134837
2 0.506602 0.422446 0.059391 0.128696
2 0.352766 0.372636 0.056719 0.112935
4 0.230344 0.320014 0.064812 0.127473
4 0.192578 0.502908 0.075000 0.128804
4 0.323453 0.865815 0.064281 0.131141
4 0.386539 0.585584 0.067453 0.104701
4 0.310172 0.465462 0.053594 0.125272
4 0.406539 0.380897 0.064922 0.122935
1 0.345391 0.203954 0.063594 0.104103
1 0.539422 0.317459 0.063156 0.132147
1 0.570695 0.420788 0.070953 0.128315
1 0.549914 0.505788 0.059578 0.115435
1 0.543359 0.619837 0.067656 0.105815
1 0.261109 0.821726 0.080469 0.134266
1 0.280445 0.690190 0.074172 0.132500
1 0.271977 0.564429 0.066047 0.120543
3 0.290070 0.352296 0.066953 0.119755
3 0.250445 0.439375 0.067203 0.125815
3 0.213281 0.613533 0.073875 0.127337
3 0.206859 0.728424 0.077656 0.128696
3 0.321094 0.751318 0.079219 0.121005
3 0.386633 0.856318 0.078172 0.133723
3 0.463531 0.843913 0.084125 0.118750
3 0.498984 0.571141 0.051875 0.127337
3 0.444922 0.541427 0.072969 0.096277
3 0.443625 0.453003 0.072344 0.100951
3 0.375141 0.282106 0.074031 0.083397
