3 0.382169 0.200259 0.057568 0.089074
4 0.549042 0.125287 0.061812 0.086574
3 0.439029 0.183269 0.049297 0.086870
4 0.466177 0.130824 0.049812 0.101815
0 0.207094 0.204185 0.046375 0.090667
0 0.259073 0.240176 0.053156 0.085907
0 0.290781 0.169847 0.055281 0.083787
0 0.350643 0.211347 0.065005 0.083306
1 0.346789 0.403861 0.043745 0.079944
1 0.219404 0.257931 0.041797 0.086120
0 0.255086 0.103662 0.049286 0.058361
0 0.303648 0.111005 0.042526 0.068731
1 0.243443 0.157667 0.043490 0.082481
3 0.339148 0.064815 0.051224 0.069185
3 0.394318 0.049185 0.057990 0.071759
1 0.313375 0.250972 0.045448 0.095148
4 0.285216 0.039736 0.056411 0.075676
4 0.383049 0.329690 0.049245 0.085861
2 0.503138 0.278620 0.044505 0.102204
3 0.607258 0.583407 0.065203 0.097185
3 0.491990 0.517606 0.071521 0.115120
3 0.855924 0.915898 0.084318 0.121074
1 0.227669 0.939120 0.076099 0.121759
4 0.340956 0.520380 0.062828 0.101389
0 0.262401 0.309639 0.044865 0.087500
3 0.660169 0.340333 0.053151 0.110259
1 0.567831 0.489366 0.048141 0.083898
1 0.533870 0.556176 0.055250 0.094759
1 0.551135 0.293819 0.060417 0.109454
2 0.459049 0.254356 0.057630 0.086787
2 0.240130 0.452306 0.053354 0.096259
2 0.265755 0.288542 0.055813 0.088880
2 0.318042 0.281514 0.051219 0.085713
2 0.443753 0.488667 0.059745 0.095704
3 0.343643 0.418181 0.059016 0.099491
3 0.549568 0.376421 0.056073 0.091139
3 0.406253 0.250403 0.056224 0.088824
