0 0.491172 0.240693 0.059219 0.105299
0 0.405703 0.205978 0.060156 0.092935
0 0.435937 0.274185 0.058125 0.111957
0 0.467656 0.352310 0.061250 0.113859
0 0.585156 0.568614 0.049375 0.102446
0 0.591562 0.678125 0.056562 0.114946
0 0.374609 0.682473 0.067656 0.082337
0 0.372891 0.496467 0.061719 0.108696
0 0.289297 0.266033 0.055156 0.114674
2 0.450313 0.650815 0.062500 0.109239
2 0.540078 0.722011 0.056406 0.096196
2 0.483906 0.734647 0.051562 0.094293
2 0.418672 0.753940 0.055156 0.106793
2 0.330937 0.609239 0.051562 0.116848
2 0.498359 0.436141 0.051719 0.109239
2 0.353672 0.398913 0.046719 0.102174
4 0.244297 0.346304 0.058906 0.110000
4 0.210234 0.514416 0.066094 0.110353
4 0.330391 0.863723 0.049844 0.116576
4 0.388984 0.595652 0.061094 0.091304
4 0.318594 0.478261 0.045625 0.110326
4 0.409766 0.399728 0.058594 0.104348
1 0.345781 0.239130 0.053125 0.096739
1 0.525234 0.336957 0.053594 0.105978
1 0.568031 0.432541 0.060188 0.084049
1 0.541586 0.518288 0.046234 0.086359
1 0.542500 0.623641 0.061562 0.095652
1 0.261719 0.821467 0.060625 0.096196
1 0.283828 0.685027 0.057969 0.090707
1 0.277578 0.565897 0.053594 0.110054
3 0.305391 0.374633 0.058594 0.110408
3 0.262969 0.456250 0.058750 0.103804
3 0.229141 0.623505 0.062656 0.110598
3 0.222656 0.730707 0.064687 0.101630
3 0.326094 0.751087 0.066875 0.104348
3 0.388125 0.852038 0.061563 0.113315
3 0.461250 0.837092 0.066875 0.093207
3 0.495469 0.577038 0.045000 0.111685
3 0.443672 0.553261 0.062031 0.083696
3 0.444609 0.469973 0.062344 0.082337
3 0.378891 0.314674 0.065031 0.082065
