0 0.527375 0.165313 0.062875 0.137962
0 0.430984 0.113261 0.068125 0.099946
0 0.463156 0.193465 0.061719 0.124538
0 0.498492 0.286766 0.066828 0.117174
0 0.626125 0.537649 0.059625 0.116114
0 0.635813 0.661413 0.063281 0.127337
0 0.393125 0.657514 0.081187 0.093560
0 0.389844 0.450516 0.071750 0.121196
0 0.296867 0.183696 0.064141 0.130380
2 0.478187 0.623084 0.070031 0.132255
2 0.580516 0.736114 0.068750 0.128696
2 0.517078 0.731264 0.069875 0.132255
2 0.445016 0.749307 0.071094 0.120462
2 0.344469 0.583057 0.071438 0.134864
2 0.538211 0.384946 0.059391 0.128696
2 0.374516 0.334402 0.056719 0.112935
4 0.245297 0.268111 0.064812 0.127473
4 0.205391 0.462799 0.075000 0.128804
4 0.342828 0.864620 0.064281 0.131141
4 0.409820 0.563410 0.067453 0.104701
4 0.331859 0.427636 0.053594 0.125272
4 0.434797 0.341875 0.066906 0.122935
1 0.369234 0.135747 0.063594 0.104103
1 0.568312 0.280231 0.063156 0.132147
1 0.613391 0.390109 0.070969 0.128315
1 0.578539 0.474266 0.059578 0.115435
1 0.582328 0.604266 0.067656 0.105815
1 0.272820 0.780897 0.080484 0.134239
1 0.289273 0.675421 0.074172 0.132473
1 0.288242 0.535462 0.066047 0.120543
3 0.312055 0.309090 0.066953 0.119755
3 0.268492 0.401549 0.067203 0.125815
3 0.226641 0.591467 0.073875 0.127337
3 0.217531 0.713777 0.077656 0.128696
3 0.339328 0.740285 0.079219 0.121005
3 0.404555 0.852758 0.076078 0.133723
3 0.488883 0.840761 0.082734 0.118750
3 0.527797 0.543125 0.051875 0.127337
3 0.473000 0.513655 0.072969 0.096277
3 0.470813 0.421671 0.072344 0.100951
3 0.399953 0.237568 0.074031 0.083397
