4 0.582500 0.389429 0.090313 0.134728
0 0.353250 0.357785 0.095563 0.146386
0 0.318687 0.502228 0.081969 0.161304
0 0.366922 0.630489 0.096219 0.159239
0 0.422312 0.885421 0.091125 0.147418
0 0.756289 0.662568 0.081078 0.167745
0 0.659297 0.899769 0.090156 0.160734
0 0.591602 0.830720 0.083672 0.154158
0 0.513094 0.991753 0.087625 0.016495
0 0.437156 0.990774 0.084281 0.018451
3 0.503758 0.184674 0.089703 0.134511
3 0.426664 0.272011 0.091547 0.143478
3 0.488977 0.471970 0.081078 0.154103
3 0.456352 0.606861 0.082578 0.153342
3 0.640445 0.312120 0.085734 0.159130
3 0.686477 0.401182 0.093266 0.163777
3 0.751625 0.501929 0.087406 0.147826
3 0.523406 0.747228 0.094500 0.150326
3 0.503328 0.896617 0.086250 0.153668
3 0.347766 0.926658 0.086875 0.146685
3 0.345812 0.985842 0.086563 0.028315
4 0.612031 0.689348 0.080594 0.142989
4 0.687625 0.752174 0.088812 0.154076
4 0.714086 0.973003 0.091797 0.053995
4 0.344523 0.786508 0.096828 0.150136
4 0.560094 0.485095 0.096437 0.166929
2 0.607305 0.100611 0.089047 0.142201
2 0.585445 0.239959 0.083766 0.158016
2 0.405641 0.477785 0.085938 0.150679
2 0.457570 0.972459 0.087422 0.055082
2 0.605164 0.987948 0.083328 0.024103
2 0.249555 0.767418 0.099109 0.157826
1 0.231125 0.627663 0.099187 0.142283
1 0.256125 0.922079 0.102250 0.153505
1 0.573289 0.951848 0.080297 0.096304
1 0.510125 0.322079 0.085031 0.134918
1 0.672070 0.218601 0.086578 0.149321
1 0.691891 0.591359 0.074094 0.165326
1 0.621531 0.536046 0.079844 0.163342
1 0.540547 0.606957 0.089844 0.134565
2 0.430250 0.741291 0.090656 0.140951
