0 0.533039 0.229185 0.062859 0.123696
0 0.446281 0.188356 0.068125 0.098832
0 0.477844 0.256345 0.064500 0.122092
0 0.508422 0.341875 0.069625 0.124402
0 0.627148 0.565041 0.059609 0.116114
0 0.632313 0.678356 0.063281 0.127364
0 0.412359 0.676073 0.081187 0.093560
0 0.410070 0.483288 0.071766 0.121196
0 0.324039 0.242799 0.064141 0.130380
2 0.486648 0.650367 0.072016 0.133397
2 0.579844 0.725707 0.068750 0.119402
2 0.523078 0.737568 0.069875 0.132255
2 0.458625 0.748655 0.066281 0.121766
2 0.367906 0.596644 0.071438 0.134864
2 0.538555 0.423641 0.059391 0.128696
2 0.390836 0.385041 0.060141 0.114103
4 0.278297 0.326508 0.060656 0.127473
4 0.240844 0.501413 0.075000 0.128804
4 0.365250 0.859321 0.064281 0.131141
4 0.428172 0.587351 0.067438 0.104701
4 0.358422 0.467826 0.053594 0.125272
4 0.447094 0.388967 0.064906 0.122935
1 0.381078 0.212215 0.063594 0.104103
1 0.561172 0.322188 0.063156 0.132147
1 0.602641 0.422106 0.070969 0.128288
1 0.575398 0.513071 0.059578 0.115435
1 0.581008 0.616658 0.065516 0.107989
1 0.283891 0.803981 0.080469 0.134266
1 0.313742 0.673655 0.074172 0.132473
1 0.307664 0.552609 0.066047 0.120543
3 0.341555 0.361250 0.066953 0.119783
3 0.299203 0.440272 0.067219 0.125815
3 0.259672 0.614416 0.073875 0.127310
3 0.255281 0.724891 0.077656 0.128696
3 0.363406 0.750435 0.079219 0.121033
3 0.422992 0.852174 0.078172 0.133696
3 0.501625 0.845041 0.078750 0.110353
3 0.536703 0.577636 0.051875 0.127337
3 0.484687 0.543777 0.068219 0.102174
3 0.486453 0.462459 0.072344 0.100951
3 0.421016 0.298655 0.074031 0.083397
