3 0.325401 0.265625 0.055667 0.099176
4 0.519714 0.182750 0.061813 0.086574
3 0.379440 0.215847 0.049297 0.086861
4 0.430633 0.195407 0.048318 0.101815
0 0.156846 0.250083 0.046370 0.072185
0 0.221682 0.292565 0.053156 0.085907
0 0.251159 0.220727 0.055286 0.083787
0 0.329260 0.182560 0.065000 0.081602
1 0.217492 0.413356 0.043745 0.079935
1 0.173901 0.305829 0.041792 0.072639
0 0.220326 0.142690 0.049286 0.058361
0 0.266935 0.150519 0.042526 0.068722
1 0.201581 0.213356 0.043495 0.082472
3 0.302258 0.103593 0.051224 0.069185
3 0.359682 0.093481 0.057990 0.071759
1 0.273938 0.284903 0.044479 0.081657
4 0.248938 0.072185 0.056417 0.084426
3 0.433232 0.978935 0.065203 0.042130
3 0.493969 0.585745 0.071521 0.115120
3 0.822633 0.964398 0.084318 0.071204
1 0.227669 0.939120 0.076099 0.121759
4 0.289995 0.615949 0.062823 0.101380
0 0.211786 0.350222 0.044865 0.087500
3 0.314206 0.464713 0.053151 0.110259
1 0.450982 0.512176 0.048141 0.083907
1 0.394276 0.498255 0.061302 0.094769
1 0.433266 0.411708 0.067469 0.111324
2 0.419966 0.306741 0.057630 0.105315
2 0.265018 0.685264 0.053359 0.096250
2 0.199917 0.425449 0.055813 0.102324
2 0.278052 0.374319 0.048396 0.077231
2 0.330555 0.458676 0.059745 0.095704
3 0.288260 0.463713 0.050510 0.086037
3 0.321401 0.537704 0.057635 0.089648
3 0.362031 0.304616 0.056219 0.088824
