4 0.560531 0.348247 0.082906 0.119484
0 0.346992 0.329416 0.088828 0.132201
0 0.315836 0.465910 0.079703 0.142364
0 0.363383 0.580353 0.087047 0.144402
0 0.416563 0.813016 0.078781 0.139022
0 0.729836 0.588859 0.070953 0.150761
0 0.642797 0.814457 0.080656 0.160761
0 0.572922 0.752405 0.074219 0.145734
0 0.511688 0.990530 0.087625 0.018940
0 0.422930 0.994212 0.084266 0.011576
3 0.485531 0.156916 0.084844 0.123288
3 0.412297 0.241698 0.086094 0.131658
3 0.473586 0.427106 0.072984 0.142255
3 0.446586 0.552867 0.074578 0.140353
3 0.611094 0.265707 0.078906 0.133207
3 0.655469 0.351603 0.081250 0.137989
3 0.719836 0.440666 0.081609 0.132418
3 0.512805 0.678302 0.088141 0.136223
3 0.497438 0.815924 0.080500 0.148043
3 0.351461 0.866834 0.082734 0.148071
3 0.350406 0.966766 0.086563 0.066467
4 0.590852 0.619946 0.074141 0.142989
4 0.665523 0.674606 0.083328 0.154049
4 0.693789 0.930027 0.091797 0.139946
4 0.344578 0.720611 0.086594 0.150136
4 0.543328 0.430041 0.085125 0.140190
2 0.578695 0.082147 0.082172 0.121359
2 0.556789 0.211943 0.078047 0.141277
2 0.396148 0.439076 0.085109 0.142446
2 0.455672 0.935530 0.087438 0.128940
2 0.597898 0.969837 0.083328 0.060326
2 0.254031 0.719266 0.090938 0.150815
1 0.239539 0.578383 0.093141 0.129049
1 0.264844 0.880829 0.094062 0.168234
1 0.560758 0.896101 0.075328 0.154973
1 0.492492 0.286073 0.078953 0.129266
1 0.639133 0.186413 0.077703 0.128043
1 0.664469 0.522296 0.066688 0.146712
1 0.600242 0.485231 0.074359 0.136114
1 0.524687 0.547568 0.078906 0.122092
2 0.425086 0.683804 0.082516 0.135272
