0 0.549352 0.213791 0.062859 0.137962
0 0.460211 0.164715 0.068109 0.098832
0 0.491773 0.243356 0.064516 0.122092
0 0.525188 0.322568 0.069625 0.124375
0 0.647648 0.563261 0.059609 0.116141
0 0.656219 0.681114 0.063281 0.127337
0 0.425273 0.680802 0.081203 0.093560
0 0.422023 0.478478 0.071766 0.121196
0 0.335602 0.226848 0.064141 0.130380
2 0.509156 0.647867 0.070031 0.132255
2 0.606008 0.731386 0.068734 0.128696
2 0.548344 0.742500 0.069875 0.132283
2 0.477641 0.760530 0.071094 0.120462
2 0.380828 0.598234 0.071437 0.134837
2 0.563023 0.415353 0.059391 0.128696
2 0.405547 0.371440 0.056719 0.112935
4 0.287094 0.310557 0.064812 0.127473
4 0.246281 0.493750 0.075000 0.128804
4 0.374766 0.867772 0.064281 0.131141
4 0.440742 0.585285 0.067453 0.104701
4 0.369414 0.457976 0.053609 0.125299
4 0.463742 0.379321 0.064922 0.122935
1 0.400781 0.196861 0.063594 0.104103
1 0.596406 0.315693 0.063156 0.132147
1 0.633898 0.419606 0.070953 0.128288
1 0.610523 0.513859 0.059578 0.115435
1 0.604984 0.620421 0.067656 0.105788
1 0.312219 0.823139 0.080469 0.134266
1 0.330961 0.688030 0.074172 0.132473
1 0.333945 0.558696 0.066047 0.120543
3 0.347445 0.343913 0.066953 0.119783
3 0.306688 0.433478 0.067219 0.125815
3 0.267648 0.612935 0.073859 0.127337
3 0.261109 0.729620 0.077656 0.128696
3 0.372188 0.752106 0.079219 0.121005
3 0.435461 0.859864 0.078172 0.133696
3 0.517570 0.851005 0.084141 0.118750
3 0.555063 0.571726 0.051875 0.127310
3 0.502016 0.540245 0.072969 0.096304
3 0.498687 0.450639 0.072344 0.100951
3 0.430531 0.279742 0.074031 0.083397
