3 0.376297 0.200259 0.057562 0.089074
4 0.549990 0.123037 0.061812 0.086574
3 0.434956 0.175690 0.049297 0.086861
4 0.466427 0.130824 0.049312 0.101815
0 0.206958 0.203083 0.046375 0.090667
0 0.258667 0.239116 0.053156 0.085917
0 0.290557 0.169056 0.055281 0.083796
0 0.351523 0.202931 0.065005 0.083306
1 0.356440 0.413958 0.043745 0.079935
1 0.219404 0.256398 0.041797 0.086130
0 0.254951 0.102356 0.049286 0.058361
0 0.303648 0.110708 0.042526 0.068731
1 0.243219 0.156079 0.043490 0.082472
3 0.339237 0.063870 0.051224 0.069185
3 0.394354 0.048704 0.057990 0.071759
1 0.311167 0.244727 0.045448 0.095139
4 0.285216 0.039102 0.056411 0.075685
4 0.378312 0.320625 0.049240 0.085861
2 0.502615 0.277023 0.044510 0.102565
3 0.609557 0.582685 0.065198 0.097185
3 0.493693 0.516255 0.071521 0.115120
3 0.857924 0.915898 0.084318 0.121074
1 0.227669 0.939120 0.076099 0.121759
4 0.340956 0.520380 0.062828 0.101389
0 0.260422 0.310333 0.044865 0.087500
3 0.663417 0.339370 0.053146 0.110259
1 0.569060 0.487847 0.048141 0.083898
1 0.535385 0.552977 0.055250 0.094769
1 0.550807 0.292278 0.060760 0.109926
2 0.458339 0.256602 0.057625 0.086778
2 0.243604 0.464838 0.053354 0.096250
2 0.256760 0.303838 0.055812 0.088880
2 0.310656 0.300204 0.051219 0.085704
2 0.443753 0.488667 0.059745 0.095704
3 0.341221 0.418681 0.059016 0.099491
3 0.552148 0.374815 0.054870 0.089148
3 0.404833 0.246194 0.056219 0.088833
