0 0.541195 0.235095 0.062859 0.123723
0 0.454094 0.193668 0.068125 0.098859
0 0.488711 0.264035 0.064516 0.122092
0 0.516578 0.345421 0.069625 0.124375
0 0.636328 0.570951 0.059625 0.116141
0 0.640813 0.685448 0.063281 0.127364
0 0.422211 0.683750 0.081203 0.093587
0 0.419414 0.489511 0.071766 0.121196
0 0.334914 0.250476 0.064141 0.130408
2 0.495422 0.654008 0.072000 0.133397
2 0.584594 0.733166 0.068750 0.118071
2 0.532703 0.745448 0.069875 0.132255
2 0.465078 0.754579 0.066281 0.121766
2 0.371312 0.601386 0.071438 0.134837
2 0.545914 0.431522 0.059391 0.128696
2 0.400352 0.385639 0.060141 0.114103
4 0.287477 0.330054 0.060672 0.127446
4 0.254773 0.502609 0.075016 0.128804
4 0.372664 0.868179 0.064297 0.131141
4 0.435641 0.594158 0.067437 0.104728
4 0.366922 0.470190 0.053594 0.125272
4 0.456484 0.395666 0.064906 0.122908
1 0.387344 0.219062 0.063594 0.104103
1 0.571031 0.330231 0.063156 0.132147
1 0.609437 0.431712 0.070969 0.128315
1 0.585602 0.522935 0.059578 0.115435
1 0.585430 0.632323 0.065516 0.108016
1 0.295781 0.820530 0.080469 0.134266
1 0.319180 0.681345 0.074172 0.132473
1 0.317859 0.562636 0.066031 0.120543
3 0.348352 0.363220 0.066953 0.119755
3 0.307367 0.447663 0.067203 0.125815
3 0.270375 0.618261 0.073875 0.127337
3 0.267016 0.726073 0.077656 0.128723
3 0.371734 0.754280 0.079219 0.121005
3 0.430414 0.862758 0.078172 0.133723
3 0.507062 0.847989 0.078750 0.110380
3 0.544516 0.580394 0.051875 0.127310
3 0.492844 0.552038 0.068219 0.102174
3 0.493594 0.464823 0.072344 0.100951
3 0.427133 0.302201 0.074016 0.083370
