3 0.312099 0.275944 0.055667 0.099167
4 0.514073 0.185611 0.061812 0.086574
3 0.366542 0.217102 0.049302 0.086870
4 0.423378 0.198630 0.048318 0.101815
0 0.140521 0.246056 0.046375 0.072185
0 0.203547 0.291644 0.053156 0.085917
0 0.232503 0.219806 0.055286 0.083796
0 0.316362 0.191157 0.065005 0.081611
1 0.218008 0.392162 0.043745 0.079935
1 0.156219 0.310662 0.041792 0.072639
0 0.201669 0.140847 0.049286 0.058361
0 0.248794 0.150519 0.042526 0.068722
1 0.182406 0.210597 0.043490 0.082472
3 0.286133 0.103954 0.051224 0.069185
3 0.345372 0.093838 0.057995 0.071769
1 0.255281 0.293190 0.044479 0.081657
4 0.232875 0.072185 0.056417 0.084426
3 0.433685 0.976690 0.066109 0.046620
3 0.488526 0.597032 0.071521 0.115120
3 0.820771 0.958005 0.084271 0.074139
1 0.227669 0.939120 0.076099 0.121759
4 0.278206 0.612727 0.062828 0.101380
0 0.193193 0.361509 0.044865 0.087500
3 0.223878 0.482769 0.053151 0.110259
1 0.423164 0.518486 0.048141 0.083898
1 0.376659 0.492106 0.060099 0.091694
1 0.417547 0.414931 0.067469 0.111324
2 0.409990 0.309963 0.057625 0.105315
2 0.195490 0.604648 0.053354 0.096259
2 0.174073 0.430292 0.055813 0.102324
2 0.268724 0.379847 0.048396 0.077231
2 0.321180 0.459213 0.059745 0.095704
3 0.264380 0.468551 0.050510 0.086028
3 0.312331 0.550602 0.057630 0.089648
3 0.346310 0.311421 0.056224 0.088824
