4 0.556047 0.343967 0.080469 0.112337
0 0.345133 0.332935 0.086328 0.126576
0 0.316055 0.463967 0.079703 0.142391
0 0.363805 0.577133 0.085391 0.140897
0 0.418891 0.799742 0.078781 0.138995
0 0.723313 0.577514 0.070937 0.150734
0 0.639094 0.806630 0.076531 0.150761
0 0.571688 0.744565 0.074219 0.140000
0 0.511484 0.988655 0.087625 0.022690
0 0.420891 0.993845 0.084281 0.012310
3 0.479258 0.162147 0.081078 0.118478
3 0.407375 0.246277 0.081281 0.122500
3 0.473586 0.423927 0.072984 0.142255
3 0.446625 0.551440 0.072219 0.140380
3 0.605391 0.267133 0.078906 0.133234
3 0.648953 0.348764 0.081250 0.137962
3 0.712523 0.433573 0.075141 0.132418
3 0.511305 0.668139 0.084859 0.136223
3 0.498656 0.805625 0.080500 0.148043
3 0.353641 0.857446 0.082719 0.145598
3 0.351219 0.962527 0.086562 0.074946
4 0.589211 0.610014 0.074141 0.143016
4 0.661055 0.665353 0.077641 0.141250
4 0.691719 0.923655 0.087656 0.152690
4 0.344094 0.718057 0.086594 0.150136
4 0.538875 0.427908 0.079469 0.140163
2 0.572125 0.087133 0.080469 0.117038
2 0.555594 0.215476 0.072281 0.134212
2 0.394914 0.439076 0.082641 0.142446
2 0.457422 0.929755 0.087438 0.140489
2 0.597898 0.963410 0.083328 0.073179
2 0.257320 0.717853 0.085984 0.150815
1 0.242805 0.580557 0.086609 0.124701
1 0.267281 0.877323 0.089187 0.161223
1 0.559539 0.879783 0.075328 0.154946
1 0.487805 0.286807 0.076891 0.123668
1 0.632609 0.189253 0.077688 0.128016
1 0.660234 0.520000 0.063469 0.145707
1 0.595352 0.477418 0.074359 0.136087
1 0.523055 0.540027 0.078891 0.116467
2 0.425211 0.675299 0.081734 0.135272
