3 0.348625 0.199417 0.050917 0.089074
4 0.445508 0.113611 0.061807 0.086574
3 0.439049 0.191630 0.049297 0.086870
4 0.368781 0.126838 0.057802 0.101824
0 0.114068 0.202509 0.046375 0.090667
0 0.173328 0.229185 0.053156 0.090926
0 0.219977 0.106852 0.058620 0.071981
0 0.398852 0.409282 0.052693 0.074880
1 0.176690 0.498593 0.054995 0.096426
1 0.136510 0.267745 0.041792 0.086120
0 0.165753 0.101662 0.049286 0.058361
0 0.199419 0.157421 0.042526 0.068731
1 0.153128 0.162171 0.043495 0.082472
3 0.247690 0.049806 0.050286 0.065833
3 0.298807 0.056778 0.057990 0.071759
1 0.258719 0.383000 0.052094 0.093463
4 0.194068 0.048000 0.056417 0.077574
4 0.433143 0.478449 0.049245 0.085861
2 0.422940 0.267569 0.044495 0.084787
1 0.309451 0.161370 0.038849 0.087574
3 0.404146 0.344579 0.053979 0.085861
3 0.475378 0.902028 0.059661 0.104352
4 0.265255 0.512037 0.064958 0.092963
1 0.368729 0.473231 0.048271 0.094278
1 0.239688 0.798556 0.077625 0.114407
3 0.397096 0.882213 0.065453 0.097389
3 0.509677 0.575995 0.065198 0.107269
3 0.403029 0.530912 0.049755 0.093250
3 0.738815 0.859495 0.091130 0.103231
1 0.227669 0.939120 0.076099 0.121759
4 0.340956 0.520380 0.062828 0.101389
0 0.269622 0.280611 0.052828 0.092185
3 0.546044 0.310727 0.058828 0.110269
1 0.474586 0.508838 0.048141 0.083898
1 0.454607 0.555894 0.055245 0.094769
1 0.473424 0.278690 0.049474 0.094491
2 0.554755 0.256583 0.050979 0.086778
2 0.178094 0.328255 0.049990 0.079361
2 0.246398 0.184579 0.050172 0.078806
2 0.284219 0.132403 0.045458 0.075731
2 0.443753 0.488667 0.059745 0.095704
3 0.316602 0.417218 0.059016 0.099491
3 0.453224 0.394282 0.063313 0.103065
3 0.355177 0.284407 0.056219 0.088833
