0 0.521625 0.227935 0.063625 0.109511
0 0.436141 0.191929 0.068125 0.094076
0 0.464875 0.263899 0.061719 0.124538
0 0.496250 0.332799 0.065313 0.103804
0 0.614336 0.543111 0.059609 0.116114
0 0.626109 0.652242 0.063281 0.127364
0 0.402719 0.651997 0.080625 0.101712
0 0.399062 0.467989 0.071750 0.121196
0 0.316633 0.244633 0.061359 0.120951
2 0.481906 0.623193 0.070781 0.132255
2 0.572063 0.699878 0.068750 0.128668
2 0.514406 0.704796 0.069875 0.132255
2 0.449805 0.722976 0.071078 0.120462
2 0.357172 0.577446 0.071438 0.134837
2 0.527062 0.421630 0.058719 0.128696
2 0.383914 0.371698 0.056703 0.112962
4 0.268016 0.326726 0.064813 0.127473
4 0.230047 0.484429 0.075000 0.131141
4 0.355039 0.833261 0.062234 0.145870
4 0.420523 0.563274 0.069422 0.095136
4 0.348680 0.453804 0.053609 0.125272
4 0.439352 0.373016 0.073047 0.108696
1 0.380750 0.226141 0.063594 0.104076
1 0.551531 0.318641 0.063156 0.132935
1 0.596578 0.408995 0.070969 0.128315
1 0.573570 0.483967 0.059578 0.115435
1 0.569625 0.589837 0.068969 0.118859
1 0.284219 0.795720 0.080469 0.134266
1 0.303680 0.652120 0.074172 0.132500
1 0.296828 0.530978 0.066031 0.120543
3 0.327742 0.352269 0.066953 0.119755
3 0.288797 0.433750 0.067219 0.125815
3 0.249203 0.589823 0.073875 0.127310
3 0.242531 0.698995 0.077656 0.128696
3 0.355266 0.722323 0.079219 0.121005
3 0.415172 0.825815 0.076094 0.136522
3 0.492070 0.806793 0.082734 0.118750
3 0.526047 0.548804 0.051875 0.127337
3 0.475406 0.522378 0.072969 0.096277
3 0.474062 0.441399 0.072344 0.100951
3 0.410320 0.292446 0.074016 0.083370
