0 0.528984 0.150095 0.066000 0.109538
0 0.433930 0.114633 0.068109 0.095462
0 0.466766 0.186427 0.057937 0.124538
0 0.502742 0.265883 0.070859 0.127799
0 0.637391 0.489878 0.058656 0.119266
0 0.647719 0.612296 0.063281 0.129103
0 0.405141 0.621359 0.078531 0.095815
0 0.400328 0.416984 0.067750 0.121196
0 0.307875 0.178614 0.061375 0.121902
2 0.486688 0.588179 0.076750 0.122609
2 0.591172 0.662378 0.068750 0.110734
2 0.527023 0.676861 0.057359 0.118125
2 0.455414 0.703451 0.072109 0.120870
2 0.353406 0.541726 0.062562 0.127473
2 0.538086 0.354443 0.055922 0.112799
2 0.379781 0.309090 0.052562 0.103016
4 0.255289 0.268546 0.064984 0.127473
4 0.217328 0.441780 0.073313 0.121875
4 0.352945 0.817554 0.056672 0.129620
4 0.420391 0.522880 0.069437 0.100217
4 0.339578 0.396467 0.053594 0.124293
4 0.438828 0.316046 0.068188 0.109864
1 0.370797 0.165530 0.063594 0.104103
1 0.568187 0.257283 0.055656 0.105978
1 0.610555 0.348981 0.062234 0.099429
1 0.585641 0.430394 0.054438 0.093179
1 0.589453 0.558696 0.067125 0.101576
1 0.273633 0.770611 0.057984 0.093668
1 0.301133 0.633451 0.073422 0.107446
1 0.299500 0.487432 0.056406 0.113125
3 0.320562 0.296291 0.066969 0.118179
3 0.278414 0.381264 0.065141 0.126114
3 0.238391 0.553859 0.072031 0.120543
3 0.232656 0.677242 0.077656 0.122201
3 0.349844 0.694416 0.079219 0.116495
3 0.421086 0.806332 0.074016 0.130978
3 0.503828 0.788750 0.076719 0.104891
3 0.536609 0.513573 0.051875 0.130082
3 0.479906 0.486658 0.072969 0.088098
3 0.479047 0.396522 0.072344 0.089402
3 0.406281 0.224457 0.074094 0.083370
