0 0.512344 0.149918 0.063625 0.109511
0 0.415133 0.110231 0.068109 0.095462
0 0.449109 0.185177 0.061719 0.124538
0 0.491508 0.268043 0.070859 0.127826
0 0.630211 0.494293 0.059609 0.116141
0 0.642844 0.617677 0.063281 0.127364
0 0.388234 0.629307 0.078594 0.095788
0 0.381719 0.422120 0.067750 0.121196
0 0.287312 0.177201 0.061375 0.120924
2 0.478047 0.595068 0.070781 0.132255
2 0.585500 0.680951 0.068750 0.128696
2 0.520836 0.691046 0.059641 0.118125
2 0.445023 0.716196 0.071078 0.120489
2 0.336281 0.548179 0.062563 0.134837
2 0.530625 0.357486 0.058719 0.112038
2 0.360938 0.314728 0.052656 0.103533
4 0.235109 0.266236 0.064813 0.127473
4 0.190203 0.451753 0.075000 0.131114
4 0.336000 0.843071 0.058906 0.133967
4 0.405031 0.527323 0.069437 0.095136
4 0.321383 0.404022 0.053609 0.125272
4 0.423719 0.315897 0.068281 0.108696
1 0.353766 0.161182 0.063594 0.104103
1 0.558453 0.257799 0.055656 0.105978
1 0.603766 0.353478 0.064187 0.098641
1 0.585625 0.446658 0.054188 0.100000
1 0.573664 0.562228 0.068953 0.115815
1 0.253172 0.812255 0.080469 0.134239
1 0.280430 0.642853 0.074172 0.121739
1 0.275695 0.502364 0.059172 0.120543
3 0.301445 0.289959 0.066953 0.119755
3 0.253992 0.383451 0.065141 0.125815
3 0.210555 0.570965 0.073859 0.127310
3 0.204469 0.694158 0.077656 0.128696
3 0.329586 0.709932 0.079234 0.121005
3 0.406047 0.833302 0.074094 0.136549
3 0.493648 0.809239 0.082734 0.118750
3 0.529562 0.506726 0.051875 0.127310
3 0.468594 0.479130 0.072969 0.088098
3 0.464031 0.390353 0.072344 0.086793
3 0.387711 0.225367 0.074016 0.083397
