0 0.522281 0.227935 0.063625 0.109511
0 0.435977 0.191658 0.068109 0.094076
0 0.467156 0.261019 0.061719 0.124538
0 0.499188 0.333410 0.063969 0.104973
0 0.617234 0.549946 0.059625 0.116141
0 0.628797 0.657649 0.063281 0.127364
0 0.404172 0.658478 0.080625 0.101739
0 0.400305 0.469049 0.071766 0.121196
0 0.317281 0.245000 0.061375 0.120924
2 0.483234 0.629823 0.070781 0.132255
2 0.573313 0.703111 0.068750 0.128668
2 0.516062 0.708397 0.069875 0.132283
2 0.450633 0.730910 0.071078 0.120462
2 0.357625 0.580598 0.071438 0.134837
2 0.528719 0.423424 0.058719 0.128696
2 0.384563 0.371984 0.056719 0.112935
4 0.270031 0.328329 0.064812 0.127473
4 0.232969 0.489851 0.075000 0.131114
4 0.355656 0.841196 0.062250 0.145870
4 0.421141 0.569389 0.069437 0.095136
4 0.350391 0.458098 0.053594 0.125272
4 0.440805 0.374810 0.073047 0.108696
1 0.380000 0.225149 0.063594 0.104103
1 0.552562 0.321332 0.063156 0.132609
1 0.598234 0.409715 0.070969 0.128288
1 0.574602 0.485408 0.059578 0.115435
1 0.571484 0.594878 0.068969 0.118886
1 0.284969 0.801821 0.080469 0.134239
1 0.303898 0.656848 0.074172 0.132500
1 0.299336 0.531848 0.066047 0.120543
3 0.329078 0.353247 0.066969 0.119755
3 0.289625 0.436250 0.067219 0.125815
3 0.250234 0.595938 0.073875 0.127310
3 0.242531 0.708098 0.077656 0.128696
3 0.355891 0.729878 0.079219 0.121005
3 0.416305 0.834090 0.076078 0.136549
3 0.492070 0.814511 0.082734 0.118750
3 0.527500 0.552405 0.051875 0.127310
3 0.477266 0.527052 0.072969 0.096277
3 0.474969 0.441793 0.072344 0.100978
3 0.410531 0.292079 0.074031 0.083397
