3 0.329505 0.336481 0.044781 0.079778
4 0.529693 0.257426 0.061812 0.086574
3 0.377221 0.307144 0.049297 0.086861
4 0.448930 0.272708 0.048318 0.101824
0 0.173068 0.321278 0.046375 0.072185
0 0.229203 0.344894 0.053156 0.085917
0 0.265367 0.281134 0.069786 0.083787
0 0.328167 0.257773 0.058958 0.066602
1 0.261643 0.438903 0.042526 0.073454
1 0.179417 0.379597 0.041792 0.072639
0 0.223667 0.217310 0.058958 0.058361
0 0.283826 0.234676 0.042526 0.068722
1 0.208281 0.287866 0.043490 0.082472
3 0.312638 0.185676 0.051224 0.069185
3 0.368182 0.166639 0.057990 0.071759
1 0.272437 0.354227 0.034792 0.068731
4 0.259102 0.158995 0.047359 0.068324
3 0.435044 0.969949 0.068828 0.060102
3 0.508958 0.655477 0.071521 0.115120
3 0.815180 0.938824 0.084120 0.082944
1 0.259128 0.956736 0.076099 0.086528
4 0.304268 0.664644 0.062828 0.101380
0 0.214203 0.435222 0.044865 0.087500
3 0.235049 0.558514 0.053151 0.103787
1 0.356029 0.531745 0.048141 0.083898
1 0.397284 0.566250 0.052859 0.073241
1 0.443716 0.481500 0.051755 0.100574
2 0.428997 0.381218 0.056401 0.088083
2 0.214589 0.635431 0.053354 0.096250
2 0.187883 0.484875 0.047755 0.077269
2 0.302773 0.455819 0.042339 0.089083
2 0.328745 0.485991 0.048885 0.080704
3 0.284062 0.511963 0.050510 0.094593
3 0.334669 0.597009 0.047932 0.091741
3 0.362016 0.397699 0.056219 0.088824
