0 0.639070 0.174783 0.062859 0.137989
0 0.549594 0.128030 0.068125 0.099973
0 0.582172 0.203166 0.064500 0.122092
0 0.613453 0.291671 0.068219 0.120788
0 0.734867 0.537255 0.059609 0.116141
0 0.741062 0.655910 0.063281 0.127364
0 0.512945 0.640014 0.081203 0.093560
0 0.509805 0.439266 0.071766 0.121196
0 0.425320 0.185462 0.064141 0.130380
2 0.590148 0.611617 0.070016 0.132255
2 0.690625 0.695340 0.068750 0.128668
2 0.628539 0.707622 0.069859 0.132255
2 0.560391 0.714429 0.071094 0.120489
2 0.467141 0.546712 0.071437 0.134837
2 0.646727 0.385815 0.059391 0.128696
2 0.493219 0.332636 0.056719 0.112935
4 0.374937 0.271264 0.064812 0.127473
4 0.336000 0.443505 0.075000 0.128804
4 0.462281 0.836549 0.064281 0.131141
4 0.529102 0.542731 0.067453 0.104701
4 0.455281 0.413451 0.053594 0.125272
4 0.550297 0.337160 0.064906 0.122908
1 0.485063 0.139524 0.063594 0.104103
1 0.676047 0.268410 0.063156 0.132147
1 0.715289 0.365815 0.070953 0.128315
1 0.689367 0.474864 0.059578 0.115435
1 0.690734 0.588505 0.067656 0.105815
1 0.385156 0.764986 0.080469 0.134266
1 0.416031 0.633261 0.074187 0.132500
1 0.416070 0.508261 0.066047 0.120543
3 0.437047 0.305883 0.066969 0.119755
3 0.394023 0.390924 0.067203 0.125815
3 0.354984 0.564769 0.073875 0.127310
3 0.350266 0.681141 0.077656 0.128696
3 0.462469 0.716440 0.079219 0.121033
3 0.522930 0.822337 0.076078 0.133696
3 0.604227 0.815543 0.084141 0.118750
3 0.642734 0.541590 0.051875 0.127310
3 0.588000 0.505965 0.072969 0.096277
3 0.587719 0.411617 0.072344 0.100951
3 0.520937 0.244280 0.074031 0.083397
