0 0.528875 0.166264 0.064344 0.109538
0 0.437125 0.130421 0.068125 0.095462
0 0.467930 0.201861 0.060578 0.124538
0 0.504000 0.282255 0.070844 0.127826
0 0.639180 0.502283 0.059328 0.117065
0 0.649234 0.625326 0.063281 0.127826
0 0.406703 0.632717 0.078594 0.095815
0 0.401156 0.431168 0.067750 0.121196
0 0.309180 0.194022 0.061359 0.120924
2 0.490234 0.601155 0.072750 0.129592
2 0.593422 0.679158 0.068750 0.123315
2 0.528109 0.690883 0.058938 0.118125
2 0.458242 0.716495 0.071516 0.120435
2 0.355695 0.555231 0.062547 0.132636
2 0.538953 0.367962 0.057875 0.112065
2 0.381328 0.325462 0.052656 0.103533
4 0.258313 0.279334 0.064812 0.127473
4 0.218336 0.457799 0.074453 0.128478
4 0.355258 0.835367 0.058203 0.132745
4 0.420125 0.536576 0.069438 0.096630
4 0.340672 0.413967 0.053594 0.125272
4 0.441016 0.330761 0.068281 0.108696
1 0.373078 0.172405 0.063594 0.104103
1 0.567711 0.263641 0.055672 0.105978
1 0.611258 0.364389 0.063484 0.098668
1 0.587266 0.442188 0.054188 0.098071
1 0.590687 0.562745 0.068469 0.098641
1 0.276219 0.794810 0.073594 0.121848
1 0.301406 0.635095 0.073969 0.104158
1 0.299484 0.505924 0.058344 0.118152
3 0.321961 0.309035 0.066953 0.119049
3 0.279398 0.396168 0.065141 0.125815
3 0.239359 0.570747 0.073313 0.125408
3 0.231937 0.690679 0.077656 0.126739
3 0.351859 0.709293 0.079219 0.119565
3 0.423031 0.824090 0.074094 0.134864
3 0.506656 0.805774 0.080938 0.114592
3 0.537906 0.519769 0.051875 0.128071
3 0.481406 0.491209 0.072969 0.088125
3 0.481469 0.402351 0.072344 0.087527
3 0.407594 0.239932 0.074031 0.083397
