0 0.547312 0.246916 0.062875 0.123723
0 0.458852 0.207853 0.068109 0.098859
0 0.490070 0.278220 0.064516 0.122092
0 0.524734 0.358424 0.069625 0.124402
0 0.640383 0.583370 0.058234 0.116141
0 0.647930 0.697269 0.065297 0.127364
0 0.430367 0.696753 0.081203 0.093560
0 0.424516 0.502500 0.071750 0.121196
0 0.341711 0.267024 0.064141 0.130408
2 0.501539 0.657948 0.072016 0.133397
2 0.594117 0.744986 0.068734 0.118071
2 0.535422 0.747812 0.069875 0.132255
2 0.473602 0.770530 0.064203 0.120571
2 0.383547 0.601386 0.071437 0.134837
2 0.557242 0.446087 0.059391 0.128696
2 0.410883 0.396861 0.060141 0.114103
4 0.295633 0.347785 0.060672 0.127473
4 0.256125 0.516793 0.075000 0.128804
4 0.382250 0.881168 0.064281 0.131141
4 0.444141 0.600666 0.067437 0.104701
4 0.372359 0.483179 0.053594 0.125272
4 0.460484 0.396712 0.064906 0.122935
1 0.398406 0.226997 0.063594 0.104103
1 0.580734 0.341590 0.063156 0.132147
1 0.615781 0.432011 0.070969 0.128315
1 0.589680 0.534755 0.059578 0.115435
1 0.593586 0.634687 0.065516 0.108016
1 0.305297 0.828818 0.080469 0.134266
1 0.328016 0.694334 0.074187 0.132473
1 0.331906 0.572880 0.066031 0.120543
3 0.354328 0.375530 0.066969 0.119755
3 0.312523 0.454266 0.067203 0.125815
3 0.274445 0.631264 0.073859 0.127310
3 0.270719 0.744973 0.075687 0.128696
3 0.380563 0.765503 0.079219 0.121005
3 0.439984 0.869307 0.078156 0.133723
3 0.516570 0.858641 0.078766 0.110380
3 0.550641 0.594185 0.051875 0.127337
3 0.499297 0.560326 0.068219 0.102174
3 0.499359 0.477826 0.072344 0.100978
3 0.432562 0.312840 0.074031 0.083397
