3 0.350724 0.162380 0.053208 0.084074
4 0.530958 0.145843 0.063781 0.104444
3 0.415458 0.148449 0.058948 0.097583
4 0.448807 0.131903 0.043490 0.082472
0 0.179000 0.144213 0.049927 0.077333
0 0.236661 0.178866 0.053156 0.085917
0 0.267109 0.122653 0.040594 0.083787
0 0.348292 0.109759 0.058958 0.075204
1 0.283539 0.189458 0.042526 0.067009
1 0.186888 0.176574 0.040589 0.096222
0 0.241979 0.064042 0.058958 0.054972
0 0.292237 0.070046 0.042526 0.068722
1 0.224099 0.104412 0.043490 0.082472
3 0.329445 0.055639 0.051224 0.056296
3 0.385021 0.059940 0.057990 0.071769
1 0.305766 0.137917 0.034792 0.068722
3 0.428643 0.883903 0.084078 0.133176
3 0.498870 0.496801 0.071521 0.115120
3 0.784125 0.832250 0.083302 0.131852
1 0.243474 0.740338 0.083115 0.132306
4 0.297255 0.483264 0.067656 0.109972
0 0.220745 0.249352 0.044865 0.087500
3 0.230654 0.363083 0.053151 0.103796
1 0.354398 0.338556 0.067266 0.092778
1 0.391341 0.389296 0.066109 0.098963
1 0.441823 0.335213 0.063792 0.111333
2 0.429073 0.227241 0.062437 0.085926
2 0.207044 0.439731 0.059141 0.104833
2 0.194490 0.281370 0.056187 0.105204
2 0.252846 0.264676 0.056828 0.082185
2 0.302367 0.257384 0.048891 0.099583
3 0.276292 0.333273 0.063792 0.101028
3 0.337245 0.423699 0.060031 0.104620
3 0.373563 0.236792 0.067094 0.088824
