0 0.507211 0.226114 0.062859 0.123696
0 0.421078 0.182527 0.068125 0.098859
0 0.451430 0.254416 0.064516 0.122092
0 0.483687 0.333370 0.069625 0.124402
0 0.600969 0.562935 0.058219 0.116141
0 0.608641 0.671264 0.063281 0.127364
0 0.385219 0.673791 0.081187 0.093560
0 0.383961 0.479647 0.071766 0.121196
0 0.299867 0.243723 0.064141 0.130380
2 0.471984 0.649633 0.072000 0.133397
2 0.558773 0.724905 0.068734 0.118071
2 0.496688 0.733628 0.069875 0.132255
2 0.436219 0.749253 0.064188 0.120571
2 0.341531 0.601264 0.071438 0.134864
2 0.517727 0.430217 0.059391 0.128696
2 0.368180 0.381291 0.060141 0.114103
4 0.253063 0.326943 0.060656 0.127473
4 0.216031 0.498370 0.075000 0.128804
4 0.340109 0.862255 0.064281 0.131141
4 0.403914 0.587133 0.067453 0.104701
4 0.330703 0.465788 0.053594 0.125272
4 0.422609 0.385462 0.064906 0.122935
1 0.361109 0.221345 0.063594 0.104103
1 0.549500 0.334307 0.063156 0.132147
1 0.592445 0.429049 0.070953 0.128315
1 0.573820 0.514647 0.059578 0.115435
1 0.560281 0.620503 0.065531 0.108016
1 0.264891 0.823696 0.080469 0.134239
1 0.294422 0.687242 0.074187 0.132473
1 0.286602 0.558750 0.066047 0.120543
3 0.310156 0.355421 0.066969 0.119755
3 0.271617 0.441739 0.067203 0.125815
3 0.232313 0.611155 0.073875 0.127310
3 0.227898 0.720163 0.075672 0.128696
3 0.337750 0.745408 0.079219 0.121033
3 0.398531 0.842120 0.078156 0.133696
3 0.477148 0.836182 0.078766 0.110353
3 0.511906 0.571250 0.051875 0.127337
3 0.459297 0.545462 0.068219 0.102174
3 0.461297 0.457731 0.072344 0.100951
3 0.393555 0.294171 0.074016 0.083397
