3 0.324341 0.718407 0.086016 0.137463
3 0.425703 0.306032 0.071521 0.115120
3 0.761888 0.774852 0.083120 0.142611
1 0.124977 0.541204 0.083120 0.132296
4 0.198026 0.267343 0.067656 0.109963
0 0.121451 0.033519 0.060307 0.067037
3 0.129740 0.137162 0.057990 0.117528
1 0.265521 0.123815 0.067271 0.092778
1 0.311536 0.185773 0.066104 0.098972
1 0.368276 0.124606 0.063792 0.111343
2 0.358089 0.026917 0.061469 0.051593
2 0.093214 0.220458 0.076542 0.113398
2 0.078648 0.055583 0.053349 0.105204
2 0.166237 0.043287 0.056828 0.063130
2 0.220859 0.046986 0.061469 0.083880
3 0.182622 0.116782 0.063786 0.101028
3 0.244859 0.205870 0.066385 0.115500
3 0.298711 0.033838 0.060307 0.065435
