0 0.502688 0.222269 0.063219 0.111875
0 0.412680 0.183139 0.062047 0.094321
0 0.444516 0.252554 0.058906 0.112826
0 0.477531 0.337174 0.063594 0.113859
0 0.599930 0.562826 0.054172 0.106957
0 0.608133 0.678696 0.060141 0.120163
0 0.382094 0.681997 0.071125 0.086712
0 0.379016 0.489416 0.064062 0.113886
0 0.292500 0.248478 0.054375 0.117446
2 0.459766 0.645299 0.059531 0.107174
2 0.554336 0.721304 0.063359 0.092500
2 0.491875 0.738750 0.052406 0.105978
2 0.426266 0.753043 0.057125 0.094185
2 0.335000 0.603370 0.052813 0.122120
2 0.510219 0.425870 0.053750 0.103261
2 0.358930 0.384212 0.049828 0.098696
4 0.245391 0.332174 0.058906 0.116630
4 0.208844 0.507677 0.068281 0.119973
4 0.334312 0.868533 0.049844 0.116576
4 0.396312 0.590910 0.064656 0.090734
4 0.323039 0.469117 0.049266 0.117745
4 0.416875 0.386957 0.062812 0.106250
1 0.349070 0.222147 0.058078 0.101359
1 0.536594 0.320462 0.052500 0.105978
1 0.578820 0.421997 0.060328 0.089484
1 0.550812 0.511535 0.045062 0.092147
1 0.552266 0.620489 0.053937 0.093261
1 0.261117 0.818940 0.049391 0.080326
1 0.286297 0.689171 0.061469 0.099918
1 0.277711 0.561427 0.055984 0.110679
3 0.305469 0.362894 0.060937 0.113125
3 0.265859 0.449185 0.062500 0.117391
3 0.228664 0.619633 0.066922 0.115625
3 0.223430 0.732622 0.069891 0.106277
3 0.331594 0.755272 0.070563 0.104348
3 0.396109 0.859226 0.063062 0.118071
3 0.473180 0.847038 0.071516 0.093207
3 0.508125 0.572364 0.047281 0.117880
3 0.454016 0.545299 0.065531 0.086033
3 0.453695 0.458207 0.066328 0.083152
3 0.385578 0.296916 0.067813 0.081549
