3 0.336125 0.147398 0.050917 0.089074
4 0.442099 0.091389 0.061812 0.086574
3 0.419049 0.179505 0.049297 0.086861
4 0.368021 0.117074 0.057802 0.101815
0 0.114068 0.147287 0.046375 0.090667
0 0.198385 0.257986 0.053156 0.090917
0 0.217706 0.071500 0.058620 0.071981
0 0.385898 0.368477 0.052693 0.074880
1 0.172898 0.453481 0.055745 0.100481
1 0.131906 0.212426 0.041792 0.086130
0 0.157799 0.069343 0.049286 0.058352
0 0.188055 0.142097 0.042526 0.068731
1 0.151612 0.112338 0.043495 0.082472
3 0.242385 0.032972 0.050292 0.065833
3 0.298427 0.031181 0.057990 0.062361
1 0.253227 0.354546 0.052099 0.093463
4 0.193107 0.034847 0.056411 0.069694
4 0.417992 0.453199 0.049245 0.085861
2 0.385440 0.188782 0.044495 0.084787
1 0.299221 0.144704 0.038849 0.087574
3 0.393719 0.294667 0.053979 0.085852
3 0.475378 0.902028 0.059661 0.104352
4 0.255409 0.473648 0.065714 0.095667
1 0.356229 0.461111 0.048271 0.094278
1 0.226961 0.729060 0.077630 0.114398
3 0.379029 0.826056 0.065453 0.097389
3 0.492633 0.537611 0.065203 0.107259
3 0.389393 0.508690 0.049755 0.093250
3 0.703357 0.827171 0.091130 0.103231
1 0.227669 0.939120 0.076099 0.121759
4 0.340956 0.520380 0.062828 0.101389
0 0.259167 0.246403 0.052833 0.092176
3 0.533544 0.316792 0.058828 0.110269
1 0.455268 0.484593 0.048141 0.083907
1 0.428471 0.545792 0.055245 0.094769
1 0.438203 0.254449 0.044937 0.094491
2 0.754344 0.186060 0.050979 0.086787
2 0.166818 0.278162 0.049990 0.079361
2 0.240820 0.149866 0.050172 0.078806
2 0.273138 0.117255 0.045453 0.075731
2 0.443753 0.488667 0.059745 0.095704
3 0.303721 0.394329 0.059016 0.099491
3 0.451276 0.363106 0.063313 0.103065
3 0.338547 0.248046 0.056219 0.088833
