0 0.528656 0.173560 0.063625 0.109511
0 0.438469 0.137432 0.068125 0.095462
0 0.468359 0.208437 0.061719 0.124538
0 0.504422 0.289321 0.070844 0.127826
0 0.639727 0.507690 0.059609 0.116141
0 0.649641 0.631073 0.063281 0.127364
0 0.407250 0.637582 0.078594 0.095815
0 0.401438 0.437500 0.067750 0.121196
0 0.309742 0.200842 0.061359 0.120924
2 0.491641 0.606889 0.070781 0.132255
2 0.594109 0.686481 0.068750 0.128668
2 0.528312 0.696970 0.059625 0.118125
2 0.459289 0.722106 0.071078 0.120462
2 0.356672 0.561182 0.062562 0.134864
2 0.539234 0.374035 0.058719 0.112038
2 0.382000 0.332473 0.052656 0.103533
4 0.259578 0.283954 0.064813 0.127473
4 0.218750 0.464742 0.075000 0.131114
4 0.356164 0.843071 0.058922 0.133967
4 0.419984 0.542677 0.069437 0.095136
4 0.341094 0.421753 0.053594 0.125299
4 0.441844 0.337174 0.068281 0.108696
1 0.373937 0.174986 0.063594 0.104103
1 0.567297 0.266087 0.055656 0.105978
1 0.611469 0.371196 0.064187 0.098641
1 0.587664 0.447826 0.054203 0.100000
1 0.591141 0.564266 0.068969 0.097554
1 0.277422 0.805163 0.080469 0.134239
1 0.301508 0.635707 0.074172 0.102935
1 0.299477 0.514185 0.059172 0.120543
3 0.322516 0.314769 0.066969 0.119755
3 0.279820 0.402745 0.065141 0.125815
3 0.239781 0.578057 0.073875 0.127310
3 0.231656 0.696522 0.077656 0.128696
3 0.352687 0.715856 0.079219 0.121005
3 0.423719 0.831726 0.074094 0.136549
3 0.507695 0.813179 0.082734 0.118750
3 0.538391 0.522079 0.051875 0.127310
3 0.481969 0.492908 0.072969 0.088098
3 0.482375 0.404538 0.072344 0.086793
3 0.408102 0.246644 0.074016 0.083397
