0 0.337469 0.223913 0.080875 0.128804
0 0.317289 0.340639 0.071516 0.131766
0 0.363594 0.434592 0.077844 0.140924
0 0.422203 0.617364 0.072719 0.126033
0 0.690906 0.397011 0.065406 0.136793
0 0.623023 0.597812 0.071859 0.140190
0 0.561773 0.548641 0.066672 0.124565
0 0.515266 0.849823 0.080219 0.155571
0 0.433219 0.880408 0.080375 0.147500
3 0.453781 0.071916 0.077094 0.108886
3 0.393609 0.149932 0.077125 0.120353
3 0.451234 0.290177 0.062781 0.129158
3 0.437297 0.400910 0.068812 0.122527
3 0.568195 0.136101 0.074859 0.133234
3 0.612352 0.204891 0.075797 0.128533
3 0.675422 0.274117 0.071063 0.121821
3 0.501203 0.493505 0.076438 0.118370
3 0.491086 0.615707 0.070234 0.126793
3 0.358414 0.679389 0.071953 0.124212
3 0.364758 0.799361 0.080578 0.129538
4 0.567992 0.440136 0.069922 0.122065
4 0.637602 0.473356 0.072922 0.128016
4 0.675609 0.703967 0.078906 0.139348
4 0.351242 0.558750 0.077016 0.125272
4 0.511555 0.281304 0.075391 0.127228
4 0.528227 0.226114 0.076047 0.107554
2 0.534523 0.023750 0.077016 0.047500
2 0.524930 0.107432 0.072266 0.134212
2 0.386453 0.310856 0.076375 0.133071
2 0.461398 0.742242 0.077953 0.134375
2 0.593617 0.792473 0.077828 0.145652
2 0.269328 0.567391 0.078469 0.135652
1 0.248164 0.451997 0.079172 0.118940
1 0.283656 0.701753 0.080437 0.148342
1 0.551141 0.677092 0.068594 0.134946
1 0.467383 0.174212 0.072859 0.118043
1 0.592688 0.066712 0.072219 0.110163
1 0.629875 0.344687 0.060969 0.134321
1 0.572187 0.322921 0.064813 0.128940
1 0.507234 0.382052 0.076844 0.103614
2 0.421297 0.499538 0.076156 0.116739
