3 0.336224 0.134889 0.053208 0.084074
4 0.523224 0.119213 0.063781 0.104444
3 0.394198 0.110648 0.058948 0.097593
4 0.440594 0.100977 0.043490 0.082472
0 0.165141 0.103551 0.057021 0.087620
0 0.216365 0.133620 0.053156 0.085907
0 0.256474 0.090009 0.040594 0.083796
0 0.333313 0.078829 0.058958 0.075213
1 0.268555 0.153375 0.042526 0.067009
1 0.175773 0.157676 0.040589 0.096222
3 0.414622 0.855130 0.086016 0.137463
3 0.491141 0.465014 0.071521 0.115120
3 0.782260 0.825856 0.083250 0.134787
1 0.227849 0.709986 0.083115 0.132306
4 0.280823 0.443745 0.067656 0.109972
0 0.210758 0.220722 0.044870 0.087500
3 0.222438 0.330440 0.053146 0.103787
1 0.344734 0.305907 0.067271 0.092778
1 0.384255 0.349208 0.066104 0.098972
1 0.433445 0.295694 0.063786 0.111333
2 0.420375 0.192444 0.062437 0.085926
2 0.193505 0.398486 0.064927 0.113398
2 0.183859 0.262472 0.056187 0.105204
2 0.249948 0.189074 0.056833 0.082185
2 0.292701 0.236769 0.048891 0.099593
3 0.264695 0.302347 0.063786 0.101028
3 0.329516 0.387616 0.060031 0.104620
3 0.364865 0.204144 0.067094 0.088824
