0 0.528609 0.235109 0.066906 0.123696
0 0.441516 0.191902 0.068125 0.098859
0 0.475477 0.268234 0.067203 0.122011
0 0.507578 0.340693 0.069625 0.124375
0 0.622719 0.569185 0.058219 0.116141
0 0.630492 0.683084 0.065297 0.127364
0 0.410641 0.685326 0.077094 0.093587
0 0.406844 0.489511 0.071750 0.121196
0 0.323367 0.249293 0.064141 0.130380
2 0.484164 0.650068 0.072016 0.133397
2 0.584375 0.733166 0.068750 0.118071
2 0.527305 0.741929 0.066422 0.132228
2 0.453750 0.760611 0.064187 0.120571
2 0.367062 0.605530 0.071437 0.134864
2 0.541492 0.437622 0.059391 0.128668
2 0.394336 0.389769 0.060141 0.114103
4 0.275922 0.333601 0.060656 0.127473
4 0.239141 0.503777 0.075000 0.128804
4 0.367297 0.870543 0.064281 0.131141
4 0.427148 0.591196 0.067453 0.104728
4 0.356727 0.467826 0.053609 0.125272
4 0.446297 0.393315 0.064906 0.122935
1 0.380734 0.218057 0.063594 0.104103
1 0.564016 0.330870 0.063156 0.132120
1 0.603664 0.426101 0.070953 0.128288
1 0.575070 0.538288 0.059578 0.115435
1 0.577836 0.627799 0.065516 0.107989
1 0.292094 0.818682 0.080469 0.134266
1 0.313898 0.688302 0.074172 0.132473
1 0.308758 0.563940 0.066047 0.120543
3 0.334078 0.366780 0.066969 0.119755
3 0.295133 0.446467 0.067203 0.125815
3 0.258141 0.619443 0.073875 0.127310
3 0.253383 0.730788 0.075672 0.128696
3 0.360516 0.753043 0.075813 0.122283
3 0.422992 0.858682 0.078172 0.133723
3 0.499578 0.844457 0.078750 0.110380
3 0.534328 0.581182 0.051875 0.127310
3 0.480781 0.553832 0.068219 0.102174
3 0.483047 0.464823 0.072344 0.100951
3 0.417273 0.302799 0.074016 0.083370
