0 0.314414 0.201889 0.075078 0.116929
0 0.293102 0.311359 0.071516 0.131739
0 0.335500 0.414742 0.077844 0.134864
0 0.389703 0.600788 0.072719 0.115978
0 0.653125 0.389633 0.065406 0.136766
0 0.583914 0.590149 0.071859 0.140190
0 0.522633 0.542609 0.066672 0.124565
0 0.475672 0.818166 0.080219 0.148397
0 0.399086 0.841236 0.076766 0.139158
3 0.431187 0.042337 0.077094 0.084674
3 0.368563 0.111250 0.077125 0.120380
3 0.426859 0.267500 0.062781 0.129130
3 0.408984 0.381997 0.068812 0.122527
3 0.542492 0.118247 0.074859 0.133234
3 0.585008 0.194158 0.075797 0.128533
3 0.641961 0.262269 0.071078 0.121821
3 0.467406 0.479864 0.076438 0.118370
3 0.457398 0.607663 0.070234 0.126793
3 0.332609 0.654293 0.071937 0.124185
3 0.335391 0.764728 0.080563 0.121304
4 0.534031 0.426141 0.069906 0.122065
4 0.600180 0.468342 0.072922 0.127989
4 0.631500 0.690408 0.078906 0.139348
4 0.322883 0.539701 0.077016 0.125272
4 0.482750 0.270910 0.075406 0.127201
4 0.503602 0.200149 0.076047 0.107527
2 0.513523 0.010557 0.077016 0.021114
2 0.497820 0.083057 0.072266 0.134212
2 0.359063 0.288777 0.076375 0.133043
2 0.425828 0.715584 0.075875 0.134375
2 0.548367 0.762486 0.077828 0.140951
2 0.248484 0.541766 0.078469 0.135652
1 0.230711 0.418125 0.079172 0.118967
1 0.259312 0.671277 0.080437 0.140489
1 0.515516 0.659973 0.068594 0.124185
1 0.439461 0.146359 0.072859 0.118043
1 0.569031 0.058071 0.072219 0.110163
1 0.597172 0.343750 0.060969 0.134293
1 0.539922 0.314959 0.064813 0.128940
1 0.475523 0.382446 0.076859 0.103641
2 0.391281 0.487446 0.076156 0.116739
