0 0.529156 0.156522 0.065281 0.109511
0 0.435336 0.121073 0.068109 0.095462
0 0.467359 0.193111 0.059063 0.124538
0 0.503437 0.272840 0.070844 0.127799
0 0.638445 0.495082 0.058953 0.118315
0 0.648688 0.617663 0.063281 0.128424
0 0.405953 0.626223 0.078594 0.095815
0 0.400781 0.422745 0.067750 0.121196
0 0.308437 0.184946 0.061375 0.120924
2 0.488367 0.593519 0.075359 0.126060
2 0.592484 0.669402 0.068750 0.116141
2 0.527844 0.682758 0.058031 0.118125
2 0.456836 0.709008 0.072078 0.120408
2 0.354391 0.547283 0.062563 0.129674
2 0.538586 0.359851 0.056766 0.112038
2 0.380437 0.316114 0.052656 0.103533
4 0.256641 0.273166 0.064813 0.127473
4 0.217789 0.448533 0.073734 0.124946
4 0.354039 0.825109 0.057266 0.131141
4 0.420312 0.528438 0.069438 0.098614
4 0.340109 0.403573 0.053594 0.125299
4 0.439891 0.322188 0.068281 0.108668
1 0.371937 0.168954 0.063594 0.104103
1 0.568266 0.260380 0.055656 0.105978
1 0.610992 0.355312 0.062578 0.098668
1 0.586719 0.434674 0.054187 0.095489
1 0.590070 0.560734 0.067797 0.100109
1 0.274617 0.781005 0.064422 0.105326
1 0.301266 0.634266 0.073687 0.105815
1 0.299492 0.494918 0.057234 0.114946
3 0.321211 0.301413 0.066953 0.118098
3 0.278836 0.387418 0.065141 0.125815
3 0.238797 0.560992 0.072563 0.122853
3 0.232313 0.682894 0.077656 0.124158
3 0.350734 0.700530 0.079219 0.117636
3 0.422094 0.813872 0.074094 0.132636
3 0.505266 0.795883 0.078531 0.109049
3 0.537250 0.516671 0.051875 0.129049
3 0.480656 0.488940 0.072969 0.088098
3 0.480250 0.399443 0.072344 0.088451
3 0.406922 0.230978 0.074031 0.083370
