0 0.526531 0.145598 0.066000 0.109511
0 0.434508 0.107514 0.068109 0.095462
0 0.466258 0.174470 0.058859 0.125245
0 0.501430 0.256236 0.070859 0.127799
0 0.634539 0.482296 0.059078 0.119266
0 0.643766 0.606522 0.063281 0.130978
0 0.403977 0.611073 0.078484 0.095788
0 0.399766 0.410788 0.067750 0.121196
0 0.308148 0.171073 0.061359 0.130679
2 0.484570 0.581848 0.071734 0.115652
2 0.585891 0.655190 0.068750 0.110761
2 0.521750 0.668220 0.056813 0.116005
2 0.452984 0.693261 0.067656 0.122663
2 0.354078 0.534130 0.062000 0.128152
2 0.537547 0.349579 0.055938 0.119810
2 0.380609 0.300938 0.051750 0.100082
4 0.255352 0.256386 0.066484 0.127446
4 0.217875 0.432582 0.074219 0.120272
4 0.352344 0.807989 0.057656 0.126848
4 0.420430 0.517174 0.069422 0.101087
4 0.339375 0.391685 0.053594 0.117554
4 0.438055 0.307867 0.067234 0.120408
1 0.368781 0.145163 0.063594 0.104076
1 0.564859 0.240380 0.055656 0.105978
1 0.609984 0.341698 0.065313 0.106440
1 0.580773 0.434035 0.054891 0.092038
1 0.588203 0.544552 0.065625 0.104864
1 0.275750 0.759878 0.061906 0.100190
1 0.301609 0.619918 0.072813 0.111141
1 0.299719 0.485829 0.056406 0.118288
3 0.320977 0.289524 0.066953 0.125136
3 0.279227 0.373451 0.065141 0.128804
3 0.238875 0.545462 0.072313 0.116304
3 0.233609 0.667704 0.077656 0.122201
3 0.350141 0.687745 0.079219 0.119022
3 0.419391 0.796821 0.073438 0.130978
3 0.501109 0.781277 0.076719 0.104891
3 0.535531 0.496563 0.051875 0.132310
3 0.478906 0.471848 0.072969 0.090217
3 0.477391 0.379457 0.072344 0.091576
3 0.405828 0.215557 0.074594 0.085027
