0 0.310555 0.217323 0.075078 0.116929
0 0.287063 0.343152 0.071531 0.131739
0 0.331773 0.444117 0.077828 0.134864
0 0.380008 0.632772 0.072703 0.115978
0 0.653055 0.419864 0.065391 0.136793
0 0.579484 0.622337 0.071844 0.134185
0 0.519937 0.572160 0.066688 0.124592
0 0.472047 0.853791 0.080219 0.148397
0 0.394164 0.876345 0.076766 0.139158
3 0.427109 0.063872 0.077094 0.118234
3 0.366172 0.146101 0.077125 0.120353
3 0.423609 0.295109 0.062781 0.129130
3 0.402609 0.418438 0.068812 0.122527
3 0.541414 0.151807 0.074859 0.133234
3 0.585180 0.223668 0.075797 0.128533
3 0.644992 0.298818 0.071078 0.121821
3 0.467406 0.510516 0.076438 0.118370
3 0.452398 0.636060 0.070234 0.126793
3 0.323844 0.678234 0.071937 0.124185
3 0.330164 0.804755 0.080578 0.121304
4 0.532508 0.460217 0.069922 0.122065
4 0.596289 0.501427 0.072922 0.128016
4 0.626938 0.724864 0.078906 0.139348
4 0.317773 0.557962 0.077016 0.125272
4 0.482289 0.293818 0.075391 0.127201
4 0.501539 0.218614 0.076047 0.107554
2 0.513523 0.025272 0.077016 0.050543
2 0.497984 0.104348 0.072281 0.134185
2 0.357914 0.314266 0.076359 0.133043
2 0.420766 0.753709 0.075875 0.134375
2 0.542930 0.804212 0.077828 0.140924
2 0.242109 0.570163 0.078469 0.135652
1 0.223289 0.446929 0.079172 0.118967
1 0.252000 0.702160 0.080438 0.140462
1 0.509156 0.694321 0.068594 0.124185
1 0.438648 0.177024 0.072859 0.118071
1 0.571344 0.075054 0.072219 0.123967
1 0.592844 0.377568 0.060969 0.134321
1 0.536922 0.339552 0.064813 0.128940
1 0.473625 0.408954 0.076844 0.103614
2 0.385562 0.526182 0.076156 0.116712
