0 0.344930 0.233030 0.075078 0.116929
0 0.324125 0.345177 0.071531 0.131766
0 0.366859 0.441033 0.077844 0.134837
0 0.427922 0.620408 0.072719 0.115978
0 0.693758 0.402418 0.065391 0.136793
0 0.625141 0.603764 0.071844 0.140190
0 0.562063 0.561549 0.066688 0.124565
0 0.518656 0.844755 0.080219 0.155598
0 0.438539 0.873750 0.077359 0.147500
3 0.458273 0.076427 0.077109 0.108886
3 0.399539 0.153125 0.077109 0.120380
3 0.457844 0.296943 0.062781 0.129158
3 0.442313 0.407690 0.068813 0.122500
3 0.573289 0.143478 0.074859 0.133207
3 0.617914 0.214022 0.075797 0.128533
3 0.677930 0.286046 0.071078 0.121821
3 0.504633 0.495503 0.076422 0.118342
3 0.498711 0.615707 0.070234 0.126793
3 0.365969 0.672826 0.071938 0.124185
3 0.375039 0.799361 0.080578 0.129538
4 0.571172 0.442690 0.069906 0.122065
4 0.641023 0.483519 0.072922 0.128016
4 0.676750 0.707948 0.078906 0.139321
4 0.358883 0.553492 0.077016 0.125245
4 0.516992 0.278356 0.075391 0.127201
4 0.534055 0.231182 0.076047 0.107527
2 0.538695 0.027582 0.077016 0.055163
2 0.525883 0.115720 0.072266 0.134212
2 0.394297 0.317283 0.076375 0.133043
2 0.466164 0.742242 0.077953 0.134375
2 0.594383 0.790489 0.077828 0.145652
2 0.281906 0.573356 0.078469 0.135679
1 0.258445 0.453995 0.079172 0.118967
1 0.292805 0.702269 0.080422 0.142418
1 0.554953 0.677092 0.068594 0.134946
1 0.471195 0.180842 0.072859 0.118043
1 0.595344 0.077962 0.072219 0.110163
1 0.631781 0.354633 0.060969 0.134321
1 0.576750 0.330870 0.064813 0.128967
1 0.507234 0.390014 0.076844 0.103614
2 0.426187 0.510897 0.076156 0.116739
