0 0.552359 0.103234 0.063625 0.109511
0 0.453250 0.057092 0.068125 0.094076
0 0.488078 0.134552 0.061719 0.124538
0 0.527187 0.219280 0.070844 0.127799
0 0.670227 0.468098 0.059609 0.116141
0 0.680813 0.594579 0.063281 0.127364
0 0.417234 0.594035 0.080625 0.101712
0 0.415602 0.380054 0.071766 0.121196
0 0.318102 0.117500 0.061359 0.120924
2 0.510344 0.562758 0.070781 0.132255
2 0.623172 0.651304 0.068750 0.128696
2 0.551734 0.662704 0.069875 0.132255
2 0.475789 0.683736 0.071078 0.120462
2 0.367312 0.503451 0.071438 0.134837
2 0.565828 0.315761 0.058719 0.128696
2 0.396719 0.262717 0.056719 0.112935
4 0.262297 0.202405 0.064813 0.127473
4 0.217617 0.398166 0.075016 0.131114
4 0.359938 0.812554 0.062250 0.145870
4 0.435703 0.490802 0.069437 0.095136
4 0.350266 0.346087 0.053594 0.125272
4 0.457633 0.266250 0.073047 0.108696
1 0.384844 0.090190 0.063594 0.104076
1 0.599953 0.224389 0.063156 0.133234
1 0.651406 0.320014 0.070969 0.128288
1 0.621352 0.414171 0.059578 0.115462
1 0.620703 0.533220 0.068969 0.118886
1 0.280469 0.763764 0.080469 0.134266
1 0.308945 0.595177 0.074172 0.132473
1 0.307484 0.459918 0.066031 0.120543
3 0.330813 0.236997 0.066969 0.119755
3 0.286086 0.334321 0.067203 0.125815
3 0.234680 0.519552 0.073859 0.127310
3 0.230172 0.646168 0.077656 0.128696
3 0.358016 0.674905 0.079219 0.121005
3 0.432539 0.799226 0.076078 0.136549
3 0.523945 0.783641 0.082734 0.118750
3 0.563891 0.474212 0.051875 0.127337
3 0.501953 0.440367 0.072969 0.096277
3 0.498344 0.338641 0.072344 0.100978
3 0.424281 0.168057 0.074031 0.083397
