0 0.604063 0.201970 0.062875 0.137962
0 0.513563 0.154076 0.068125 0.098859
0 0.546828 0.227391 0.064500 0.122120
0 0.580125 0.314688 0.069625 0.124375
0 0.701906 0.560897 0.059625 0.116141
0 0.709109 0.678954 0.063281 0.127364
0 0.479648 0.667201 0.081203 0.093587
0 0.475820 0.464701 0.071766 0.121196
0 0.389977 0.208519 0.064141 0.130408
2 0.561602 0.637038 0.070016 0.132228
2 0.655969 0.720747 0.068750 0.128668
2 0.598297 0.724171 0.069875 0.132255
2 0.529461 0.748111 0.071078 0.120462
2 0.435875 0.576562 0.071437 0.134864
2 0.617727 0.411223 0.059391 0.128696
2 0.459469 0.353723 0.056719 0.112935
4 0.341812 0.298139 0.064812 0.127473
4 0.301672 0.471875 0.075000 0.128804
4 0.433563 0.854592 0.064281 0.131141
4 0.494094 0.572296 0.067438 0.104701
4 0.420953 0.444185 0.053594 0.125272
4 0.519023 0.361386 0.064922 0.122935
1 0.451078 0.186807 0.063594 0.104103
1 0.648844 0.302106 0.063156 0.132147
1 0.683180 0.407187 0.070953 0.128288
1 0.659680 0.506386 0.059578 0.115435
1 0.654375 0.611563 0.067656 0.105788
1 0.370875 0.796304 0.080469 0.134239
1 0.390039 0.663899 0.074172 0.132473
1 0.387523 0.543152 0.066047 0.120543
3 0.402047 0.329524 0.066969 0.119755
3 0.359867 0.418696 0.067203 0.125815
3 0.322023 0.592840 0.073859 0.127310
3 0.317297 0.711291 0.077656 0.128723
3 0.425766 0.739783 0.079219 0.121033
3 0.490125 0.843899 0.077125 0.133723
3 0.569562 0.839185 0.084125 0.118750
3 0.606203 0.564334 0.051875 0.127310
3 0.552656 0.531386 0.072969 0.096304
3 0.551703 0.438818 0.072344 0.100951
3 0.486609 0.268505 0.074031 0.083370
