0 0.520609 0.225856 0.063625 0.109538
0 0.436422 0.190598 0.068125 0.094076
0 0.463203 0.259959 0.061719 0.124538
0 0.495258 0.329402 0.066078 0.103152
0 0.613172 0.529239 0.059625 0.116141
0 0.623812 0.639606 0.063281 0.127364
0 0.403469 0.639062 0.080625 0.101712
0 0.399094 0.459810 0.071750 0.121196
0 0.319703 0.239687 0.061375 0.120951
2 0.482016 0.610693 0.070781 0.132255
2 0.571852 0.688736 0.068734 0.128668
2 0.514742 0.692948 0.069859 0.132255
2 0.450414 0.708954 0.071078 0.120462
2 0.357211 0.563342 0.071422 0.134837
2 0.527055 0.412201 0.058703 0.128696
2 0.384250 0.363043 0.056719 0.112935
4 0.273844 0.318329 0.064812 0.127473
4 0.235797 0.467514 0.075000 0.131114
4 0.355883 0.821875 0.062234 0.145870
4 0.419547 0.553845 0.069438 0.095136
4 0.348344 0.441250 0.053594 0.125272
4 0.439211 0.367255 0.073047 0.108696
1 0.381406 0.215666 0.063594 0.104103
1 0.551773 0.308954 0.063141 0.133234
1 0.594031 0.400992 0.070969 0.128288
1 0.573398 0.475272 0.059578 0.115435
1 0.568312 0.580598 0.068969 0.118859
1 0.287953 0.772527 0.080469 0.134239
1 0.311320 0.632079 0.074172 0.132473
1 0.313711 0.523641 0.066047 0.120543
3 0.330281 0.344524 0.066969 0.119755
3 0.292969 0.416359 0.067219 0.125815
3 0.256922 0.572948 0.073875 0.127310
3 0.248906 0.685027 0.077656 0.128696
3 0.355187 0.702704 0.079219 0.121005
3 0.416781 0.808356 0.076094 0.136549
3 0.496742 0.791168 0.082734 0.118750
3 0.527531 0.537840 0.051875 0.127310
3 0.475234 0.512459 0.072969 0.096277
3 0.472750 0.430448 0.072344 0.100951
3 0.410422 0.289307 0.074031 0.083397
