0 0.521344 0.227935 0.063625 0.109511
0 0.436211 0.192065 0.068109 0.094076
0 0.463906 0.265122 0.061719 0.124538
0 0.494992 0.332554 0.065891 0.103315
0 0.613102 0.540177 0.059609 0.116114
0 0.624953 0.649932 0.063281 0.127364
0 0.402109 0.649226 0.080625 0.101712
0 0.398531 0.467527 0.071750 0.121196
0 0.316961 0.243927 0.061359 0.120951
2 0.481328 0.620367 0.070781 0.132255
2 0.571531 0.698492 0.068750 0.128668
2 0.513703 0.703261 0.069875 0.132283
2 0.449453 0.719592 0.071094 0.120489
2 0.357047 0.575367 0.071438 0.134864
2 0.526344 0.420870 0.058719 0.128696
2 0.383633 0.371576 0.056703 0.112935
4 0.270172 0.324606 0.064813 0.127473
4 0.231531 0.477976 0.075000 0.131114
4 0.354773 0.829864 0.062234 0.145870
4 0.420258 0.560666 0.069422 0.095136
4 0.347945 0.451957 0.053609 0.125272
4 0.438727 0.372228 0.073047 0.108696
1 0.381078 0.226562 0.063594 0.104103
1 0.551086 0.317500 0.063141 0.133098
1 0.595867 0.408682 0.070953 0.128288
1 0.573133 0.483342 0.059578 0.115435
1 0.568828 0.587677 0.068969 0.118886
1 0.285578 0.790992 0.080469 0.134266
1 0.303578 0.650095 0.074187 0.132473
1 0.298320 0.530435 0.066047 0.120543
3 0.327172 0.351834 0.066969 0.119755
3 0.288445 0.432663 0.067203 0.125815
3 0.248758 0.587215 0.073859 0.127310
3 0.243656 0.695761 0.077656 0.128696
3 0.355000 0.719076 0.079219 0.121033
3 0.414687 0.822269 0.076094 0.136549
3 0.492070 0.803478 0.082734 0.118750
3 0.525422 0.547269 0.051875 0.127310
3 0.474609 0.520380 0.072969 0.096304
3 0.473672 0.441236 0.072344 0.100951
3 0.410234 0.292595 0.074031 0.083397
