0 0.547008 0.144008 0.063609 0.109538
0 0.443227 0.100204 0.068109 0.095462
0 0.479234 0.180068 0.061719 0.124538
0 0.518523 0.272473 0.070859 0.127826
0 0.671664 0.543166 0.059609 0.116114
0 0.684969 0.680720 0.063281 0.127364
0 0.404875 0.675992 0.080625 0.101712
0 0.400383 0.445190 0.071766 0.121196
0 0.297844 0.161848 0.061375 0.120924
2 0.500469 0.642948 0.070781 0.132255
2 0.615859 0.745571 0.068750 0.128696
2 0.543773 0.750747 0.068453 0.118125
2 0.464227 0.774117 0.071078 0.120462
2 0.342422 0.586005 0.071438 0.134837
2 0.558437 0.379457 0.058719 0.128696
2 0.376047 0.323872 0.056719 0.112962
4 0.240031 0.258845 0.064813 0.127473
4 0.186641 0.464742 0.075000 0.131114
4 0.340570 0.916902 0.062234 0.145870
4 0.419984 0.569851 0.069437 0.095136
4 0.330562 0.418791 0.053594 0.125299
4 0.445930 0.328614 0.073047 0.108696
1 0.365437 0.146318 0.063594 0.104103
1 0.590492 0.265503 0.063141 0.133234
1 0.640781 0.383560 0.070969 0.128315
1 0.609836 0.479076 0.059578 0.115435
1 0.615781 0.611522 0.068969 0.118859
1 0.250906 0.861549 0.080469 0.134239
1 0.279008 0.680149 0.074172 0.132473
1 0.279805 0.532201 0.066047 0.120543
3 0.312320 0.292310 0.066953 0.119783
3 0.261141 0.396848 0.067219 0.125815
3 0.210219 0.597269 0.073875 0.127310
3 0.198703 0.731984 0.077656 0.128696
3 0.335703 0.768451 0.079219 0.121033
3 0.418258 0.903832 0.076078 0.136522
3 0.517883 0.885299 0.082734 0.118750
3 0.558797 0.548084 0.051875 0.127310
3 0.491312 0.514823 0.072969 0.096277
3 0.488656 0.411916 0.072344 0.100951
3 0.411500 0.223601 0.074031 0.083397
