0 0.508219 0.238641 0.066906 0.123696
0 0.420273 0.195747 0.068109 0.098832
0 0.452398 0.265231 0.064516 0.122092
0 0.485406 0.348967 0.069625 0.124402
0 0.602523 0.577283 0.058234 0.116141
0 0.612820 0.685448 0.065297 0.127364
0 0.390883 0.687187 0.081203 0.093560
0 0.387586 0.494239 0.071766 0.121196
0 0.302070 0.253614 0.064141 0.130380
2 0.464867 0.664253 0.072016 0.133397
2 0.559063 0.736726 0.068750 0.118071
2 0.502313 0.742745 0.069875 0.132283
2 0.438813 0.768166 0.064187 0.120571
2 0.347031 0.608315 0.071438 0.134837
2 0.522086 0.437826 0.059391 0.128696
2 0.369195 0.388981 0.060141 0.114103
4 0.256891 0.339524 0.060656 0.127473
4 0.218062 0.508913 0.075000 0.128804
4 0.343281 0.872908 0.064281 0.131141
4 0.407594 0.596563 0.067437 0.104701
4 0.333555 0.477269 0.053609 0.125299
4 0.426578 0.398628 0.064906 0.122908
1 0.361375 0.223451 0.063594 0.104076
1 0.551844 0.334742 0.063156 0.132147
1 0.585453 0.428465 0.070969 0.128288
1 0.566180 0.531196 0.059578 0.115435
1 0.562195 0.633614 0.065516 0.107989
1 0.275906 0.821726 0.080469 0.134266
1 0.295273 0.696698 0.074172 0.132473
1 0.292484 0.572092 0.066031 0.120543
3 0.317898 0.365285 0.066953 0.119755
3 0.272930 0.453560 0.067203 0.125815
3 0.236391 0.623573 0.073875 0.127310
3 0.230102 0.734633 0.075672 0.128723
3 0.336391 0.762500 0.075813 0.122283
3 0.403508 0.863397 0.078172 0.133696
3 0.477594 0.851549 0.078750 0.110380
3 0.513031 0.580000 0.051875 0.127337
3 0.465320 0.556793 0.068203 0.102174
3 0.463219 0.471916 0.072344 0.100951
3 0.396719 0.306644 0.074031 0.083397
