0 0.524539 0.242188 0.062859 0.123723
0 0.435063 0.197228 0.068125 0.098859
0 0.470586 0.274280 0.064516 0.122092
0 0.498906 0.352514 0.069625 0.124375
0 0.619320 0.582174 0.058234 0.116141
0 0.625172 0.690177 0.063281 0.127364
0 0.403484 0.692541 0.081187 0.093560
0 0.400039 0.497772 0.071766 0.121196
0 0.315211 0.255190 0.064141 0.130380
2 0.480695 0.664253 0.072016 0.133397
2 0.571000 0.741440 0.068750 0.118043
2 0.513672 0.745448 0.069875 0.132255
2 0.449797 0.765217 0.066281 0.121739
2 0.361797 0.607880 0.071438 0.134837
2 0.536180 0.437813 0.059391 0.128668
2 0.390492 0.390965 0.060141 0.114103
4 0.267766 0.340693 0.060656 0.127473
4 0.231656 0.512065 0.075000 0.128804
4 0.357773 0.878804 0.064297 0.131141
4 0.420352 0.600666 0.067453 0.104701
4 0.347547 0.476087 0.053594 0.125272
4 0.439500 0.400992 0.064906 0.122908
1 0.375984 0.219905 0.063594 0.104103
1 0.568312 0.332242 0.063156 0.132147
1 0.607398 0.435557 0.070953 0.128288
1 0.581367 0.522935 0.059578 0.115435
1 0.572133 0.629171 0.065516 0.108016
1 0.284906 0.833533 0.080469 0.134239
1 0.312156 0.697092 0.074188 0.132500
1 0.309703 0.570924 0.066031 0.120543
3 0.327961 0.373859 0.066953 0.119783
3 0.286297 0.455924 0.067219 0.125815
3 0.249297 0.630068 0.073875 0.127310
3 0.244891 0.733152 0.075687 0.128696
3 0.354750 0.760774 0.079219 0.121005
3 0.413484 0.869307 0.078156 0.133723
3 0.490750 0.856277 0.078750 0.110380
3 0.527531 0.588274 0.051875 0.127310
3 0.474836 0.561508 0.068203 0.102201
3 0.477609 0.470720 0.072344 0.100951
3 0.410141 0.312840 0.074031 0.083397
