0 0.549727 0.248030 0.063609 0.109538
0 0.452734 0.198342 0.068125 0.094076
0 0.485359 0.274633 0.061719 0.124538
0 0.523094 0.368546 0.062062 0.106603
0 0.658070 0.636549 0.059609 0.116141
0 0.665266 0.769375 0.063281 0.127337
0 0.412016 0.750476 0.080625 0.101712
0 0.412273 0.535625 0.071766 0.121196
0 0.318578 0.256399 0.061375 0.120951
2 0.497750 0.678764 0.070781 0.132255
2 0.604016 0.799606 0.068750 0.128668
2 0.532703 0.806916 0.069875 0.132255
2 0.463367 0.830856 0.071078 0.120462
2 0.367375 0.649117 0.071438 0.134864
2 0.555086 0.464810 0.059391 0.128696
2 0.391891 0.400842 0.056719 0.112935
4 0.261609 0.356060 0.064812 0.127446
4 0.218070 0.540435 0.075016 0.128804
4 0.356758 0.945041 0.062234 0.109918
4 0.431602 0.633546 0.068578 0.099212
4 0.353734 0.508030 0.053594 0.125299
4 0.455102 0.424647 0.073047 0.108696
1 0.380328 0.209783 0.063594 0.104076
1 0.583266 0.355421 0.063156 0.132147
1 0.628461 0.471019 0.070953 0.128288
1 0.598508 0.562527 0.059578 0.115435
1 0.597031 0.665503 0.068969 0.118886
1 0.285578 0.879647 0.080469 0.134239
1 0.312383 0.747283 0.074172 0.132500
1 0.303867 0.601168 0.066047 0.120543
3 0.330000 0.377812 0.066969 0.119755
3 0.285156 0.479592 0.067219 0.125815
3 0.239438 0.668492 0.073875 0.127310
3 0.229453 0.797283 0.077656 0.128696
3 0.356766 0.836413 0.079219 0.121033
3 0.426758 0.933139 0.076078 0.133723
3 0.515172 0.936114 0.082750 0.118750
3 0.554266 0.635951 0.051875 0.127337
3 0.494656 0.599932 0.072969 0.096277
3 0.494609 0.502649 0.072344 0.100951
3 0.422375 0.321114 0.074031 0.083370
