3 0.402664 0.345153 0.050922 0.089083
4 0.508578 0.264120 0.061812 0.086574
3 0.492086 0.338000 0.049297 0.086870
4 0.428818 0.270106 0.057802 0.101824
0 0.190677 0.358065 0.046375 0.090667
0 0.249651 0.388949 0.053156 0.090917
0 0.275203 0.328875 0.057708 0.071991
0 0.456029 0.550579 0.052693 0.074880
1 0.240044 0.651444 0.048776 0.088315
1 0.208482 0.425324 0.041797 0.086130
0 0.241206 0.260051 0.049286 0.058361
0 0.285784 0.262370 0.042526 0.068722
1 0.223203 0.323787 0.043490 0.082481
3 0.319206 0.228926 0.050286 0.065833
3 0.366609 0.210315 0.057990 0.071759
1 0.322021 0.542597 0.047333 0.093454
4 0.263563 0.187764 0.056417 0.079009
4 0.497083 0.616431 0.049240 0.085861
2 0.482216 0.405944 0.044505 0.090833
1 0.369013 0.327926 0.038849 0.087574
3 0.467745 0.472157 0.053979 0.085852
3 0.475378 0.902028 0.059661 0.104352
4 0.330276 0.673880 0.063458 0.087574
1 0.427109 0.625250 0.048271 0.094278
1 0.312367 0.928106 0.077630 0.116213
3 0.474687 0.982764 0.065458 0.034472
3 0.569763 0.717412 0.065203 0.107269
3 0.466951 0.684949 0.049755 0.093250
3 0.809029 0.957782 0.084318 0.084435
1 0.227669 0.939120 0.076099 0.121759
4 0.340956 0.520380 0.062828 0.101389
0 0.331323 0.432421 0.050604 0.094213
3 0.613846 0.473468 0.058828 0.110269
1 0.532539 0.644190 0.048141 0.083898
1 0.505745 0.715495 0.055250 0.094769
1 0.526794 0.424931 0.049474 0.094491
2 0.443885 0.363435 0.050979 0.086778
2 0.231505 0.493236 0.049990 0.079361
2 0.297648 0.339764 0.050151 0.078806
2 0.336773 0.290986 0.045453 0.075731
2 0.443753 0.488667 0.059745 0.095704
3 0.383138 0.565819 0.059016 0.099491
3 0.515240 0.522125 0.063312 0.103065
3 0.409974 0.433037 0.056219 0.088833
