0 0.530430 0.183437 0.062859 0.137962
0 0.432289 0.139755 0.068109 0.099946
0 0.466156 0.217704 0.061719 0.124538
0 0.502688 0.322133 0.066844 0.117201
0 0.632242 0.575679 0.059609 0.116141
0 0.637969 0.696291 0.063281 0.127364
0 0.395477 0.705231 0.078797 0.097745
0 0.395281 0.476522 0.071750 0.121196
0 0.300398 0.205571 0.064141 0.130380
2 0.479891 0.629579 0.070031 0.132255
2 0.582391 0.748437 0.068750 0.128668
2 0.521156 0.757024 0.069875 0.132255
2 0.446883 0.771753 0.071078 0.120462
2 0.345203 0.601875 0.071438 0.134837
2 0.538211 0.419769 0.059391 0.128668
2 0.375094 0.362079 0.056719 0.112962
4 0.244281 0.297554 0.064813 0.127446
4 0.204141 0.499348 0.075000 0.128804
4 0.343500 0.899783 0.064281 0.131141
4 0.412195 0.598872 0.067453 0.104701
4 0.335320 0.459864 0.053609 0.125272
4 0.433500 0.360462 0.073062 0.122935
1 0.367594 0.150557 0.063594 0.104103
1 0.569187 0.290802 0.063156 0.132147
1 0.612984 0.399878 0.070969 0.128288
1 0.579898 0.489049 0.059578 0.115435
1 0.581859 0.619389 0.067656 0.105788
1 0.271125 0.790353 0.080469 0.134239
1 0.289953 0.685557 0.074187 0.132473
1 0.289727 0.549158 0.066047 0.120543
3 0.313008 0.337813 0.066953 0.119755
3 0.269641 0.434076 0.067219 0.125815
3 0.227711 0.628003 0.073859 0.127310
3 0.223234 0.755272 0.077656 0.128696
3 0.340469 0.770217 0.079219 0.121033
3 0.410445 0.889851 0.076078 0.133723
3 0.494352 0.872582 0.082734 0.118750
3 0.532844 0.581576 0.051875 0.127337
3 0.476984 0.550285 0.072969 0.096277
3 0.477500 0.448872 0.072344 0.100951
3 0.403008 0.262446 0.074016 0.083370
