3 0.375896 0.365579 0.050917 0.089083
4 0.472781 0.273204 0.061813 0.086574
3 0.457685 0.351222 0.049297 0.086870
4 0.397443 0.273306 0.057802 0.101815
0 0.159141 0.369380 0.046375 0.090667
0 0.212495 0.401171 0.053156 0.090917
0 0.245885 0.343019 0.058615 0.071981
0 0.417339 0.561968 0.052698 0.074880
1 0.217685 0.674472 0.053495 0.088315
1 0.173482 0.437847 0.041797 0.086120
0 0.206206 0.263282 0.049286 0.058361
0 0.253284 0.268838 0.042526 0.068731
1 0.194339 0.331060 0.043490 0.082472
3 0.283674 0.230611 0.050286 0.065833
3 0.334411 0.214019 0.057990 0.071759
1 0.291031 0.545019 0.052094 0.093463
4 0.230607 0.200690 0.056411 0.079009
4 0.458445 0.638245 0.049245 0.085861
2 0.442539 0.414023 0.044505 0.090824
1 0.341268 0.340667 0.038849 0.087574
3 0.431974 0.478958 0.053979 0.085861
3 0.475378 0.902028 0.059661 0.104352
4 0.299214 0.690046 0.063458 0.087574
1 0.397010 0.622727 0.048271 0.094269
1 0.274917 0.941588 0.077625 0.114398
3 0.451185 0.984111 0.065453 0.031778
3 0.538542 0.731551 0.065198 0.107269
3 0.437576 0.694949 0.049755 0.093250
3 0.761544 0.964560 0.084318 0.070880
1 0.227669 0.939120 0.076099 0.121759
4 0.340956 0.520380 0.062828 0.101389
0 0.288711 0.448079 0.050599 0.094213
3 0.569909 0.478407 0.058828 0.110259
1 0.501070 0.633000 0.048141 0.083907
1 0.483471 0.722361 0.055245 0.094759
1 0.484602 0.434074 0.049474 0.094481
2 0.413432 0.365356 0.050979 0.086787
2 0.208776 0.504551 0.049990 0.079361
2 0.290253 0.325625 0.050172 0.078806
2 0.316318 0.276699 0.045458 0.075731
2 0.443753 0.488667 0.059745 0.095704
3 0.351701 0.577940 0.059016 0.099491
3 0.480823 0.531014 0.063313 0.103065
3 0.379456 0.460167 0.056224 0.088833
