3 0.346352 0.257699 0.050922 0.089083
4 0.451187 0.157380 0.061812 0.086574
3 0.437003 0.235264 0.049297 0.086861
4 0.370672 0.185088 0.057802 0.101824
0 0.113687 0.261898 0.046375 0.090667
0 0.178630 0.294505 0.053156 0.090917
0 0.205203 0.231769 0.058615 0.071981
0 0.394990 0.476051 0.052698 0.074880
1 0.187305 0.563898 0.053495 0.088315
1 0.131435 0.341282 0.041797 0.086120
0 0.167341 0.161458 0.049286 0.058361
0 0.211159 0.152875 0.042526 0.068731
1 0.156383 0.225606 0.043495 0.082472
3 0.251706 0.111352 0.050286 0.065833
3 0.296383 0.106880 0.057995 0.071759
1 0.260802 0.440236 0.052094 0.093454
4 0.192349 0.082708 0.056417 0.079009
4 0.437083 0.521884 0.049240 0.085861
2 0.426344 0.340486 0.044510 0.090824
1 0.308086 0.222685 0.038849 0.087574
3 0.404797 0.380023 0.053979 0.085861
3 0.475378 0.902028 0.059661 0.104352
4 0.263734 0.579380 0.063458 0.087574
1 0.373276 0.541111 0.048271 0.094278
1 0.237112 0.849870 0.077630 0.114407
3 0.403174 0.939694 0.065453 0.090315
3 0.511193 0.617074 0.065198 0.107259
3 0.401211 0.598792 0.049755 0.093250
3 0.746997 0.911616 0.091130 0.103231
1 0.227669 0.939120 0.076099 0.121759
4 0.340956 0.520380 0.062828 0.101389
0 0.268255 0.333931 0.050604 0.094213
3 0.556648 0.382782 0.058828 0.110269
1 0.473831 0.561361 0.048141 0.083907
1 0.452336 0.643440 0.055245 0.094769
1 0.468503 0.341986 0.049474 0.094491
2 0.454964 0.291847 0.050979 0.086787
2 0.174458 0.396269 0.049990 0.079352
2 0.250367 0.228653 0.050172 0.078806
2 0.280411 0.176236 0.045458 0.075731
2 0.443753 0.488667 0.059745 0.095704
3 0.322810 0.471495 0.059016 0.099491
3 0.454971 0.453005 0.063307 0.103065
3 0.351424 0.351750 0.056224 0.088833
