3 0.435115 0.299583 0.050917 0.089074
4 0.548096 0.215074 0.061807 0.086574
3 0.524982 0.295157 0.049297 0.086870
4 0.465339 0.221731 0.057802 0.101815
0 0.221391 0.310870 0.046375 0.090667
0 0.277966 0.340032 0.053161 0.087583
0 0.310156 0.271000 0.051813 0.079852
0 0.494263 0.503435 0.052693 0.074889
1 0.273523 0.602509 0.044214 0.083259
1 0.235500 0.369486 0.041792 0.086120
0 0.269383 0.224162 0.049286 0.058361
0 0.315326 0.204949 0.042526 0.068731
1 0.252625 0.267468 0.043490 0.082472
3 0.354096 0.187398 0.050286 0.065833
3 0.404839 0.149597 0.057990 0.071769
1 0.354091 0.499102 0.047339 0.093463
4 0.293740 0.145583 0.056417 0.075685
4 0.530966 0.565486 0.049245 0.085861
2 0.520096 0.367866 0.044505 0.090824
1 0.405315 0.275741 0.038849 0.087574
3 0.492740 0.423065 0.053979 0.085852
3 0.475378 0.902028 0.059661 0.104352
4 0.358198 0.620440 0.062042 0.083343
1 0.465161 0.567676 0.048271 0.094278
1 0.326706 0.886889 0.069089 0.101037
3 0.602612 0.666310 0.065203 0.107269
3 0.491255 0.636745 0.049760 0.093250
3 0.843341 0.951088 0.084318 0.097824
1 0.227669 0.939120 0.076099 0.121759
4 0.340956 0.520380 0.062828 0.101389
0 0.362445 0.383097 0.050599 0.094213
3 0.645742 0.429157 0.058828 0.110259
1 0.568919 0.587931 0.048141 0.083898
1 0.540310 0.676208 0.055245 0.094769
1 0.564086 0.381292 0.049474 0.094491
2 0.481594 0.311116 0.050979 0.086787
2 0.269706 0.438972 0.056630 0.093722
2 0.344367 0.271579 0.050151 0.078806
2 0.382070 0.225616 0.045453 0.075731
2 0.443753 0.488667 0.059745 0.095704
3 0.410826 0.520532 0.059016 0.099491
3 0.547016 0.470236 0.063312 0.103065
3 0.445870 0.383681 0.056219 0.088824
