3 0.325919 0.717847 0.086016 0.137454
3 0.427219 0.308051 0.071521 0.115120
3 0.762833 0.775861 0.083115 0.142611
1 0.129081 0.542884 0.083120 0.132306
4 0.200281 0.271352 0.067656 0.109963
0 0.124055 0.035625 0.060307 0.071250
3 0.134000 0.138005 0.057990 0.117528
1 0.267414 0.125495 0.067266 0.092787
1 0.313701 0.187694 0.066109 0.098963
1 0.370487 0.127551 0.063786 0.111343
2 0.360932 0.027481 0.061469 0.051593
2 0.098893 0.222704 0.076547 0.113407
2 0.080070 0.056426 0.053349 0.105204
2 0.167497 0.049171 0.056828 0.072657
2 0.224648 0.055968 0.061464 0.091731
3 0.186409 0.116782 0.063786 0.101028
3 0.247461 0.208606 0.067807 0.117602
3 0.301549 0.035796 0.060307 0.068222
