0 0.527469 0.103872 0.066000 0.123234
0 0.429844 0.062785 0.068125 0.103125
0 0.464094 0.135951 0.064781 0.128152
0 0.500672 0.225870 0.070844 0.127826
0 0.635109 0.464375 0.060687 0.119239
0 0.643578 0.592500 0.063281 0.130978
0 0.398187 0.597201 0.080625 0.095815
0 0.394562 0.385435 0.067750 0.121196
0 0.299703 0.129239 0.061375 0.130652
2 0.482266 0.560109 0.071719 0.115652
2 0.586406 0.640285 0.068750 0.110734
2 0.521719 0.647065 0.054688 0.097717
2 0.448047 0.668207 0.063906 0.112500
2 0.347797 0.510190 0.059844 0.130978
2 0.535625 0.320258 0.055938 0.119810
2 0.373031 0.279565 0.051750 0.114402
4 0.249055 0.221399 0.066484 0.127473
4 0.210156 0.408668 0.074219 0.127989
4 0.346141 0.794429 0.057656 0.128804
4 0.413062 0.498478 0.069437 0.101087
4 0.334203 0.362745 0.053594 0.125815
4 0.435055 0.278492 0.067234 0.120408
1 0.361406 0.098573 0.063594 0.104103
1 0.563547 0.204212 0.055656 0.105978
1 0.607500 0.316386 0.065313 0.106467
1 0.581703 0.410217 0.048438 0.101467
1 0.584828 0.523764 0.065625 0.104864
1 0.267453 0.737880 0.059688 0.088587
1 0.290750 0.597527 0.072812 0.111141
1 0.293891 0.459334 0.056406 0.118288
3 0.315734 0.252636 0.066969 0.125163
3 0.271242 0.345217 0.065141 0.128804
3 0.231281 0.527880 0.074531 0.121957
3 0.226438 0.651739 0.077656 0.126087
3 0.341609 0.672391 0.079219 0.119022
3 0.414031 0.783560 0.074063 0.130978
3 0.495937 0.769158 0.076719 0.104891
3 0.534344 0.478764 0.051875 0.132310
3 0.473750 0.448641 0.072969 0.098641
3 0.473281 0.352962 0.072344 0.091576
3 0.401219 0.182772 0.074594 0.091576
