0 0.527977 0.167649 0.063609 0.109538
0 0.430992 0.132704 0.068109 0.095462
0 0.467687 0.197785 0.061719 0.124538
0 0.495812 0.275136 0.070844 0.127826
0 0.636758 0.497378 0.059609 0.116114
0 0.654906 0.629592 0.063281 0.127337
0 0.405219 0.643492 0.078594 0.095788
0 0.396594 0.433288 0.067750 0.121196
0 0.304984 0.194932 0.061375 0.120951
2 0.486203 0.602595 0.070781 0.132255
2 0.598187 0.692378 0.068750 0.128668
2 0.525844 0.692663 0.059625 0.118098
2 0.451383 0.718655 0.071078 0.120462
2 0.351844 0.553818 0.062562 0.134864
2 0.535781 0.364579 0.058719 0.112038
2 0.374094 0.322147 0.052656 0.103533
4 0.253453 0.285136 0.064812 0.127446
4 0.209234 0.464158 0.075000 0.131141
4 0.352773 0.852527 0.058922 0.133967
4 0.415039 0.534090 0.069422 0.095136
4 0.336859 0.409144 0.053594 0.125299
4 0.439125 0.334810 0.068281 0.108696
1 0.368500 0.172880 0.063594 0.104076
1 0.562844 0.257473 0.055656 0.105978
1 0.608500 0.356576 0.064188 0.098641
1 0.586305 0.447038 0.054203 0.100000
1 0.579492 0.562908 0.068953 0.109728
1 0.274016 0.813438 0.080469 0.134266
1 0.295664 0.656576 0.074172 0.121739
1 0.296758 0.514185 0.059172 0.120543
3 0.317758 0.314769 0.066953 0.119755
3 0.272680 0.396848 0.065141 0.125815
3 0.230266 0.583383 0.073875 0.127310
3 0.224859 0.710707 0.077656 0.128696
3 0.349297 0.721753 0.079219 0.121005
3 0.424406 0.838818 0.074094 0.136549
3 0.509055 0.819103 0.082734 0.118750
3 0.539609 0.518927 0.051875 0.127310
3 0.480609 0.492908 0.072969 0.088098
3 0.475453 0.393370 0.072344 0.086793
3 0.404703 0.243111 0.074031 0.083397
