0 0.544125 0.149620 0.063625 0.109511
0 0.438641 0.105503 0.068125 0.095462
0 0.474648 0.187160 0.061703 0.124538
0 0.514617 0.276603 0.070859 0.127826
0 0.667586 0.544348 0.059609 0.116141
0 0.681125 0.686236 0.063281 0.127364
0 0.399781 0.684280 0.080625 0.101712
0 0.396641 0.446658 0.071750 0.121196
0 0.294109 0.170707 0.061375 0.120924
2 0.496063 0.646128 0.070781 0.132255
2 0.613141 0.750299 0.068750 0.128696
2 0.540719 0.754307 0.068469 0.118125
2 0.462695 0.779742 0.071078 0.120462
2 0.338578 0.589946 0.071438 0.134837
2 0.555375 0.386250 0.058719 0.128696
2 0.372312 0.328016 0.056719 0.112935
4 0.236922 0.264457 0.064813 0.127446
4 0.182844 0.470258 0.075000 0.131114
4 0.335813 0.921332 0.062250 0.145870
4 0.416023 0.574008 0.069422 0.095136
4 0.326250 0.425299 0.053594 0.125272
4 0.442367 0.333641 0.073047 0.108696
1 0.363391 0.151780 0.063594 0.104103
1 0.587602 0.267867 0.063141 0.133234
1 0.637211 0.388288 0.070953 0.128315
1 0.606664 0.484810 0.059578 0.115435
1 0.612719 0.616250 0.068969 0.118859
1 0.248188 0.865571 0.080469 0.134239
1 0.276156 0.684878 0.074187 0.132473
1 0.275883 0.536929 0.064328 0.120543
3 0.306883 0.298818 0.066953 0.119755
3 0.257742 0.400978 0.067203 0.125815
3 0.206813 0.602582 0.073875 0.127337
3 0.194844 0.734946 0.077656 0.128696
3 0.334234 0.771019 0.079219 0.121005
3 0.413836 0.910924 0.076078 0.136522
3 0.512617 0.891196 0.082734 0.118750
3 0.554719 0.554796 0.051875 0.127310
3 0.487516 0.519552 0.072969 0.096277
3 0.485203 0.416155 0.072344 0.100951
3 0.408102 0.229511 0.074016 0.083370
