0 0.528234 0.169864 0.063625 0.109511
0 0.433797 0.134470 0.068125 0.095462
0 0.467938 0.201780 0.061719 0.124538
0 0.499039 0.280448 0.070859 0.127799
0 0.637867 0.501250 0.059609 0.116141
0 0.654969 0.632758 0.063281 0.127364
0 0.406750 0.644375 0.078594 0.095815
0 0.398406 0.434864 0.067750 0.121196
0 0.306766 0.197147 0.061375 0.120924
2 0.488234 0.604198 0.070781 0.132255
2 0.596664 0.690163 0.068734 0.128696
2 0.526766 0.694280 0.059625 0.118125
2 0.454352 0.719959 0.071078 0.120462
2 0.353656 0.556576 0.062563 0.134837
2 0.537078 0.368139 0.058719 0.112038
2 0.377062 0.326033 0.052656 0.103533
4 0.255750 0.284687 0.064812 0.127473
4 0.214859 0.466427 0.075000 0.131114
4 0.354711 0.850679 0.058922 0.133967
4 0.416891 0.537296 0.069437 0.095136
4 0.338453 0.413872 0.053594 0.125299
4 0.440141 0.335707 0.068281 0.108696
1 0.370531 0.173668 0.063594 0.104076
1 0.564516 0.260707 0.055656 0.105978
1 0.609609 0.362065 0.064187 0.098641
1 0.586820 0.447337 0.054203 0.100000
1 0.583859 0.563424 0.068969 0.105163
1 0.275297 0.810340 0.080469 0.134266
1 0.302070 0.659389 0.074172 0.118614
1 0.297773 0.514185 0.059172 0.120543
3 0.319547 0.314769 0.066969 0.119755
3 0.275930 0.403587 0.065141 0.125815
3 0.233953 0.585666 0.073875 0.127310
3 0.226813 0.708342 0.077656 0.128696
3 0.352687 0.724293 0.079219 0.121033
3 0.424148 0.836168 0.074078 0.136522
3 0.508539 0.816875 0.082734 0.118750
3 0.539156 0.520122 0.051875 0.127310
3 0.481109 0.492908 0.072969 0.088098
3 0.478047 0.397554 0.072344 0.086793
3 0.405977 0.244443 0.074016 0.083397
