3 0.313310 0.279810 0.055661 0.099176
4 0.512190 0.186574 0.061807 0.086574
3 0.366542 0.219787 0.049302 0.086870
4 0.420961 0.199704 0.048318 0.101815
0 0.135081 0.244713 0.046370 0.072185
0 0.197500 0.291338 0.053156 0.085917
0 0.226284 0.219500 0.055286 0.083796
0 0.312062 0.194023 0.065000 0.081602
1 0.218180 0.385102 0.043745 0.079944
1 0.150323 0.312278 0.041792 0.072630
0 0.195451 0.140236 0.049286 0.058361
0 0.242753 0.150519 0.042526 0.068722
1 0.176016 0.209671 0.043490 0.082472
3 0.286336 0.106463 0.051224 0.069185
3 0.344969 0.100644 0.057990 0.071769
1 0.249062 0.295958 0.044479 0.081657
4 0.227518 0.072185 0.056411 0.084426
3 0.433836 0.975940 0.066411 0.048120
3 0.486714 0.600792 0.071521 0.115120
3 0.820148 0.955875 0.084255 0.075120
1 0.227669 0.939120 0.076099 0.121759
4 0.274273 0.611653 0.062828 0.101380
0 0.186997 0.365269 0.044870 0.087500
3 0.193768 0.488787 0.053151 0.110259
1 0.413893 0.520593 0.048141 0.083907
1 0.376576 0.496713 0.058891 0.088611
1 0.412307 0.416005 0.067469 0.111324
2 0.406664 0.311037 0.057630 0.105315
2 0.172313 0.577778 0.053354 0.096259
2 0.165453 0.431903 0.055813 0.102324
2 0.265615 0.381690 0.048396 0.077231
2 0.320273 0.464046 0.059745 0.095704
3 0.256419 0.470162 0.050516 0.086028
3 0.309310 0.554898 0.057630 0.089648
3 0.346310 0.316796 0.056224 0.088833
