0 0.504852 0.206997 0.064391 0.115136
0 0.413695 0.168030 0.064266 0.099918
0 0.445898 0.238764 0.058953 0.117690
0 0.480875 0.325924 0.067969 0.118859
0 0.606695 0.556943 0.055984 0.110571
0 0.614672 0.675924 0.060844 0.124293
0 0.382984 0.681793 0.071969 0.090326
0 0.379156 0.482052 0.065750 0.116386
0 0.289844 0.233057 0.057250 0.123560
2 0.461609 0.643777 0.060344 0.115380
2 0.559609 0.723899 0.060031 0.101332
2 0.495492 0.742038 0.049953 0.103967
2 0.428289 0.750734 0.053234 0.092880
2 0.331711 0.598981 0.056391 0.127038
2 0.512891 0.414701 0.053281 0.108043
2 0.359430 0.375557 0.050453 0.103995
4 0.241594 0.319416 0.061688 0.121168
4 0.205414 0.502351 0.068891 0.121766
4 0.335313 0.868234 0.049844 0.116576
4 0.396156 0.585448 0.067125 0.098016
4 0.322039 0.462840 0.050609 0.120516
4 0.417344 0.377092 0.062812 0.111250
1 0.350422 0.209986 0.058531 0.104049
1 0.540469 0.309647 0.051469 0.108370
1 0.583234 0.413139 0.057656 0.094375
1 0.556766 0.508927 0.044156 0.097582
1 0.559047 0.619361 0.056469 0.102799
1 0.257562 0.823804 0.047500 0.081902
1 0.283047 0.686033 0.061781 0.101848
1 0.277797 0.558533 0.057531 0.111087
3 0.302672 0.351196 0.060937 0.117174
3 0.262391 0.441209 0.062656 0.122092
3 0.225648 0.619117 0.068109 0.116603
3 0.218359 0.734878 0.071656 0.111603
3 0.329781 0.752120 0.072938 0.105000
3 0.397805 0.861277 0.064078 0.120109
3 0.474195 0.849484 0.071516 0.093207
3 0.511672 0.568682 0.048219 0.123179
3 0.456484 0.539891 0.066969 0.089565
3 0.455758 0.448967 0.067172 0.086141
3 0.385969 0.282391 0.069906 0.086467
