3 0.370518 0.345880 0.044776 0.079778
4 0.551328 0.268611 0.062302 0.091037
3 0.429055 0.311616 0.049297 0.086861
4 0.468557 0.283889 0.048312 0.101815
0 0.208964 0.344537 0.046375 0.072185
0 0.260401 0.383810 0.053156 0.085917
0 0.280156 0.298310 0.040594 0.083787
0 0.363594 0.275662 0.058958 0.066602
1 0.322029 0.394171 0.042526 0.073454
1 0.212354 0.400356 0.041792 0.072639
0 0.262919 0.241468 0.058953 0.058361
0 0.319049 0.247204 0.042526 0.068722
1 0.244177 0.299199 0.043490 0.082472
3 0.350549 0.205954 0.051224 0.069185
3 0.397703 0.201231 0.057990 0.071759
1 0.323469 0.319491 0.034792 0.068722
4 0.292987 0.176292 0.047359 0.068324
3 0.435802 0.966204 0.070344 0.067593
3 0.537646 0.660394 0.071521 0.115120
3 0.812073 0.928167 0.084042 0.087833
1 0.301539 0.951625 0.076099 0.096750
4 0.344125 0.683074 0.062823 0.101389
0 0.250854 0.457065 0.044865 0.087500
3 0.272286 0.567810 0.053146 0.103787
1 0.390755 0.545199 0.067271 0.092787
1 0.434018 0.568042 0.052859 0.073231
1 0.469883 0.510130 0.051755 0.100574
2 0.457430 0.383898 0.056401 0.088093
2 0.250214 0.653560 0.053354 0.096250
2 0.222018 0.505551 0.047755 0.077269
2 0.300760 0.451051 0.042333 0.089083
2 0.348872 0.493444 0.048891 0.080704
3 0.318617 0.543574 0.050516 0.094593
3 0.371906 0.620120 0.047938 0.091741
3 0.406299 0.404856 0.056224 0.088824
