4 0.569508 0.367378 0.082922 0.129375
0 0.346992 0.340761 0.088828 0.132174
0 0.315461 0.473859 0.079703 0.151848
0 0.362961 0.604864 0.088734 0.159239
0 0.417281 0.841644 0.083625 0.147418
0 0.737187 0.617228 0.074219 0.167772
0 0.645242 0.852758 0.080672 0.160734
0 0.577797 0.789253 0.077500 0.154158
0 0.512289 0.991060 0.087609 0.017880
0 0.429023 0.992731 0.084266 0.014538
3 0.492047 0.165421 0.084844 0.123288
3 0.417070 0.255149 0.087484 0.134647
3 0.478477 0.442351 0.072984 0.142255
3 0.447820 0.576984 0.077828 0.140380
3 0.620891 0.289062 0.078906 0.146114
3 0.666047 0.377880 0.084563 0.142283
3 0.729211 0.466196 0.084078 0.132446
3 0.515781 0.705720 0.089781 0.136223
3 0.500703 0.845679 0.080500 0.153696
3 0.347117 0.889524 0.082734 0.148071
3 0.347141 0.980313 0.086563 0.039375
4 0.594078 0.648315 0.080594 0.142989
4 0.670414 0.704389 0.083328 0.154049
4 0.695312 0.947201 0.091781 0.105598
4 0.342297 0.746997 0.086594 0.150136
4 0.548234 0.454851 0.088344 0.151549
2 0.588094 0.092799 0.086313 0.133913
2 0.568617 0.227541 0.083766 0.141277
2 0.399344 0.455693 0.085937 0.144266
2 0.453930 0.950177 0.087422 0.099647
2 0.598695 0.983804 0.083328 0.032391
2 0.253219 0.746984 0.090937 0.157826
1 0.236273 0.596821 0.093141 0.137554
1 0.257906 0.907065 0.094062 0.168261
1 0.560789 0.925829 0.080297 0.138071
1 0.497172 0.302378 0.081000 0.134918
1 0.653406 0.205530 0.080156 0.135190
1 0.674258 0.556372 0.066672 0.155299
1 0.606773 0.508655 0.074359 0.143125
1 0.527031 0.573573 0.087812 0.122092
2 0.426563 0.706495 0.089813 0.135272
