0 0.511969 0.218546 0.062875 0.123723
0 0.422828 0.174769 0.068125 0.098832
0 0.455414 0.247486 0.064516 0.122092
0 0.485453 0.327921 0.069625 0.124375
0 0.604148 0.553424 0.059609 0.116141
0 0.608406 0.666535 0.063281 0.127364
0 0.390727 0.665611 0.081203 0.093560
0 0.385320 0.476495 0.071766 0.121196
0 0.302523 0.232351 0.064141 0.130408
2 0.466437 0.639416 0.070688 0.132636
2 0.557188 0.714837 0.068750 0.128696
2 0.497359 0.726943 0.069875 0.132255
2 0.432781 0.746549 0.071094 0.120489
2 0.342531 0.588777 0.071438 0.134837
2 0.518508 0.420082 0.059391 0.128696
2 0.371461 0.371454 0.060141 0.114103
4 0.258477 0.314293 0.060672 0.127446
4 0.219430 0.490788 0.075016 0.128804
4 0.342375 0.850054 0.064281 0.131141
4 0.403133 0.579769 0.067453 0.104701
4 0.332937 0.456793 0.053594 0.125272
4 0.426586 0.378913 0.064922 0.122935
1 0.354234 0.202174 0.063594 0.104076
1 0.536813 0.316889 0.063156 0.132147
1 0.578172 0.415068 0.070969 0.128288
1 0.551164 0.506766 0.059578 0.115435
1 0.554164 0.610258 0.065516 0.108016
1 0.260656 0.799647 0.080469 0.134239
1 0.291039 0.671168 0.074172 0.132500
1 0.282242 0.544674 0.066047 0.120543
3 0.314914 0.349035 0.066953 0.119755
3 0.274602 0.434429 0.067203 0.125815
3 0.236164 0.606046 0.073859 0.127310
3 0.234391 0.714647 0.077656 0.128696
3 0.341609 0.739891 0.079219 0.121033
3 0.401242 0.839769 0.078172 0.133723
3 0.475539 0.829728 0.084141 0.118750
3 0.513484 0.561087 0.051875 0.127337
3 0.461016 0.535516 0.071375 0.098261
3 0.462203 0.447092 0.072344 0.100978
3 0.395734 0.287541 0.074031 0.083397
