0 0.515820 0.240611 0.062859 0.123723
0 0.425547 0.198995 0.068125 0.098859
0 0.456766 0.272296 0.064500 0.122092
0 0.490750 0.352514 0.069625 0.124375
0 0.611164 0.582174 0.058234 0.116141
0 0.617016 0.686630 0.063281 0.127337
0 0.393664 0.692024 0.081203 0.093560
0 0.389164 0.495408 0.071766 0.121196
0 0.307727 0.251658 0.064141 0.130380
2 0.475445 0.662432 0.072016 0.133397
2 0.564547 0.743804 0.068750 0.118043
2 0.503484 0.744266 0.069875 0.132283
2 0.440609 0.765217 0.066281 0.121739
2 0.353984 0.611427 0.071438 0.134864
2 0.526211 0.437038 0.059391 0.128696
2 0.376211 0.388601 0.060141 0.114103
4 0.258250 0.339511 0.060656 0.127446
4 0.220781 0.510870 0.075000 0.128804
4 0.346906 0.878804 0.064281 0.131141
4 0.410156 0.597704 0.067437 0.104701
4 0.337016 0.476087 0.053594 0.125272
4 0.428625 0.400992 0.064906 0.122908
1 0.366812 0.222269 0.063594 0.104103
1 0.547922 0.340530 0.063156 0.132147
1 0.599242 0.432011 0.070953 0.128315
1 0.580211 0.521821 0.059578 0.115435
1 0.567078 0.627595 0.065531 0.108016
1 0.274031 0.834715 0.080469 0.134266
1 0.302187 0.693166 0.074187 0.132473
1 0.301547 0.573859 0.066031 0.120543
3 0.319805 0.370910 0.066953 0.119755
3 0.277461 0.455924 0.067203 0.125815
3 0.240469 0.630068 0.073875 0.127310
3 0.234016 0.730788 0.075688 0.128696
3 0.345906 0.759592 0.079219 0.121033
3 0.407141 0.866943 0.078156 0.133723
3 0.482250 0.855679 0.078750 0.110380
3 0.520734 0.584334 0.051875 0.127310
3 0.466336 0.559144 0.068203 0.102201
3 0.466062 0.469552 0.072344 0.100951
3 0.400281 0.306929 0.074031 0.083370
