0 0.507211 0.225639 0.062859 0.123723
0 0.421469 0.179497 0.068125 0.098832
0 0.452016 0.251033 0.064500 0.122120
0 0.483953 0.330068 0.069625 0.124375
0 0.600969 0.560897 0.058219 0.116141
0 0.609547 0.668899 0.063281 0.127364
0 0.385023 0.671073 0.081203 0.093560
0 0.384867 0.478071 0.071766 0.121196
0 0.300258 0.241019 0.064141 0.130408
2 0.471492 0.647812 0.072016 0.133397
2 0.559562 0.723913 0.068750 0.118043
2 0.496688 0.731861 0.069875 0.132255
2 0.437813 0.749253 0.064187 0.120571
2 0.342391 0.599334 0.071438 0.134864
2 0.518117 0.429891 0.059391 0.128696
2 0.369172 0.379565 0.060125 0.114130
4 0.253680 0.325652 0.060672 0.127446
4 0.216031 0.496359 0.075000 0.128804
4 0.339422 0.856359 0.064281 0.131141
4 0.404289 0.585177 0.067453 0.104701
4 0.330797 0.464443 0.053594 0.125299
4 0.422219 0.383764 0.064906 0.122908
1 0.361625 0.220829 0.063594 0.104103
1 0.549734 0.333438 0.063156 0.132147
1 0.592445 0.428465 0.070953 0.128288
1 0.571852 0.513859 0.059578 0.115435
1 0.561539 0.619837 0.065516 0.107989
1 0.265047 0.822106 0.080469 0.134266
1 0.294227 0.684878 0.074172 0.132473
1 0.286602 0.556739 0.066047 0.120543
3 0.311242 0.354008 0.066953 0.119755
3 0.272156 0.439375 0.067219 0.125815
3 0.233891 0.607215 0.073875 0.127310
3 0.229258 0.717799 0.075672 0.128696
3 0.339625 0.743342 0.079219 0.121033
3 0.399438 0.841726 0.078156 0.133723
3 0.477148 0.834212 0.078766 0.110380
3 0.511906 0.569361 0.051875 0.127310
3 0.458906 0.543438 0.068219 0.102201
3 0.461984 0.453601 0.072344 0.100951
3 0.394375 0.292283 0.074031 0.083370
