0 0.532352 0.212595 0.062859 0.137962
0 0.444578 0.168859 0.068125 0.098859
0 0.471727 0.243940 0.064516 0.122120
0 0.509109 0.332418 0.069625 0.124402
0 0.631109 0.564443 0.059625 0.116114
0 0.638094 0.685842 0.063281 0.127337
0 0.407258 0.683750 0.081203 0.093587
0 0.406836 0.482418 0.071766 0.121196
0 0.317930 0.226848 0.064141 0.130380
2 0.493977 0.648274 0.070016 0.132255
2 0.590719 0.733750 0.068750 0.128696
2 0.526594 0.747812 0.069875 0.132255
2 0.457703 0.759552 0.071094 0.120462
2 0.366563 0.602568 0.071437 0.134864
2 0.546367 0.422446 0.059391 0.128696
2 0.388781 0.373804 0.056719 0.112935
4 0.270437 0.313519 0.064812 0.127473
4 0.230305 0.493152 0.075016 0.128804
4 0.363891 0.868179 0.064281 0.131141
4 0.426469 0.584117 0.067437 0.104701
4 0.351289 0.463098 0.053609 0.125272
4 0.446297 0.378533 0.064906 0.122935
1 0.386859 0.200992 0.063594 0.104103
1 0.581906 0.320421 0.063156 0.132147
1 0.603313 0.421372 0.070969 0.128288
1 0.590352 0.526467 0.059578 0.115435
1 0.584359 0.629878 0.067656 0.105788
1 0.297812 0.825272 0.080469 0.134239
1 0.314648 0.692364 0.074172 0.132500
1 0.306305 0.561467 0.066047 0.120543
3 0.328641 0.347853 0.066969 0.119783
3 0.291047 0.435842 0.067219 0.125815
3 0.247938 0.620611 0.073875 0.127310
3 0.244578 0.733152 0.077656 0.128696
3 0.356781 0.753682 0.079219 0.121005
3 0.420281 0.862228 0.078156 0.133696
3 0.501594 0.851005 0.084125 0.118750
3 0.539094 0.572908 0.051875 0.127337
3 0.481969 0.540842 0.072969 0.096304
3 0.484406 0.451821 0.072344 0.100978
3 0.414219 0.283288 0.074031 0.083370
