0 0.498375 0.214389 0.062875 0.137962
0 0.409578 0.175353 0.068125 0.098859
0 0.442156 0.245122 0.064500 0.122092
0 0.476484 0.324742 0.069625 0.124375
0 0.596898 0.563261 0.059609 0.116141
0 0.603078 0.672446 0.063281 0.127337
0 0.374469 0.678723 0.081187 0.093587
0 0.373875 0.482418 0.071750 0.121196
0 0.284961 0.228016 0.064141 0.130380
2 0.455234 0.642948 0.070031 0.132255
2 0.553672 0.726073 0.068750 0.128668
2 0.494812 0.742500 0.069875 0.132283
2 0.427180 0.754633 0.071078 0.120462
2 0.327641 0.605217 0.071438 0.134837
2 0.511195 0.422147 0.059391 0.128696
2 0.358531 0.372636 0.056719 0.112935
4 0.237141 0.320611 0.064812 0.127473
4 0.199375 0.504375 0.075000 0.128804
4 0.330922 0.865815 0.064281 0.131141
4 0.392484 0.582921 0.067437 0.104701
4 0.316289 0.465462 0.053609 0.125272
4 0.413672 0.380897 0.064906 0.122935
1 0.352875 0.205122 0.063594 0.104103
1 0.542656 0.318057 0.063156 0.132147
1 0.574430 0.421671 0.070953 0.128288
1 0.556883 0.507853 0.059578 0.115435
1 0.548344 0.623383 0.067656 0.105788
1 0.269266 0.821726 0.080469 0.134266
1 0.288258 0.692568 0.074172 0.132473
1 0.277078 0.565000 0.066031 0.120543
3 0.297203 0.351698 0.066969 0.119755
3 0.256219 0.439375 0.067219 0.125815
3 0.220414 0.614117 0.073859 0.127310
3 0.216031 0.728424 0.077656 0.128696
3 0.328234 0.752500 0.079219 0.121033
3 0.393773 0.859266 0.078172 0.133696
3 0.468289 0.847446 0.084141 0.118750
3 0.504594 0.570543 0.051875 0.127337
3 0.450031 0.540245 0.072969 0.096304
3 0.449406 0.453003 0.072344 0.100951
3 0.382281 0.283872 0.074031 0.083397
