4 0.521148 0.256005 0.076047 0.107554
0 0.315734 0.272364 0.086281 0.128804
0 0.294742 0.386155 0.076953 0.138832
0 0.342891 0.490938 0.082656 0.140897
0 0.401125 0.690693 0.075406 0.128505
0 0.686320 0.449796 0.068172 0.147310
0 0.613672 0.668098 0.076531 0.150761
0 0.547625 0.615258 0.074219 0.139973
0 0.502648 0.921318 0.087609 0.157364
0 0.414773 0.938342 0.084266 0.123315
3 0.441953 0.106427 0.077094 0.108886
3 0.375258 0.191318 0.077109 0.120353
3 0.435937 0.333329 0.072969 0.128016
3 0.416578 0.451793 0.072219 0.127337
3 0.559016 0.176590 0.074875 0.133234
3 0.603156 0.253913 0.078563 0.127446
3 0.670656 0.326128 0.075125 0.121821
3 0.480453 0.552813 0.082406 0.124321
3 0.478016 0.681902 0.077000 0.148098
3 0.338109 0.748451 0.076000 0.133478
3 0.344688 0.883220 0.086563 0.138940
4 0.559148 0.493098 0.069922 0.122065
4 0.629352 0.538342 0.077641 0.146902
4 0.669156 0.779443 0.087656 0.158342
4 0.328273 0.618696 0.080453 0.144293
4 0.501352 0.319728 0.075391 0.127228
2 0.522336 0.040815 0.077016 0.074511
2 0.510461 0.144796 0.072266 0.134212
2 0.368352 0.363668 0.079766 0.142446
2 0.441422 0.815571 0.087438 0.153370
2 0.579008 0.872514 0.083328 0.164647
2 0.244680 0.632418 0.085984 0.140217
1 0.226773 0.501644 0.083891 0.118940
1 0.258172 0.772812 0.089188 0.161223
1 0.541172 0.748601 0.072063 0.143179
1 0.448937 0.210707 0.076906 0.118043
1 0.586094 0.115014 0.072219 0.118560
1 0.619688 0.405557 0.060969 0.142582
1 0.559281 0.374905 0.074344 0.136114
1 0.490562 0.437622 0.078906 0.103614
2 0.402953 0.569334 0.078125 0.121386
