0 0.500156 0.234266 0.061250 0.109511
0 0.411883 0.197024 0.060141 0.092364
0 0.443078 0.265095 0.058344 0.112201
0 0.476562 0.347989 0.063594 0.113859
0 0.596633 0.570788 0.051859 0.104620
0 0.603258 0.683601 0.058172 0.116440
0 0.380922 0.689592 0.070344 0.083587
0 0.378828 0.497853 0.064062 0.111141
0 0.293281 0.261019 0.054375 0.115462
2 0.457445 0.648546 0.060016 0.101495
2 0.550242 0.725666 0.064547 0.095136
2 0.489234 0.741101 0.051813 0.093832
2 0.425023 0.760679 0.058516 0.093859
2 0.335000 0.607554 0.052813 0.118370
2 0.508391 0.435353 0.055531 0.103261
2 0.359305 0.394035 0.050953 0.093995
4 0.245000 0.341793 0.058125 0.112880
4 0.210672 0.517337 0.067281 0.116957
4 0.333734 0.870897 0.049844 0.116576
4 0.395641 0.600054 0.064094 0.090109
4 0.323602 0.478274 0.049234 0.115734
4 0.416094 0.396766 0.062812 0.106250
1 0.348117 0.232636 0.057328 0.101359
1 0.534453 0.331277 0.052500 0.105978
1 0.574922 0.431617 0.059531 0.084375
1 0.546328 0.516101 0.047031 0.088451
1 0.547797 0.623709 0.055469 0.094973
1 0.261414 0.822106 0.052547 0.077690
1 0.286758 0.694226 0.058984 0.100679
1 0.277672 0.562745 0.055281 0.110489
3 0.306250 0.374552 0.060937 0.114810
3 0.266250 0.460543 0.060937 0.116413
3 0.229813 0.627269 0.064938 0.113940
3 0.224969 0.738709 0.068688 0.106277
3 0.331398 0.760000 0.070953 0.104348
3 0.394555 0.863261 0.063078 0.114674
3 0.471039 0.853451 0.071516 0.093207
3 0.504633 0.579810 0.047297 0.115870
3 0.453031 0.552921 0.063562 0.084375
3 0.452063 0.467296 0.064938 0.081223
3 0.385391 0.308437 0.067813 0.079592
