3 0.334034 0.347218 0.044776 0.079787
4 0.535734 0.255639 0.061813 0.086574
3 0.400372 0.303565 0.049297 0.086870
4 0.453964 0.272708 0.048312 0.101824
0 0.180448 0.326046 0.046375 0.072185
0 0.235995 0.351602 0.053156 0.085907
0 0.268133 0.282921 0.055193 0.083787
0 0.326154 0.270292 0.058953 0.066602
1 0.272716 0.440690 0.042526 0.073454
1 0.186865 0.383894 0.041792 0.072639
0 0.231719 0.220894 0.058958 0.058361
0 0.288857 0.236468 0.042526 0.068731
1 0.216836 0.288759 0.043495 0.082481
3 0.321023 0.185083 0.051224 0.069185
3 0.375901 0.173199 0.057990 0.071769
1 0.281997 0.368537 0.034797 0.068722
4 0.268159 0.159894 0.047359 0.068324
3 0.435198 0.969199 0.069135 0.061602
3 0.517516 0.656819 0.071521 0.115120
3 0.814557 0.936690 0.084104 0.083917
1 0.267609 0.955713 0.076094 0.088574
4 0.313729 0.668579 0.062823 0.101380
0 0.222589 0.436417 0.044865 0.087500
3 0.247128 0.564477 0.053151 0.103787
1 0.363076 0.528167 0.048141 0.083907
1 0.404833 0.560884 0.052854 0.073231
1 0.452773 0.481500 0.051755 0.100574
2 0.435539 0.380324 0.056401 0.088093
2 0.223242 0.639722 0.053359 0.096259
2 0.196138 0.489884 0.047755 0.077269
2 0.307805 0.458801 0.042339 0.089083
2 0.332771 0.487481 0.048885 0.080704
3 0.291779 0.517926 0.050516 0.094593
3 0.342721 0.599398 0.047932 0.091741
3 0.379125 0.404856 0.056219 0.088824
