0 0.527602 0.164524 0.062859 0.137962
0 0.433023 0.116209 0.068109 0.099973
0 0.468359 0.190122 0.061719 0.124538
0 0.501328 0.287554 0.066844 0.117174
0 0.633945 0.533696 0.059609 0.116141
0 0.640125 0.658845 0.063281 0.127364
0 0.397031 0.657704 0.078531 0.098234
0 0.393242 0.446957 0.071766 0.121196
0 0.300602 0.178967 0.064141 0.130380
2 0.482594 0.619008 0.070031 0.132255
2 0.582391 0.704198 0.068750 0.128668
2 0.518773 0.712948 0.069859 0.132255
2 0.448641 0.728628 0.071094 0.120462
2 0.351156 0.560584 0.071438 0.134864
2 0.538883 0.378709 0.059391 0.128668
2 0.376438 0.332636 0.056719 0.112935
4 0.246547 0.271345 0.064812 0.127473
4 0.207656 0.461630 0.075000 0.128804
4 0.347922 0.859293 0.064281 0.131141
4 0.412195 0.555340 0.067453 0.104701
4 0.333281 0.419185 0.053594 0.125272
4 0.435164 0.338342 0.073047 0.122935
1 0.366891 0.140856 0.063594 0.104103
1 0.568984 0.270788 0.063156 0.132120
1 0.611133 0.366997 0.070953 0.128288
1 0.581523 0.478587 0.059578 0.115435
1 0.580969 0.582609 0.067656 0.105815
1 0.268922 0.786848 0.080469 0.134239
1 0.290070 0.650598 0.074172 0.132500
1 0.289484 0.517120 0.066031 0.120543
3 0.313008 0.304715 0.066953 0.119755
3 0.269188 0.399783 0.067219 0.125815
3 0.228906 0.584579 0.073875 0.127310
3 0.222828 0.707745 0.077656 0.128696
3 0.342844 0.735353 0.079219 0.121033
3 0.412484 0.847446 0.076094 0.133696
3 0.492055 0.833261 0.082734 0.118750
3 0.532844 0.543750 0.051875 0.127337
3 0.475734 0.511481 0.072969 0.096277
3 0.476141 0.418927 0.072344 0.100951
3 0.401648 0.233057 0.074016 0.083397
