0 0.551391 0.164144 0.062875 0.137962
0 0.452734 0.107908 0.068125 0.094076
0 0.487047 0.197785 0.061719 0.124538
0 0.521719 0.285204 0.066844 0.117201
0 0.661977 0.554688 0.059609 0.116114
0 0.665266 0.676875 0.063281 0.127337
0 0.411672 0.678356 0.080625 0.101712
0 0.411594 0.454647 0.071750 0.121196
0 0.313141 0.177799 0.061375 0.130380
2 0.499797 0.650625 0.070781 0.132228
2 0.604648 0.741630 0.068734 0.128696
2 0.535422 0.753139 0.069875 0.132255
2 0.464047 0.771753 0.071094 0.120462
2 0.359758 0.588370 0.071422 0.134837
2 0.561492 0.400000 0.059391 0.128696
2 0.390141 0.338342 0.056719 0.112935
4 0.260250 0.269171 0.064813 0.127473
4 0.215687 0.470109 0.075000 0.128804
4 0.355734 0.887663 0.062250 0.131141
4 0.427828 0.575231 0.067437 0.104701
4 0.347211 0.430598 0.053609 0.125272
4 0.455789 0.344266 0.073047 0.108696
1 0.380391 0.143655 0.063594 0.104103
1 0.590062 0.289715 0.063156 0.132147
1 0.630336 0.394484 0.070953 0.128315
1 0.603273 0.500462 0.059578 0.115435
1 0.605750 0.620190 0.068969 0.118859
1 0.279797 0.844185 0.080469 0.134239
1 0.297430 0.698465 0.074172 0.132473
1 0.297812 0.532500 0.066031 0.120543
3 0.326937 0.306495 0.066969 0.119783
3 0.281195 0.406304 0.067203 0.125815
3 0.235359 0.596970 0.073875 0.127310
3 0.228609 0.728437 0.077656 0.128723
3 0.355078 0.760177 0.079219 0.121005
3 0.423695 0.879361 0.076078 0.133723
3 0.511430 0.868139 0.082734 0.118777
3 0.555047 0.562269 0.051875 0.127310
3 0.495562 0.531970 0.072969 0.096277
3 0.495625 0.430530 0.072344 0.100951
3 0.417961 0.238954 0.074016 0.083397
