0 0.457141 0.213791 0.062875 0.137962
0 0.368680 0.166889 0.068109 0.098832
0 0.400359 0.239606 0.064500 0.122092
0 0.435516 0.322649 0.069625 0.124375
0 0.552953 0.551440 0.059625 0.116141
0 0.563094 0.660625 0.063281 0.127337
0 0.334438 0.673791 0.081188 0.093560
0 0.335164 0.473505 0.071766 0.121196
0 0.244617 0.234592 0.064141 0.130380
2 0.418594 0.644715 0.070031 0.132255
2 0.509938 0.713995 0.068750 0.128696
2 0.454484 0.728261 0.069875 0.132283
2 0.385758 0.750489 0.071078 0.120489
2 0.293828 0.594293 0.071438 0.134837
2 0.470930 0.415027 0.059391 0.128696
2 0.320641 0.368641 0.056719 0.112935
4 0.198297 0.317405 0.064813 0.127473
4 0.163391 0.491984 0.075000 0.128804
4 0.287547 0.855163 0.064281 0.131141
4 0.357195 0.577568 0.067453 0.104701
4 0.277766 0.457609 0.053594 0.125272
4 0.371531 0.373016 0.064906 0.122935
1 0.307563 0.202174 0.063594 0.104076
1 0.501391 0.311399 0.063156 0.132147
1 0.540727 0.413641 0.070953 0.128315
1 0.524664 0.506386 0.059578 0.115435
1 0.513969 0.614592 0.065531 0.107989
1 0.228484 0.811481 0.080469 0.134266
1 0.238523 0.678179 0.074172 0.132500
1 0.231539 0.549647 0.066047 0.120543
3 0.262297 0.346128 0.066969 0.119755
3 0.223672 0.431630 0.067219 0.125815
3 0.181109 0.608804 0.073875 0.127337
3 0.174797 0.722527 0.077656 0.128696
3 0.283188 0.745584 0.079219 0.121005
3 0.347555 0.844497 0.078172 0.133723
3 0.427961 0.832880 0.084141 0.118750
3 0.465687 0.562269 0.051875 0.127310
3 0.410156 0.532160 0.072969 0.096277
3 0.408969 0.442364 0.072344 0.100978
3 0.336570 0.278859 0.074016 0.083370
