0 0.540516 0.235883 0.062875 0.123723
0 0.453641 0.194198 0.068125 0.098832
0 0.487883 0.264293 0.064516 0.122120
0 0.516359 0.345951 0.069625 0.124402
0 0.637687 0.573614 0.059625 0.116141
0 0.642172 0.686046 0.063281 0.127364
0 0.424250 0.684932 0.081188 0.093560
0 0.420266 0.493043 0.071750 0.121196
0 0.334398 0.251005 0.064141 0.130380
2 0.496898 0.654402 0.072016 0.133370
2 0.584906 0.734090 0.068750 0.118071
2 0.531930 0.745530 0.069859 0.132255
2 0.464859 0.755258 0.066281 0.121766
2 0.371984 0.602568 0.071438 0.134864
2 0.547164 0.433478 0.059391 0.128696
2 0.401539 0.387106 0.060141 0.114103
4 0.286953 0.331508 0.060656 0.127473
4 0.253703 0.503125 0.075000 0.128804
4 0.372297 0.869348 0.064281 0.131141
4 0.437172 0.596807 0.067438 0.104701
4 0.367602 0.474321 0.053609 0.125272
4 0.457516 0.395965 0.064906 0.122908
1 0.387250 0.219226 0.063594 0.104103
1 0.571031 0.330394 0.063156 0.132147
1 0.610797 0.433641 0.070969 0.128315
1 0.585336 0.522935 0.059578 0.115435
1 0.584602 0.632120 0.065516 0.107989
1 0.295438 0.821522 0.080469 0.134239
1 0.320195 0.687840 0.074172 0.132473
1 0.319555 0.566196 0.066047 0.120543
3 0.347445 0.364144 0.066953 0.119755
3 0.306609 0.448967 0.067219 0.125815
3 0.269500 0.619103 0.073875 0.127337
3 0.266062 0.727120 0.077438 0.128696
3 0.372078 0.755747 0.079219 0.121005
3 0.430039 0.863614 0.078172 0.133696
3 0.507734 0.849769 0.078750 0.110353
3 0.545547 0.581372 0.051875 0.127310
3 0.493352 0.553234 0.068203 0.102174
3 0.494781 0.464823 0.072344 0.100951
3 0.428828 0.302201 0.074031 0.083370
