0 0.523031 0.227935 0.063625 0.109511
0 0.435789 0.191332 0.068109 0.094076
0 0.469750 0.257731 0.061719 0.124538
0 0.502539 0.334117 0.062453 0.106277
0 0.620547 0.557758 0.059625 0.116114
0 0.631875 0.663818 0.063281 0.127364
0 0.405828 0.665883 0.080625 0.101712
0 0.401727 0.470299 0.071766 0.121196
0 0.318023 0.245435 0.061359 0.120924
2 0.484766 0.637378 0.070781 0.132255
2 0.574719 0.706821 0.068750 0.128696
2 0.517953 0.712514 0.069875 0.132255
2 0.451578 0.739946 0.071094 0.120489
2 0.358141 0.584198 0.071438 0.134864
2 0.530609 0.425489 0.058719 0.128696
2 0.385313 0.372310 0.056719 0.112935
4 0.272328 0.330149 0.064812 0.127473
4 0.236313 0.496019 0.075000 0.131114
4 0.356367 0.850217 0.062234 0.145870
4 0.421852 0.576386 0.069422 0.095109
4 0.352344 0.463016 0.053594 0.125272
4 0.442461 0.376848 0.073047 0.108696
1 0.379125 0.224008 0.063594 0.104103
1 0.553750 0.324402 0.063156 0.132228
1 0.600125 0.410530 0.070969 0.128288
1 0.575789 0.487038 0.059578 0.115435
1 0.573617 0.600639 0.068953 0.118886
1 0.285828 0.808791 0.080469 0.134266
1 0.304164 0.662242 0.074172 0.132473
1 0.302195 0.532853 0.066047 0.120543
3 0.330602 0.354389 0.066953 0.119755
3 0.290570 0.439130 0.067203 0.125815
3 0.251422 0.602935 0.073875 0.127337
3 0.242531 0.718505 0.077656 0.128696
3 0.356594 0.738505 0.079219 0.121033
3 0.417602 0.843546 0.076078 0.136549
3 0.494617 0.827364 0.082734 0.118750
3 0.529156 0.556508 0.051875 0.127310
3 0.479391 0.532405 0.072969 0.096277
3 0.476000 0.442242 0.072344 0.100951
3 0.410766 0.291671 0.074031 0.083397
