0 0.310281 0.245190 0.080875 0.128804
0 0.288969 0.360734 0.071531 0.131739
0 0.335047 0.460598 0.077844 0.140924
0 0.395914 0.646168 0.074516 0.127663
0 0.666914 0.413804 0.065391 0.136793
0 0.599250 0.620856 0.074188 0.140190
0 0.535875 0.572296 0.069188 0.127364
0 0.490109 0.877853 0.080219 0.155598
0 0.407297 0.905530 0.081562 0.147527
3 0.429047 0.088709 0.077094 0.108886
3 0.367102 0.167677 0.077109 0.120353
3 0.424953 0.303573 0.062781 0.129158
3 0.409438 0.417459 0.068812 0.122527
3 0.546039 0.151644 0.074859 0.133234
3 0.589844 0.226168 0.076313 0.128533
3 0.650953 0.291861 0.071063 0.121821
3 0.474375 0.517867 0.077000 0.124321
3 0.467148 0.642500 0.077016 0.129185
3 0.334031 0.697595 0.076000 0.128832
3 0.337891 0.832418 0.086562 0.134185
4 0.545219 0.456440 0.069906 0.122065
4 0.612383 0.498166 0.072922 0.128016
4 0.652406 0.728913 0.084969 0.147772
4 0.322883 0.578723 0.078734 0.134783
4 0.489117 0.291359 0.075391 0.127228
4 0.505508 0.231182 0.076047 0.107527
2 0.508742 0.031345 0.077016 0.062690
2 0.498227 0.122337 0.072266 0.134185
2 0.361891 0.327052 0.076375 0.133071
2 0.435313 0.771209 0.082000 0.134375
2 0.568773 0.817758 0.077828 0.152853
2 0.241320 0.589864 0.080484 0.140217
1 0.221680 0.476821 0.080484 0.118967
1 0.253039 0.733274 0.080422 0.148342
1 0.528531 0.703098 0.072063 0.134946
1 0.440805 0.192989 0.072859 0.118043
1 0.568047 0.088016 0.072219 0.110163
1 0.605414 0.368329 0.060984 0.134321
1 0.547719 0.346562 0.064812 0.128940
1 0.480375 0.403329 0.078906 0.103614
2 0.395469 0.530340 0.078125 0.121386
