0 0.504289 0.214063 0.064391 0.113560
0 0.413227 0.173954 0.063328 0.096060
0 0.445445 0.244239 0.059203 0.113750
0 0.478461 0.330068 0.064141 0.114484
0 0.602500 0.557908 0.055625 0.108641
0 0.611508 0.675774 0.061266 0.122636
0 0.382820 0.677989 0.071641 0.088804
0 0.379141 0.484062 0.064281 0.115625
0 0.291758 0.239973 0.054734 0.119239
2 0.461219 0.643397 0.059375 0.111196
2 0.557148 0.719334 0.062328 0.092201
2 0.493711 0.737921 0.052422 0.112092
2 0.427172 0.748764 0.055906 0.094158
2 0.334586 0.600625 0.053266 0.124728
2 0.511516 0.419511 0.052750 0.103859
2 0.358797 0.377976 0.049313 0.101821
4 0.245125 0.325543 0.059656 0.119185
4 0.207453 0.501943 0.068875 0.121766
4 0.334750 0.867255 0.049844 0.116576
4 0.396648 0.585421 0.065266 0.091984
4 0.322617 0.463533 0.049453 0.119130
4 0.417344 0.380571 0.062812 0.106848
1 0.349742 0.215122 0.058516 0.101712
1 0.538195 0.313410 0.052359 0.106277
1 0.581414 0.415842 0.060422 0.092772
1 0.553906 0.508804 0.043906 0.094783
1 0.555453 0.618655 0.053437 0.093560
1 0.260516 0.817894 0.047500 0.081929
1 0.285641 0.686128 0.062812 0.099755
1 0.277742 0.560367 0.056547 0.110842
3 0.304719 0.355312 0.060937 0.112745
3 0.265227 0.442228 0.063328 0.118478
3 0.227680 0.615584 0.068109 0.116603
3 0.221992 0.729715 0.070734 0.106929
3 0.331469 0.752405 0.070656 0.104429
3 0.397141 0.857364 0.063187 0.120109
3 0.474430 0.843967 0.071516 0.093207
3 0.510406 0.567989 0.047406 0.119620
3 0.454844 0.540625 0.066750 0.087337
3 0.454812 0.452283 0.067156 0.084565
3 0.385734 0.289049 0.068062 0.083207
