0 0.317750 0.245190 0.080875 0.128804
0 0.296219 0.360734 0.071531 0.131739
0 0.342187 0.460598 0.077844 0.140924
0 0.403172 0.639837 0.072719 0.126033
0 0.673711 0.411440 0.065391 0.136793
0 0.605219 0.620272 0.071844 0.140217
0 0.543250 0.572092 0.066688 0.124565
0 0.498266 0.875489 0.080219 0.155598
0 0.416812 0.903166 0.081563 0.147527
3 0.435844 0.092255 0.077094 0.108859
3 0.375937 0.162948 0.077125 0.120353
3 0.434234 0.305543 0.062781 0.129130
3 0.418273 0.417459 0.068797 0.122527
3 0.550180 0.149389 0.074859 0.133234
3 0.597055 0.223804 0.075797 0.128533
3 0.658430 0.293628 0.071078 0.121821
3 0.481687 0.515774 0.076438 0.124321
3 0.473250 0.640516 0.070219 0.126793
3 0.342187 0.696399 0.076000 0.128832
3 0.347187 0.827690 0.086563 0.134185
4 0.551336 0.457038 0.069922 0.122065
4 0.618836 0.496997 0.072922 0.128016
4 0.659320 0.727554 0.080891 0.145380
4 0.330516 0.575217 0.077000 0.125272
4 0.497055 0.286630 0.075391 0.127228
4 0.511633 0.230000 0.076047 0.107554
2 0.513500 0.031345 0.077000 0.062690
2 0.504352 0.121753 0.072266 0.134212
2 0.367328 0.332976 0.076375 0.133071
2 0.442109 0.765285 0.082000 0.134375
2 0.576250 0.815734 0.077813 0.145652
2 0.250156 0.594592 0.080469 0.140217
1 0.231875 0.470910 0.080469 0.118940
1 0.263234 0.732106 0.080438 0.148342
1 0.534062 0.698370 0.068594 0.134946
1 0.446914 0.194171 0.072859 0.118071
1 0.573188 0.087174 0.072219 0.110163
1 0.612203 0.367133 0.060969 0.134321
1 0.553156 0.346562 0.064813 0.128940
1 0.488203 0.403329 0.076844 0.103614
2 0.403328 0.530367 0.076156 0.116712
