0 0.520750 0.223261 0.063625 0.109511
0 0.436422 0.188288 0.068125 0.094076
0 0.463352 0.256753 0.061703 0.124538
0 0.495258 0.326685 0.066078 0.103152
0 0.613836 0.525245 0.059609 0.116141
0 0.623812 0.635611 0.063281 0.127364
0 0.404453 0.635367 0.080625 0.101712
0 0.399641 0.456196 0.071750 0.121196
0 0.320758 0.238057 0.061359 0.120951
2 0.482641 0.607269 0.070781 0.132255
2 0.572281 0.684552 0.068750 0.128668
2 0.515625 0.688560 0.069875 0.132283
2 0.451070 0.705340 0.071078 0.120462
2 0.357641 0.560883 0.071438 0.134864
2 0.527766 0.408261 0.058719 0.128696
2 0.384688 0.358859 0.056719 0.112935
4 0.273844 0.316617 0.064812 0.127473
4 0.236508 0.466522 0.075016 0.131141
4 0.356578 0.819565 0.062250 0.145870
4 0.419328 0.551753 0.069437 0.095136
4 0.348906 0.436821 0.053594 0.125272
4 0.439758 0.365163 0.073047 0.108696
1 0.381406 0.210000 0.063594 0.104076
1 0.552344 0.305258 0.063156 0.133234
1 0.593461 0.397296 0.070953 0.128288
1 0.573758 0.471522 0.059578 0.115435
1 0.568453 0.578139 0.068969 0.118886
1 0.288375 0.770122 0.080469 0.134266
1 0.311695 0.631101 0.074172 0.132473
1 0.314461 0.523641 0.066047 0.120543
3 0.332125 0.341073 0.066969 0.119755
3 0.293250 0.414864 0.067219 0.125815
3 0.257109 0.570965 0.073875 0.127310
3 0.249234 0.682500 0.077656 0.128696
3 0.355750 0.698111 0.079219 0.121005
3 0.417055 0.805761 0.076078 0.136522
3 0.497477 0.788777 0.082734 0.118750
3 0.527531 0.533899 0.051875 0.127310
3 0.475938 0.509511 0.072969 0.096304
3 0.473031 0.426264 0.072344 0.100951
3 0.410562 0.287582 0.074031 0.083370
