3 0.348440 0.260440 0.062755 0.099176
4 0.537682 0.173259 0.061813 0.086574
3 0.413318 0.209361 0.049302 0.086870
4 0.460768 0.175014 0.048318 0.101824
0 0.185344 0.238630 0.046375 0.072185
0 0.246276 0.273986 0.053156 0.085917
0 0.272120 0.203162 0.055281 0.083787
0 0.345977 0.166370 0.065005 0.082333
1 0.386732 0.485523 0.043745 0.079935
1 0.197482 0.300991 0.041797 0.072630
0 0.240719 0.134829 0.049292 0.058361
0 0.287549 0.143449 0.042526 0.068731
1 0.228568 0.195000 0.043490 0.082481
3 0.325076 0.092759 0.051224 0.069185
3 0.381703 0.088384 0.057990 0.071769
1 0.292464 0.266384 0.044479 0.081657
4 0.270443 0.064111 0.056417 0.084426
3 0.474141 0.942972 0.065198 0.078704
3 0.525107 0.561023 0.071516 0.115120
3 0.844404 0.943657 0.084318 0.094167
1 0.227669 0.939120 0.076099 0.121759
4 0.321289 0.577356 0.062828 0.101380
0 0.237250 0.333611 0.044865 0.087500
3 0.464750 0.434616 0.053146 0.110269
1 0.497341 0.501653 0.048141 0.083898
1 0.465010 0.520819 0.055250 0.094769
1 0.493323 0.356884 0.067469 0.111324
2 0.439398 0.291963 0.057630 0.105315
2 0.261490 0.576167 0.053354 0.096259
2 0.220776 0.413250 0.055813 0.102315
2 0.284010 0.392032 0.048396 0.082287
2 0.409148 0.479093 0.059745 0.095704
3 0.328062 0.455653 0.050510 0.086028
3 0.447190 0.410074 0.057630 0.089648
3 0.396310 0.295014 0.056224 0.088824
