0 0.539352 0.088492 0.062859 0.137962
0 0.441328 0.046508 0.068125 0.091712
0 0.475453 0.115041 0.061719 0.124538
0 0.512445 0.206168 0.066828 0.117174
0 0.642891 0.458315 0.059625 0.116141
0 0.649078 0.583682 0.063281 0.127364
0 0.405938 0.581698 0.080625 0.101712
0 0.403438 0.366413 0.071750 0.121196
0 0.309063 0.095462 0.061375 0.130380
2 0.492250 0.551970 0.070031 0.132255
2 0.592078 0.640815 0.068750 0.128696
2 0.528031 0.650503 0.069875 0.132255
2 0.458945 0.673655 0.071078 0.120462
2 0.358063 0.490258 0.071438 0.134864
2 0.548852 0.314891 0.059391 0.128696
2 0.386641 0.252065 0.056719 0.112935
4 0.258117 0.192432 0.064828 0.127473
4 0.216812 0.378478 0.075000 0.128804
4 0.355156 0.781712 0.062250 0.131141
4 0.421906 0.484728 0.067438 0.104728
4 0.343320 0.347283 0.053609 0.125272
4 0.444164 0.264973 0.073047 0.108696
1 0.380203 0.080965 0.063594 0.104103
1 0.579719 0.202242 0.063156 0.132147
1 0.621352 0.311060 0.070953 0.128315
1 0.593961 0.410272 0.059578 0.115435
1 0.594219 0.529878 0.068969 0.118886
1 0.276750 0.734674 0.080469 0.134239
1 0.305070 0.595041 0.074172 0.132473
1 0.303227 0.456250 0.066047 0.120543
3 0.322523 0.225258 0.066953 0.119755
3 0.277797 0.319402 0.067219 0.125815
3 0.237836 0.503764 0.073859 0.127310
3 0.233125 0.622731 0.077656 0.128723
3 0.351141 0.651685 0.079219 0.121033
3 0.418375 0.770027 0.076094 0.133696
3 0.502930 0.755245 0.082734 0.118750
3 0.542188 0.462976 0.051875 0.127310
3 0.484688 0.438003 0.072969 0.096277
3 0.485094 0.338682 0.072344 0.100951
3 0.409469 0.159171 0.074031 0.083397
