0 0.527195 0.175611 0.062859 0.137962
0 0.430133 0.133641 0.068109 0.099946
0 0.464969 0.208437 0.061719 0.124538
0 0.499289 0.302921 0.066828 0.117201
0 0.629523 0.550842 0.059609 0.116141
0 0.636719 0.674226 0.063281 0.127364
0 0.393867 0.678777 0.080922 0.094022
0 0.393758 0.468234 0.071766 0.121196
0 0.298789 0.195707 0.064141 0.130380
2 0.478844 0.625584 0.070031 0.132255
2 0.581031 0.742921 0.068750 0.128668
2 0.521156 0.745693 0.069875 0.132255
2 0.445523 0.762310 0.071078 0.120489
2 0.344422 0.593777 0.071438 0.134837
2 0.538211 0.398342 0.059391 0.128696
2 0.372766 0.354647 0.056719 0.112935
4 0.245188 0.286522 0.064812 0.127446
4 0.208562 0.476793 0.075000 0.128804
4 0.343500 0.885027 0.064281 0.131141
4 0.409648 0.578492 0.067453 0.104701
4 0.332828 0.443804 0.053594 0.125272
4 0.431555 0.352351 0.073047 0.122908
1 0.368594 0.141454 0.063594 0.104103
1 0.568406 0.288764 0.063156 0.132147
1 0.613234 0.393859 0.070969 0.128315
1 0.579070 0.479973 0.059578 0.115435
1 0.582195 0.615842 0.067641 0.105815
1 0.272172 0.784524 0.080469 0.134266
1 0.289953 0.681617 0.074187 0.132473
1 0.287547 0.545380 0.066031 0.120543
3 0.313570 0.321644 0.066953 0.119755
3 0.267945 0.413832 0.067203 0.125815
3 0.229922 0.609008 0.073875 0.127310
3 0.221063 0.733505 0.077656 0.128696
3 0.342000 0.760177 0.079219 0.121005
3 0.407898 0.868125 0.076078 0.133696
3 0.491727 0.858098 0.082734 0.118750
3 0.531781 0.560204 0.051875 0.127310
3 0.475344 0.531970 0.072969 0.096277
3 0.473375 0.438220 0.072344 0.100951
3 0.400063 0.254524 0.074031 0.083397
