3 0.310891 0.272074 0.055667 0.099167
4 0.515953 0.184657 0.061813 0.086574
3 0.366542 0.214412 0.049302 0.086861
4 0.425799 0.197556 0.048318 0.101815
0 0.145964 0.247398 0.046375 0.072185
0 0.209591 0.291954 0.053161 0.085907
0 0.238721 0.220116 0.055286 0.083787
0 0.320661 0.188292 0.065000 0.081602
1 0.217836 0.399227 0.043745 0.079935
1 0.162112 0.309051 0.041797 0.072639
0 0.207888 0.141458 0.049286 0.058361
0 0.254841 0.150519 0.042526 0.068722
1 0.188799 0.211514 0.043495 0.082472
3 0.285935 0.101444 0.051224 0.069185
3 0.345776 0.087032 0.057990 0.071769
1 0.261500 0.290431 0.044479 0.081657
4 0.238229 0.072185 0.056417 0.084426
3 0.433534 0.977440 0.065807 0.045120
3 0.490344 0.593273 0.071521 0.115120
3 0.821391 0.960134 0.084281 0.073157
1 0.227669 0.939120 0.076099 0.121759
4 0.282133 0.613801 0.062828 0.101380
0 0.199391 0.357750 0.044865 0.087500
3 0.253987 0.476750 0.053151 0.110259
1 0.432435 0.516384 0.048141 0.083898
1 0.376745 0.487505 0.061302 0.094769
1 0.422786 0.413856 0.067469 0.111324
2 0.413315 0.308889 0.057630 0.105315
2 0.218667 0.631519 0.053354 0.096259
2 0.182688 0.428681 0.055812 0.102324
2 0.271833 0.378005 0.048396 0.077231
2 0.322086 0.454375 0.059745 0.095694
3 0.272341 0.466940 0.050516 0.086028
3 0.315357 0.546296 0.057630 0.089648
3 0.346310 0.306046 0.056224 0.088833
