0 0.549305 0.110326 0.063609 0.109511
0 0.450430 0.064755 0.068109 0.094076
0 0.487258 0.144606 0.061703 0.124538
0 0.523586 0.228560 0.070859 0.127826
0 0.665555 0.471304 0.059609 0.116141
0 0.676406 0.597976 0.063281 0.127364
0 0.414969 0.597187 0.080625 0.101712
0 0.412906 0.385027 0.071750 0.121196
0 0.318172 0.126141 0.061375 0.120924
2 0.507453 0.565910 0.070781 0.132255
2 0.619766 0.652486 0.068750 0.128668
2 0.549016 0.662704 0.069875 0.132255
2 0.474336 0.683410 0.071078 0.120462
2 0.366844 0.504130 0.071438 0.134837
2 0.566164 0.324049 0.058703 0.128696
2 0.396359 0.262717 0.056719 0.112935
4 0.262578 0.211182 0.064812 0.127473
4 0.219430 0.405408 0.075016 0.131141
4 0.359938 0.811304 0.062250 0.145870
4 0.434906 0.497052 0.069437 0.095136
4 0.349516 0.349878 0.053594 0.125299
4 0.456125 0.276005 0.073062 0.108696
1 0.384484 0.092405 0.063594 0.104103
1 0.598219 0.224620 0.063156 0.133261
1 0.644641 0.321617 0.070969 0.128288
1 0.616008 0.413587 0.059578 0.115435
1 0.616453 0.534402 0.068969 0.118859
1 0.281516 0.762690 0.080469 0.134239
1 0.308625 0.596291 0.074187 0.132473
1 0.307242 0.461630 0.066047 0.120543
3 0.330547 0.241943 0.066969 0.119755
3 0.286578 0.339592 0.067219 0.125815
3 0.237125 0.520965 0.073875 0.127310
3 0.231250 0.647120 0.077656 0.128696
3 0.358781 0.675462 0.079219 0.121033
3 0.430008 0.800856 0.076078 0.136549
3 0.520742 0.783152 0.082734 0.118750
3 0.559328 0.480951 0.051875 0.127337
3 0.499812 0.443016 0.072969 0.096304
3 0.497156 0.348981 0.072344 0.100951
3 0.423734 0.173370 0.074031 0.083370
