3 0.370427 0.200259 0.057562 0.089074
4 0.550938 0.120796 0.061813 0.086574
3 0.430883 0.168116 0.049297 0.086861
4 0.466674 0.130824 0.048818 0.101815
0 0.206823 0.201972 0.046375 0.090667
0 0.258260 0.238056 0.053156 0.085907
0 0.290336 0.168264 0.055286 0.083787
0 0.352401 0.194509 0.065000 0.083296
1 0.366086 0.424060 0.043745 0.079935
1 0.219404 0.254861 0.041797 0.086130
0 0.254815 0.101060 0.049286 0.058361
0 0.303648 0.110412 0.042526 0.068731
1 0.242997 0.154495 0.043495 0.082472
3 0.339326 0.062921 0.051224 0.069194
3 0.394385 0.048222 0.057990 0.071759
1 0.308953 0.238486 0.045448 0.095139
4 0.285216 0.038472 0.056411 0.075685
4 0.373578 0.311560 0.049240 0.085861
2 0.502091 0.275426 0.044505 0.102907
3 0.616659 0.592787 0.065203 0.097185
3 0.495396 0.514912 0.071521 0.115120
3 0.859924 0.915898 0.084318 0.121074
1 0.227669 0.939120 0.076099 0.121759
4 0.338990 0.526079 0.062823 0.101380
0 0.258443 0.311019 0.044865 0.087500
3 0.661523 0.351157 0.053151 0.110259
1 0.570289 0.486333 0.048141 0.083907
1 0.536898 0.549782 0.055245 0.094769
1 0.550479 0.290731 0.061104 0.110389
2 0.457630 0.258847 0.057625 0.086787
2 0.247073 0.477370 0.053354 0.096259
2 0.247766 0.319125 0.055812 0.088880
2 0.303268 0.318889 0.051224 0.085704
2 0.443753 0.488667 0.059745 0.095704
3 0.340594 0.417556 0.057760 0.097241
3 0.554732 0.373208 0.053661 0.087157
3 0.403411 0.241986 0.056219 0.088824
