3 0.389378 0.385889 0.053214 0.094852
4 0.561229 0.310426 0.063781 0.104444
3 0.439622 0.350083 0.049297 0.086870
4 0.480935 0.318514 0.048318 0.101824
0 0.227482 0.376264 0.046370 0.072176
0 0.282240 0.399463 0.053156 0.085907
0 0.307534 0.332185 0.040589 0.083796
0 0.374865 0.319319 0.058958 0.066602
1 0.325549 0.402000 0.042526 0.073463
1 0.239201 0.427551 0.041797 0.072639
0 0.282042 0.267403 0.058958 0.049787
0 0.335227 0.257421 0.042526 0.068731
1 0.268602 0.320431 0.043495 0.082472
3 0.366648 0.242454 0.051224 0.069185
3 0.415219 0.246319 0.057990 0.071769
1 0.347505 0.334227 0.034792 0.068731
4 0.307815 0.206231 0.047359 0.068333
3 0.437917 0.955722 0.074573 0.088556
3 0.542893 0.687060 0.071516 0.115120
3 0.803378 0.898329 0.083807 0.101528
1 0.303695 0.918301 0.079141 0.113324
4 0.354995 0.699713 0.062823 0.101389
0 0.268818 0.480546 0.044865 0.087500
3 0.286378 0.581074 0.053151 0.103796
1 0.398680 0.553023 0.067266 0.092787
1 0.445388 0.587727 0.058891 0.086120
1 0.476727 0.518361 0.051755 0.100574
2 0.471471 0.422009 0.056401 0.088093
2 0.264307 0.666917 0.053354 0.096259
2 0.237768 0.514394 0.047755 0.077269
2 0.309565 0.479231 0.042339 0.089074
2 0.351516 0.496579 0.048885 0.080694
3 0.325661 0.560796 0.050510 0.094593
3 0.388117 0.639546 0.047932 0.091741
3 0.417169 0.431338 0.056224 0.088824
