0 0.483086 0.209660 0.062859 0.137962
0 0.395133 0.167976 0.068109 0.098832
0 0.427203 0.238927 0.064500 0.122092
0 0.460000 0.320598 0.069625 0.124402
0 0.578437 0.544755 0.059625 0.116141
0 0.586766 0.656291 0.063281 0.127364
0 0.361727 0.664253 0.081203 0.093560
0 0.361977 0.467065 0.071766 0.121196
0 0.273414 0.229198 0.064141 0.130408
2 0.438586 0.641617 0.070016 0.132255
2 0.528703 0.701236 0.068750 0.128668
2 0.471984 0.722201 0.069875 0.132283
2 0.408539 0.740245 0.071078 0.120489
2 0.317281 0.588668 0.071438 0.134837
2 0.488430 0.411522 0.059391 0.128696
2 0.340875 0.366427 0.060125 0.114103
4 0.224953 0.306413 0.060656 0.127446
4 0.192578 0.486359 0.075000 0.128804
4 0.315297 0.849266 0.064281 0.131141
4 0.374984 0.576427 0.067437 0.104701
4 0.304906 0.450978 0.053594 0.125272
4 0.397359 0.371440 0.064906 0.122935
1 0.331031 0.202323 0.063594 0.104103
1 0.516656 0.306834 0.063156 0.132147
1 0.554383 0.410136 0.070953 0.128315
1 0.529188 0.508152 0.059594 0.115435
1 0.528336 0.608682 0.065516 0.108016
1 0.240047 0.802215 0.080469 0.134266
1 0.262430 0.670693 0.074172 0.132473
1 0.259070 0.540190 0.066047 0.120543
3 0.286508 0.343709 0.066953 0.119755
3 0.246359 0.432582 0.067219 0.125815
3 0.209203 0.604076 0.073875 0.127337
3 0.202781 0.714239 0.077656 0.128696
3 0.311578 0.735951 0.079219 0.121033
3 0.375078 0.836807 0.078156 0.133723
3 0.448578 0.823804 0.084125 0.118750
3 0.487430 0.553410 0.051891 0.127310
3 0.433547 0.526345 0.072969 0.096277
3 0.434797 0.438519 0.072344 0.100951
3 0.368008 0.277378 0.074016 0.083397
