3 0.384443 0.379435 0.048615 0.086630
4 0.559000 0.307454 0.063781 0.104444
3 0.435273 0.339778 0.049297 0.086870
4 0.478302 0.303287 0.048312 0.101815
0 0.220234 0.368903 0.046375 0.072176
0 0.272578 0.399463 0.053156 0.085907
0 0.302703 0.330755 0.040594 0.083787
0 0.373417 0.310301 0.058958 0.066602
1 0.324044 0.398644 0.042526 0.073454
1 0.235060 0.425708 0.041797 0.072639
0 0.279021 0.264181 0.058958 0.049787
0 0.333336 0.255185 0.042526 0.068722
1 0.262966 0.320431 0.043495 0.082472
3 0.359404 0.233435 0.051224 0.069185
3 0.406521 0.232153 0.057990 0.071769
1 0.337206 0.327912 0.034797 0.068731
4 0.302380 0.201940 0.047354 0.068324
3 0.437010 0.960213 0.072760 0.079574
3 0.541776 0.674171 0.071521 0.115120
3 0.807104 0.911116 0.083906 0.095657
1 0.306617 0.933208 0.077734 0.106620
4 0.352359 0.695032 0.062823 0.101380
0 0.263990 0.480546 0.044865 0.087500
3 0.280339 0.575389 0.053146 0.103796
1 0.395284 0.549671 0.067266 0.092787
1 0.442120 0.582176 0.056375 0.080759
1 0.473508 0.514065 0.051755 0.100574
2 0.465836 0.420579 0.056401 0.088083
2 0.258266 0.661194 0.053354 0.096259
2 0.231018 0.510597 0.047755 0.077269
2 0.305794 0.467153 0.042339 0.089083
2 0.350383 0.495236 0.048891 0.080694
3 0.322643 0.553412 0.050516 0.094602
3 0.384216 0.632611 0.047932 0.091741
3 0.415852 0.426653 0.056224 0.088824
