4 0.507555 0.235014 0.076047 0.107527
0 0.302141 0.245190 0.086281 0.128804
0 0.282852 0.364280 0.076953 0.138832
0 0.329297 0.466508 0.082656 0.140897
0 0.387531 0.657609 0.075406 0.128478
0 0.672016 0.419715 0.065406 0.136766
0 0.600078 0.639185 0.076531 0.140217
0 0.535391 0.585747 0.074219 0.132962
0 0.490078 0.901196 0.087625 0.158533
0 0.402203 0.924008 0.084281 0.146658
3 0.424281 0.082799 0.077094 0.108859
3 0.362117 0.163736 0.077109 0.120353
3 0.419969 0.307894 0.062781 0.129158
3 0.408078 0.428111 0.068812 0.122527
3 0.549703 0.158030 0.074875 0.133234
3 0.591367 0.226168 0.079359 0.128533
3 0.655711 0.298954 0.071078 0.121821
3 0.472594 0.527989 0.080437 0.124293
3 0.466461 0.658274 0.077016 0.141005
3 0.325203 0.720082 0.076000 0.133478
3 0.330422 0.850136 0.086562 0.134185
4 0.545555 0.464728 0.069922 0.122065
4 0.616281 0.505842 0.075281 0.137446
4 0.655563 0.750530 0.087656 0.152582
4 0.314234 0.589932 0.080469 0.144321
4 0.486805 0.294185 0.075391 0.127228
2 0.510883 0.032024 0.077016 0.062690
2 0.496414 0.121155 0.072266 0.134212
2 0.354867 0.333736 0.078641 0.139321
2 0.431234 0.790693 0.082000 0.134375
2 0.568797 0.842962 0.081500 0.160707
2 0.232898 0.609946 0.085984 0.140217
1 0.211148 0.478003 0.083891 0.118940
1 0.243898 0.750367 0.089203 0.161223
1 0.527578 0.719647 0.072063 0.134946
1 0.438336 0.192989 0.076078 0.118043
1 0.569781 0.086005 0.072219 0.110163
1 0.607453 0.377188 0.060969 0.142582
1 0.547719 0.352473 0.064812 0.128967
1 0.480547 0.415448 0.078906 0.103614
2 0.391391 0.540965 0.078125 0.121386
