0 0.465750 0.209063 0.062875 0.137962
0 0.375937 0.161766 0.068125 0.098859
0 0.411914 0.235666 0.064516 0.122092
0 0.440453 0.321780 0.069625 0.124375
0 0.561562 0.541984 0.059625 0.116141
0 0.568078 0.658261 0.063281 0.127337
0 0.346094 0.667201 0.081187 0.093587
0 0.341594 0.471793 0.071750 0.121196
0 0.254711 0.225652 0.064141 0.130380
2 0.421937 0.644715 0.070031 0.132255
2 0.515953 0.693560 0.068750 0.128696
2 0.457938 0.717079 0.069875 0.132255
2 0.387242 0.750489 0.071078 0.120489
2 0.299266 0.589565 0.071438 0.134837
2 0.470930 0.414171 0.059391 0.128668
2 0.323531 0.361984 0.056719 0.112935
4 0.207234 0.313519 0.064813 0.127473
4 0.169813 0.484891 0.075000 0.128804
4 0.297281 0.851630 0.064281 0.131141
4 0.359859 0.577024 0.067437 0.104701
4 0.284687 0.452446 0.053594 0.125272
4 0.378781 0.371033 0.064906 0.122935
1 0.316172 0.195082 0.063594 0.104076
1 0.502375 0.306236 0.063156 0.132147
1 0.544187 0.411916 0.070969 0.128288
1 0.525695 0.506386 0.059578 0.115435
1 0.514742 0.614592 0.065516 0.107989
1 0.229844 0.801617 0.080469 0.134266
1 0.245773 0.669511 0.074172 0.132500
1 0.243094 0.537826 0.066031 0.120543
3 0.268156 0.339579 0.066969 0.119755
3 0.227164 0.427582 0.067203 0.125815
3 0.192211 0.605258 0.073859 0.127310
3 0.186812 0.714253 0.077656 0.128723
3 0.293578 0.733587 0.079219 0.121033
3 0.357750 0.842133 0.078156 0.133723
3 0.439742 0.828533 0.084141 0.118750
3 0.470664 0.555965 0.051891 0.127310
3 0.416719 0.527826 0.072969 0.096304
3 0.416672 0.439606 0.072344 0.100951
3 0.348977 0.277378 0.074016 0.083397
