0 0.548672 0.139307 0.062875 0.137962
0 0.452055 0.078940 0.068109 0.094076
0 0.487391 0.162323 0.061719 0.124538
0 0.522734 0.265095 0.066844 0.117201
0 0.657391 0.520707 0.059625 0.116141
0 0.665953 0.644076 0.063281 0.127337
0 0.414391 0.642894 0.080625 0.101712
0 0.413633 0.424511 0.071766 0.121196
0 0.317227 0.147636 0.061359 0.130380
2 0.502516 0.610448 0.070781 0.132255
2 0.603625 0.707745 0.068750 0.128696
2 0.537469 0.717079 0.069875 0.132255
2 0.465406 0.725666 0.071094 0.120462
2 0.362484 0.558818 0.071438 0.134864
2 0.562680 0.366902 0.059391 0.128696
2 0.391500 0.306440 0.056719 0.112935
4 0.262641 0.239633 0.064813 0.127473
4 0.218750 0.435217 0.075000 0.128804
4 0.357437 0.844538 0.062250 0.131141
4 0.430547 0.540367 0.067437 0.104701
4 0.349250 0.395734 0.053594 0.125272
4 0.456461 0.312364 0.073047 0.108696
1 0.380734 0.125340 0.063594 0.104103
1 0.589047 0.258383 0.063156 0.132147
1 0.630500 0.381196 0.070969 0.128315
1 0.603273 0.460272 0.059578 0.115435
1 0.606094 0.583152 0.068969 0.118859
1 0.278781 0.819361 0.080469 0.134266
1 0.298789 0.673057 0.074172 0.132473
1 0.297812 0.502364 0.066031 0.120543
3 0.330000 0.272215 0.066969 0.119755
3 0.281531 0.373207 0.067219 0.125815
3 0.243172 0.568601 0.073875 0.127310
3 0.232344 0.691793 0.077656 0.128696
3 0.354734 0.713478 0.079219 0.121033
3 0.426078 0.836209 0.076094 0.133723
3 0.512445 0.823804 0.082734 0.118750
3 0.551313 0.524443 0.051875 0.127310
3 0.496234 0.493560 0.072969 0.096304
3 0.494609 0.396264 0.072344 0.100951
3 0.421703 0.206454 0.074031 0.083397
