0 0.308266 0.237187 0.075094 0.116929
0 0.285922 0.353098 0.071531 0.131739
0 0.330633 0.462011 0.077828 0.134837
0 0.380008 0.654633 0.072703 0.115951
0 0.654195 0.439742 0.065391 0.136766
0 0.579484 0.643193 0.071844 0.128179
0 0.521086 0.598003 0.066672 0.124592
0 0.472047 0.875707 0.080219 0.140543
0 0.391875 0.900217 0.076781 0.133207
3 0.427109 0.081766 0.077094 0.118207
3 0.366172 0.158030 0.077125 0.120353
3 0.421891 0.313003 0.062781 0.129158
3 0.400313 0.439633 0.068813 0.122527
3 0.541414 0.167704 0.074859 0.133234
3 0.585180 0.241576 0.075797 0.128533
3 0.644992 0.316698 0.071078 0.121821
3 0.465125 0.534361 0.076437 0.118342
3 0.451250 0.657908 0.070219 0.126793
3 0.321563 0.712024 0.071937 0.124212
3 0.329023 0.826603 0.080578 0.121304
4 0.533648 0.478098 0.069922 0.122065
4 0.597055 0.525938 0.072922 0.128016
4 0.626938 0.750693 0.078906 0.139321
4 0.314914 0.587772 0.077016 0.125272
4 0.483430 0.320312 0.075391 0.127201
4 0.501539 0.244130 0.076047 0.107554
2 0.513523 0.032201 0.077016 0.064402
2 0.500273 0.122242 0.072266 0.134212
2 0.355625 0.330177 0.076375 0.133071
2 0.420766 0.773573 0.075875 0.134375
2 0.541781 0.828057 0.077813 0.140951
2 0.239828 0.595000 0.078469 0.135652
1 0.221008 0.470788 0.079172 0.118967
1 0.249711 0.726019 0.080422 0.140462
1 0.509156 0.720163 0.068594 0.124185
1 0.436367 0.192921 0.072859 0.118071
1 0.571344 0.090951 0.072219 0.123967
1 0.595133 0.397459 0.060984 0.134321
1 0.539203 0.369361 0.064812 0.128940
1 0.472477 0.434783 0.076859 0.103641
2 0.385000 0.545068 0.076156 0.116712
