3 0.349383 0.200259 0.050922 0.089074
4 0.446646 0.119676 0.061812 0.086574
3 0.441091 0.191630 0.049297 0.086870
4 0.369536 0.136602 0.057802 0.101815
0 0.114448 0.206546 0.046375 0.090667
0 0.177115 0.234574 0.053156 0.090926
0 0.222250 0.111907 0.058615 0.071981
0 0.399763 0.411097 0.052693 0.074880
1 0.179346 0.505324 0.054245 0.092370
1 0.137268 0.271787 0.041797 0.086130
0 0.169159 0.107727 0.049286 0.058361
0 0.202826 0.163986 0.042526 0.068731
1 0.154641 0.168231 0.043490 0.082481
3 0.249583 0.058556 0.050292 0.065833
3 0.299188 0.062838 0.057990 0.071769
1 0.260044 0.391079 0.052099 0.093454
4 0.194156 0.049194 0.056417 0.078296
4 0.434659 0.480977 0.049245 0.085861
2 0.427107 0.271616 0.044495 0.084787
1 0.310586 0.163222 0.038849 0.087574
3 0.405016 0.348736 0.053979 0.085861
3 0.475378 0.902028 0.059661 0.104352
4 0.267146 0.516079 0.064208 0.090269
1 0.370094 0.484954 0.048271 0.094278
1 0.239914 0.800981 0.077630 0.114407
3 0.398003 0.885444 0.065453 0.097389
3 0.510815 0.582056 0.065203 0.107259
3 0.403029 0.542625 0.049755 0.093250
3 0.742221 0.861514 0.091130 0.103231
1 0.227669 0.939120 0.076099 0.121759
4 0.340956 0.520380 0.062828 0.101389
0 0.271214 0.283032 0.052833 0.092176
3 0.548773 0.322444 0.058828 0.110259
1 0.477237 0.518264 0.048141 0.083898
1 0.454607 0.574755 0.055245 0.094769
1 0.477216 0.286097 0.049474 0.094491
2 0.538122 0.262463 0.050984 0.086778
2 0.182641 0.339028 0.049990 0.079352
2 0.246810 0.187144 0.050172 0.078806
2 0.285448 0.134088 0.045458 0.075731
2 0.443753 0.488667 0.059745 0.095704
3 0.320388 0.421931 0.059016 0.099491
3 0.453388 0.396875 0.063307 0.103065
3 0.355385 0.284407 0.056219 0.088833
