3 0.324977 0.325750 0.044776 0.079778
4 0.515604 0.248481 0.061812 0.086574
3 0.390305 0.291042 0.049297 0.086861
4 0.436854 0.260185 0.048312 0.101815
0 0.165688 0.316500 0.046375 0.072185
0 0.222406 0.338185 0.053156 0.085907
0 0.250773 0.270398 0.069786 0.083796
0 0.330180 0.245245 0.058953 0.066602
1 0.250570 0.437116 0.042526 0.073454
1 0.171969 0.375306 0.041792 0.072630
0 0.215615 0.213736 0.058958 0.058361
0 0.273763 0.224537 0.042526 0.068722
1 0.199727 0.268181 0.043495 0.082472
3 0.304253 0.186273 0.051224 0.069194
3 0.360469 0.160079 0.057990 0.071769
1 0.261870 0.347963 0.034792 0.068722
4 0.250044 0.153630 0.047359 0.068333
3 0.434893 0.970699 0.068526 0.058602
3 0.500406 0.654134 0.071521 0.115120
3 0.815799 0.940954 0.084141 0.081963
1 0.250643 0.957759 0.076099 0.084481
4 0.294810 0.660708 0.062828 0.101380
0 0.205818 0.434028 0.044865 0.087500
3 0.222971 0.552551 0.053151 0.103787
1 0.348987 0.535324 0.048141 0.083907
1 0.388732 0.554620 0.052859 0.073241
1 0.421576 0.485079 0.051755 0.100565
2 0.421956 0.375852 0.056401 0.088093
2 0.205932 0.631134 0.053354 0.096250
2 0.179633 0.479866 0.047755 0.077269
2 0.297742 0.452838 0.042339 0.089083
2 0.324719 0.484500 0.048885 0.080704
3 0.276346 0.506000 0.050516 0.094593
3 0.326617 0.594630 0.047932 0.091741
3 0.357654 0.381000 0.056224 0.088833
