0 0.538344 0.133071 0.063625 0.109511
0 0.447984 0.092840 0.068125 0.094103
0 0.482750 0.163709 0.061719 0.124538
0 0.517789 0.249130 0.070859 0.127826
0 0.652211 0.477853 0.059609 0.116141
0 0.662625 0.604185 0.063281 0.127337
0 0.414031 0.599253 0.080625 0.101712
0 0.412500 0.391413 0.071750 0.121196
0 0.316195 0.148234 0.061359 0.120924
2 0.503703 0.569796 0.070781 0.132255
2 0.603172 0.654158 0.068750 0.128696
2 0.540633 0.662704 0.069859 0.132255
2 0.469062 0.681617 0.071094 0.120462
2 0.369422 0.511970 0.071438 0.134864
2 0.553672 0.332908 0.058719 0.128696
2 0.393297 0.282799 0.056719 0.112935
4 0.268406 0.231060 0.064813 0.127446
4 0.224797 0.416997 0.075000 0.131114
4 0.359938 0.808505 0.062250 0.145870
4 0.434547 0.501454 0.069437 0.095136
4 0.350945 0.369742 0.053609 0.125299
4 0.454617 0.296060 0.073047 0.108696
1 0.383000 0.118438 0.063594 0.104103
1 0.589977 0.237962 0.063141 0.133261
1 0.636789 0.334497 0.070953 0.128288
1 0.600258 0.419918 0.059578 0.115435
1 0.606320 0.535489 0.068953 0.118859
1 0.283891 0.760299 0.080469 0.134239
1 0.309031 0.598668 0.074188 0.132500
1 0.308695 0.467147 0.066047 0.120543
3 0.331023 0.269701 0.066953 0.119783
3 0.288578 0.348533 0.067219 0.125815
3 0.243430 0.528872 0.073859 0.127310
3 0.234953 0.651997 0.077656 0.128723
3 0.360500 0.676739 0.079219 0.121033
3 0.428797 0.797446 0.076094 0.136522
3 0.515852 0.778913 0.082734 0.118750
3 0.551313 0.486617 0.051875 0.127310
3 0.495000 0.454348 0.072969 0.096304
3 0.490188 0.360992 0.072344 0.100951
3 0.420680 0.208832 0.074016 0.083370
