0 0.504930 0.205992 0.064391 0.115353
0 0.413758 0.167188 0.064391 0.100462
0 0.445961 0.237976 0.058922 0.118234
0 0.481211 0.325313 0.068516 0.119484
0 0.607289 0.556793 0.056047 0.110870
0 0.615125 0.675951 0.060781 0.124511
0 0.383008 0.682337 0.072016 0.090543
0 0.379156 0.481766 0.065969 0.116467
0 0.289570 0.232065 0.057609 0.124185
2 0.461664 0.643832 0.060484 0.115978
2 0.559961 0.724552 0.059703 0.102636
2 0.495750 0.742622 0.049594 0.102799
2 0.428453 0.751019 0.052844 0.092690
2 0.331297 0.598764 0.056844 0.127364
2 0.513086 0.413995 0.053359 0.108641
2 0.359516 0.375204 0.050625 0.104321
4 0.241094 0.318546 0.061969 0.121440
4 0.205125 0.502405 0.068875 0.121766
4 0.335391 0.868370 0.049844 0.116576
4 0.396086 0.585462 0.067391 0.098859
4 0.321961 0.462731 0.050766 0.120734
4 0.417344 0.376590 0.062812 0.111875
1 0.350523 0.209253 0.058516 0.104375
1 0.540789 0.309090 0.051328 0.108668
1 0.583492 0.412745 0.057266 0.094620
1 0.557172 0.508954 0.044188 0.097962
1 0.559562 0.619470 0.056906 0.104103
1 0.257141 0.824647 0.047500 0.081902
1 0.282672 0.686019 0.061625 0.102147
1 0.277805 0.558261 0.057672 0.111141
3 0.302391 0.350611 0.060937 0.117799
3 0.261984 0.441060 0.062562 0.122609
3 0.225352 0.619633 0.068109 0.116603
3 0.217844 0.735625 0.071781 0.112283
3 0.329539 0.752079 0.073266 0.105082
3 0.397898 0.861848 0.064203 0.120109
3 0.474164 0.850272 0.071516 0.093207
3 0.511852 0.568791 0.048328 0.123668
3 0.456719 0.539783 0.067000 0.089891
3 0.455891 0.448492 0.067156 0.086332
3 0.386000 0.281427 0.070156 0.086929
