0 0.537156 0.160258 0.063625 0.109538
0 0.433367 0.112296 0.068109 0.095462
0 0.469047 0.195435 0.061719 0.124565
0 0.509352 0.286658 0.070859 0.127826
0 0.662695 0.550965 0.059609 0.116114
0 0.673875 0.694117 0.063281 0.127364
0 0.392984 0.690774 0.078594 0.095788
0 0.389523 0.456413 0.069766 0.121196
0 0.289859 0.180761 0.061375 0.120924
2 0.489266 0.651807 0.070781 0.132255
2 0.607703 0.757976 0.068750 0.128668
2 0.534430 0.759606 0.068453 0.118125
2 0.453859 0.788899 0.071094 0.120462
2 0.332688 0.591522 0.071438 0.134837
2 0.549172 0.396304 0.058719 0.128696
2 0.367719 0.334810 0.056719 0.112935
4 0.230578 0.271549 0.064813 0.127446
4 0.177859 0.473410 0.075000 0.131114
4 0.328906 0.922826 0.062250 0.145870
4 0.408320 0.576372 0.069422 0.095136
4 0.321266 0.430027 0.053594 0.125272
4 0.435562 0.337174 0.070656 0.108696
1 0.359313 0.153546 0.063594 0.104103
1 0.581063 0.272894 0.062406 0.130516
1 0.629687 0.395258 0.070969 0.128288
1 0.600320 0.493370 0.059578 0.115435
1 0.604906 0.621875 0.068969 0.118859
1 0.242750 0.873614 0.080469 0.134239
1 0.270445 0.694334 0.074172 0.132473
1 0.270414 0.538723 0.059172 0.120543
3 0.301445 0.309443 0.066953 0.119755
3 0.252305 0.408071 0.067203 0.125815
3 0.199344 0.612921 0.073875 0.127310
3 0.188953 0.746766 0.077656 0.128696
3 0.328344 0.778886 0.079219 0.121033
3 0.408062 0.916236 0.076094 0.136549
3 0.505992 0.896522 0.082734 0.118750
3 0.547016 0.562677 0.051875 0.127310
3 0.482531 0.524280 0.072969 0.096277
3 0.480219 0.420095 0.072344 0.100951
3 0.399266 0.237486 0.074031 0.083397
