3 0.386909 0.382662 0.050911 0.090750
4 0.560115 0.308935 0.063781 0.104444
3 0.437451 0.344931 0.049297 0.086861
4 0.479617 0.310898 0.048318 0.101815
0 0.223859 0.372583 0.046375 0.072185
0 0.277411 0.399463 0.053156 0.085907
0 0.305120 0.331472 0.040594 0.083796
0 0.374141 0.314810 0.058958 0.066602
1 0.324799 0.400319 0.042526 0.073454
1 0.237130 0.426634 0.041792 0.072639
0 0.280531 0.265792 0.058958 0.049787
0 0.334279 0.256301 0.042526 0.068731
1 0.265784 0.320431 0.043495 0.082472
3 0.363029 0.237944 0.051224 0.069185
3 0.410870 0.239236 0.057990 0.071769
1 0.342354 0.331069 0.034792 0.068731
4 0.305096 0.204083 0.047359 0.068333
3 0.437464 0.957968 0.073667 0.084065
3 0.542333 0.680616 0.071521 0.115120
3 0.805242 0.904722 0.083859 0.098593
1 0.305156 0.925755 0.078438 0.109972
4 0.353677 0.697370 0.062823 0.101389
0 0.266406 0.480546 0.044865 0.087500
3 0.283357 0.578231 0.053151 0.103796
1 0.396982 0.551347 0.067266 0.092787
1 0.444081 0.585935 0.057880 0.083981
1 0.475117 0.516213 0.051755 0.100574
2 0.468654 0.421296 0.056401 0.088093
2 0.261286 0.664056 0.053354 0.096259
2 0.234393 0.512495 0.047755 0.077269
2 0.307680 0.473190 0.042339 0.089083
2 0.350948 0.495907 0.048885 0.080704
3 0.324151 0.557102 0.050510 0.094593
3 0.386167 0.636083 0.047938 0.091741
3 0.416510 0.428995 0.056219 0.088824
