0 0.304836 0.267011 0.075078 0.116902
0 0.284180 0.388872 0.068141 0.131766
0 0.328344 0.488832 0.077844 0.134837
0 0.380008 0.680462 0.072703 0.115978
0 0.654195 0.471549 0.065391 0.136793
0 0.578914 0.673003 0.071859 0.128179
0 0.521086 0.625829 0.066672 0.124592
0 0.468625 0.909484 0.080219 0.140543
0 0.388445 0.929076 0.076766 0.125326
3 0.429398 0.101630 0.077109 0.118207
3 0.365031 0.187840 0.077125 0.120353
3 0.420750 0.342813 0.062781 0.129158
3 0.400313 0.462826 0.068813 0.122500
3 0.541414 0.197514 0.074859 0.133234
3 0.584031 0.269402 0.075813 0.128533
3 0.642711 0.344524 0.071078 0.121821
3 0.462836 0.562187 0.076422 0.118342
3 0.452398 0.681766 0.070234 0.126793
3 0.321563 0.735870 0.071937 0.124185
3 0.326742 0.854429 0.080578 0.121304
4 0.531937 0.510897 0.069906 0.122065
4 0.597055 0.551780 0.072922 0.128016
4 0.626938 0.780516 0.078906 0.139348
4 0.313203 0.611630 0.077000 0.125272
4 0.483430 0.345489 0.075391 0.127228
4 0.500398 0.272948 0.076047 0.107527
2 0.512383 0.042582 0.077016 0.085163
2 0.496844 0.152052 0.072281 0.134212
2 0.352203 0.363954 0.076375 0.133071
2 0.417906 0.804389 0.075875 0.134375
2 0.542930 0.853899 0.077828 0.140951
2 0.238687 0.619851 0.078469 0.135679
1 0.219289 0.500598 0.079172 0.118967
1 0.248000 0.756821 0.080438 0.140489
1 0.506859 0.746005 0.068594 0.124185
1 0.436742 0.219429 0.072859 0.118043
1 0.569047 0.118777 0.072219 0.123967
1 0.595133 0.427269 0.060984 0.134321
1 0.536922 0.390231 0.064813 0.128940
1 0.471328 0.448696 0.076844 0.103641
2 0.383859 0.575883 0.076156 0.116712
