3 0.432424 0.254468 0.051453 0.089083
4 0.544664 0.161898 0.061807 0.086574
3 0.522930 0.237139 0.049297 0.086870
4 0.466323 0.161759 0.057802 0.101815
0 0.211154 0.237370 0.046370 0.090667
0 0.271247 0.271917 0.053161 0.085907
0 0.297466 0.193616 0.055286 0.083787
0 0.485370 0.446042 0.054927 0.076417
1 0.265870 0.531241 0.051333 0.092259
1 0.219404 0.303981 0.041797 0.086130
0 0.259143 0.142616 0.049286 0.058361
0 0.303648 0.119917 0.042526 0.068722
1 0.250125 0.205199 0.043490 0.082472
3 0.336417 0.091718 0.050917 0.068065
3 0.393474 0.075523 0.057990 0.071769
1 0.341406 0.409861 0.045448 0.086037
4 0.285216 0.069829 0.056411 0.075676
4 0.524148 0.500505 0.049245 0.085861
2 0.518839 0.326481 0.044510 0.091537
1 0.391570 0.204769 0.045453 0.099333
3 0.491477 0.359088 0.053974 0.085861
3 0.475378 0.902028 0.059661 0.104352
4 0.355211 0.551338 0.065161 0.092583
1 0.458344 0.521546 0.048271 0.094278
1 0.309185 0.807745 0.073859 0.121213
3 0.593773 0.602898 0.065203 0.107259
3 0.492201 0.574458 0.049755 0.093250
3 0.846919 0.929356 0.084318 0.127824
1 0.227669 0.939120 0.076099 0.121759
4 0.340956 0.520380 0.062828 0.101389
0 0.350760 0.311278 0.052479 0.097611
3 0.641638 0.356208 0.058828 0.110269
1 0.571888 0.527037 0.048141 0.083907
1 0.535573 0.611676 0.055250 0.094759
1 0.560997 0.340111 0.050161 0.095426
2 0.473323 0.263968 0.051813 0.086787
2 0.257562 0.363222 0.059969 0.096259
2 0.338323 0.214037 0.050604 0.079611
2 0.382826 0.175477 0.045922 0.076528
2 0.443753 0.488667 0.059745 0.095704
3 0.395576 0.463458 0.059016 0.099491
3 0.540349 0.419940 0.063312 0.103065
3 0.439240 0.310727 0.056219 0.088824
