0 0.537086 0.233139 0.063609 0.109538
0 0.444875 0.190408 0.068125 0.094076
0 0.479844 0.264117 0.061719 0.124538
0 0.512664 0.348193 0.062078 0.106603
0 0.637008 0.574742 0.059609 0.116114
0 0.643516 0.696101 0.063281 0.127364
0 0.413625 0.696943 0.080625 0.101712
0 0.410664 0.496495 0.071766 0.121196
0 0.324281 0.254402 0.061375 0.120924
2 0.496203 0.663967 0.070781 0.132228
2 0.589750 0.749457 0.068750 0.128696
2 0.527266 0.745448 0.069875 0.132255
2 0.460117 0.772405 0.071078 0.120462
2 0.367234 0.610313 0.071438 0.134864
2 0.543859 0.434035 0.058719 0.128668
2 0.389469 0.389348 0.056719 0.112935
4 0.273531 0.337514 0.064813 0.127473
4 0.236234 0.507812 0.075000 0.131114
4 0.364047 0.883886 0.062250 0.145870
4 0.428922 0.597731 0.069438 0.095136
4 0.354687 0.479674 0.053594 0.125272
4 0.447625 0.393913 0.073062 0.108696
1 0.379469 0.220951 0.063594 0.104076
1 0.574641 0.338709 0.063156 0.132147
1 0.612047 0.427663 0.070969 0.128315
1 0.586086 0.517351 0.059578 0.115462
1 0.587258 0.627228 0.068953 0.118859
1 0.288875 0.825910 0.080469 0.134266
1 0.314031 0.691454 0.074187 0.132473
1 0.315961 0.562174 0.066047 0.120543
3 0.336695 0.365258 0.066953 0.119755
3 0.295125 0.450435 0.067219 0.125815
3 0.254437 0.626182 0.073875 0.127310
3 0.248359 0.741101 0.077656 0.128723
3 0.360438 0.770584 0.079219 0.121005
3 0.424180 0.872853 0.076078 0.136522
3 0.506883 0.860217 0.082734 0.118750
3 0.542750 0.592527 0.051875 0.127337
3 0.489719 0.553601 0.072969 0.096277
3 0.488078 0.467188 0.072344 0.100951
3 0.419289 0.307677 0.074016 0.083397
