0 0.626836 0.188370 0.062859 0.137989
0 0.537695 0.139851 0.068109 0.099973
0 0.569258 0.215584 0.064516 0.122092
0 0.601875 0.304647 0.069625 0.124402
0 0.726711 0.546712 0.059609 0.116141
0 0.730859 0.668302 0.063281 0.127364
0 0.501734 0.657745 0.081187 0.093587
0 0.494852 0.456223 0.071766 0.121196
0 0.414102 0.197880 0.064141 0.130380
2 0.585734 0.615761 0.070031 0.132228
2 0.679406 0.710707 0.068750 0.128696
2 0.622422 0.719443 0.069875 0.132255
2 0.551727 0.732459 0.071078 0.120462
2 0.461031 0.568872 0.071438 0.134864
2 0.637664 0.404728 0.059391 0.128696
2 0.484156 0.342880 0.056719 0.112935
4 0.365250 0.281590 0.064812 0.127473
4 0.324094 0.458288 0.075000 0.128804
4 0.454297 0.842772 0.064281 0.131141
4 0.519242 0.557514 0.067453 0.104701
4 0.446109 0.432962 0.053594 0.125272
4 0.538398 0.354891 0.064922 0.122935
1 0.469438 0.168872 0.063594 0.104103
1 0.669242 0.291454 0.063172 0.132147
1 0.710023 0.384130 0.070953 0.128315
1 0.680305 0.490625 0.059578 0.115435
1 0.674938 0.596780 0.067656 0.105788
1 0.381922 0.792758 0.080469 0.134266
1 0.409234 0.644293 0.074187 0.132500
1 0.407742 0.524511 0.066047 0.120543
3 0.425836 0.318302 0.066953 0.119755
3 0.383313 0.406576 0.067219 0.125815
3 0.344109 0.577473 0.073875 0.127337
3 0.339906 0.700652 0.077656 0.128696
3 0.450578 0.727677 0.079219 0.121005
3 0.514773 0.834443 0.076078 0.133723
3 0.591313 0.824402 0.084125 0.118750
3 0.629484 0.552228 0.051875 0.127337
3 0.576437 0.520747 0.072969 0.096277
3 0.575141 0.428166 0.072344 0.100951
3 0.508016 0.254918 0.074031 0.083370
