0 0.531906 0.242188 0.062875 0.123723
0 0.446844 0.199986 0.068125 0.098832
0 0.478070 0.272704 0.064516 0.122092
0 0.510078 0.350829 0.069625 0.124375
0 0.627945 0.581793 0.059609 0.116141
0 0.636500 0.692147 0.063281 0.127337
0 0.411039 0.693859 0.081203 0.093587
0 0.410820 0.497283 0.071766 0.121196
0 0.325633 0.255190 0.064141 0.130380
2 0.492930 0.662677 0.072016 0.133397
2 0.585047 0.741440 0.068750 0.118043
2 0.524156 0.746386 0.069875 0.132283
2 0.462594 0.762160 0.066281 0.121766
2 0.372063 0.603750 0.071438 0.134837
2 0.544133 0.435462 0.059391 0.128696
2 0.397055 0.393709 0.060141 0.114103
4 0.279547 0.342269 0.060656 0.127473
4 0.237000 0.512908 0.075000 0.128804
4 0.366609 0.878804 0.064281 0.131141
4 0.430320 0.601834 0.067453 0.104701
4 0.356953 0.477663 0.053594 0.125272
4 0.448469 0.400992 0.064906 0.122908
1 0.386266 0.220910 0.063594 0.104103
1 0.571031 0.332079 0.063156 0.132147
1 0.609711 0.436617 0.070953 0.128288
1 0.582695 0.522935 0.059578 0.115435
1 0.576289 0.630163 0.065516 0.107989
1 0.292047 0.831372 0.080469 0.134266
1 0.318164 0.697880 0.074172 0.132500
1 0.316664 0.568859 0.066047 0.120543
3 0.336703 0.372174 0.066969 0.119783
3 0.297844 0.458696 0.067219 0.125815
3 0.259266 0.632840 0.073875 0.127310
3 0.254945 0.735054 0.075672 0.128696
3 0.363984 0.762188 0.079219 0.121005
3 0.424812 0.869701 0.078156 0.133696
3 0.501391 0.857446 0.078750 0.110380
3 0.538703 0.589117 0.051875 0.127310
3 0.486164 0.561902 0.068203 0.102174
3 0.484406 0.472704 0.072344 0.100951
3 0.421016 0.312840 0.074031 0.083397
