0 0.501469 0.145190 0.063625 0.109511
0 0.399727 0.103139 0.068109 0.095462
0 0.437094 0.180068 0.061719 0.124538
0 0.474516 0.268043 0.070844 0.127826
0 0.618656 0.505326 0.059625 0.116141
0 0.629922 0.627527 0.063281 0.127337
0 0.364438 0.636399 0.078594 0.095788
0 0.361328 0.424484 0.067750 0.121196
0 0.262070 0.169076 0.061359 0.120924
2 0.457391 0.609334 0.070781 0.132255
2 0.565562 0.700652 0.068750 0.128696
2 0.492289 0.709959 0.059641 0.118125
2 0.417156 0.728003 0.071094 0.120462
2 0.307422 0.556454 0.071438 0.134864
2 0.513594 0.361916 0.058719 0.112038
2 0.339867 0.305272 0.052641 0.103533
4 0.207242 0.264579 0.064828 0.127473
4 0.159422 0.456481 0.075000 0.131114
4 0.307227 0.865543 0.058922 0.133967
4 0.379883 0.534389 0.069422 0.095136
4 0.298953 0.400476 0.053594 0.125299
4 0.403109 0.317092 0.068281 0.108696
1 0.334172 0.156073 0.063594 0.104103
1 0.542023 0.251821 0.055672 0.105978
1 0.590437 0.364348 0.064188 0.098641
1 0.561797 0.451223 0.054188 0.100000
1 0.562437 0.587120 0.068969 0.118859
1 0.220688 0.825734 0.080469 0.134239
1 0.248648 0.653777 0.074172 0.121739
1 0.246867 0.516304 0.059172 0.120543
3 0.275617 0.289959 0.066953 0.119755
3 0.227680 0.389946 0.065141 0.125815
3 0.178297 0.580340 0.073875 0.127310
3 0.174578 0.698886 0.077656 0.128696
3 0.301719 0.724117 0.079219 0.121005
3 0.380906 0.854185 0.074094 0.136522
3 0.472352 0.828560 0.082734 0.118750
3 0.508500 0.514986 0.051875 0.127310
3 0.446625 0.482283 0.072969 0.088098
3 0.448391 0.387989 0.072344 0.086793
3 0.369359 0.218274 0.074031 0.083397
