0 0.307563 0.245190 0.080875 0.128804
0 0.286250 0.360734 0.071531 0.131739
0 0.331648 0.459402 0.077828 0.140924
0 0.392289 0.649334 0.075422 0.128505
0 0.665219 0.414986 0.065406 0.136766
0 0.598039 0.621454 0.076516 0.140190
0 0.533359 0.575095 0.074219 0.132962
0 0.488375 0.880217 0.087625 0.155598
0 0.404578 0.912622 0.084281 0.147527
3 0.427000 0.087527 0.077094 0.108859
3 0.364383 0.164117 0.077109 0.120353
3 0.424047 0.304361 0.062781 0.129158
3 0.406719 0.419823 0.068812 0.122527
3 0.547258 0.153764 0.074859 0.133234
3 0.590352 0.226168 0.077328 0.128533
3 0.651633 0.292446 0.071078 0.121793
3 0.473781 0.521236 0.078156 0.124321
3 0.464430 0.644076 0.077016 0.133913
3 0.327922 0.702351 0.076000 0.133505
3 0.334500 0.835951 0.086563 0.134185
4 0.544477 0.458098 0.069922 0.122065
4 0.612211 0.498764 0.072922 0.128016
4 0.651484 0.732812 0.087656 0.152582
4 0.318992 0.581658 0.080453 0.144293
4 0.485727 0.291359 0.075391 0.127228
4 0.505508 0.231182 0.076047 0.107527
2 0.507383 0.031345 0.077016 0.062690
2 0.495508 0.121155 0.072266 0.134212
2 0.356453 0.330611 0.076375 0.133071
2 0.431234 0.770611 0.082000 0.134375
2 0.567414 0.821698 0.077828 0.152853
2 0.237211 0.592228 0.085984 0.140217
1 0.217258 0.476821 0.083891 0.118967
1 0.248656 0.733274 0.089188 0.148342
1 0.526352 0.707826 0.072047 0.134946
1 0.436727 0.192989 0.072859 0.118043
1 0.568625 0.087337 0.072219 0.110163
1 0.606094 0.371277 0.060969 0.137065
1 0.547719 0.348533 0.064812 0.128967
1 0.479828 0.407120 0.078906 0.103641
2 0.394109 0.533872 0.078125 0.121386
