3 0.385266 0.380509 0.049375 0.088000
4 0.559370 0.307944 0.063781 0.104444
3 0.435997 0.341495 0.049297 0.086861
4 0.478742 0.305824 0.048318 0.101815
0 0.221443 0.370130 0.046375 0.072185
0 0.274188 0.399463 0.053156 0.085907
0 0.303508 0.330995 0.040589 0.083787
0 0.373659 0.311806 0.058953 0.066611
1 0.324294 0.399204 0.042526 0.073463
1 0.235750 0.426019 0.041792 0.072630
0 0.279523 0.264718 0.058953 0.049787
0 0.333648 0.255560 0.042526 0.068731
1 0.263904 0.320431 0.043495 0.082472
3 0.360612 0.234940 0.051224 0.069194
3 0.407969 0.234514 0.057990 0.071769
1 0.338922 0.328963 0.034792 0.068722
4 0.303284 0.202653 0.047359 0.068324
3 0.437161 0.959468 0.073062 0.081065
3 0.541964 0.676319 0.071521 0.115120
3 0.806482 0.908981 0.083891 0.096630
1 0.306130 0.930727 0.077969 0.107731
4 0.352799 0.695810 0.062828 0.101380
0 0.264792 0.480546 0.044865 0.087500
3 0.281346 0.576338 0.053151 0.103787
1 0.395849 0.550227 0.067271 0.092787
1 0.442773 0.583431 0.056880 0.081824
1 0.474044 0.514782 0.051755 0.100565
2 0.466773 0.420815 0.056401 0.088093
2 0.259271 0.662148 0.053354 0.096259
2 0.232143 0.511236 0.047755 0.077269
2 0.306419 0.469167 0.042339 0.089074
2 0.350573 0.495458 0.048885 0.080694
3 0.323146 0.554639 0.050510 0.094593
3 0.384867 0.633769 0.047932 0.091741
3 0.416070 0.427435 0.056224 0.088833
