0 0.529453 0.233329 0.066906 0.123723
0 0.442703 0.192201 0.068125 0.098859
0 0.476328 0.268519 0.067187 0.121984
0 0.508516 0.340693 0.069625 0.124375
0 0.625094 0.570367 0.058219 0.116114
0 0.631398 0.681902 0.065297 0.127337
0 0.411664 0.684538 0.077078 0.093587
0 0.408203 0.490109 0.071750 0.121196
0 0.324383 0.248098 0.064141 0.130380
2 0.484281 0.650068 0.072000 0.133397
2 0.584609 0.733166 0.068750 0.118071
2 0.527469 0.741929 0.066406 0.132228
2 0.454297 0.760734 0.064188 0.120598
2 0.367016 0.605082 0.071438 0.134837
2 0.541773 0.437527 0.059391 0.128696
2 0.394570 0.389769 0.060141 0.114103
4 0.276602 0.333601 0.060672 0.127473
4 0.240836 0.502011 0.075016 0.128804
4 0.367625 0.870543 0.064281 0.131141
4 0.427828 0.589416 0.067437 0.104701
4 0.357141 0.468057 0.053594 0.125299
4 0.446969 0.391834 0.064906 0.122908
1 0.381078 0.217880 0.063594 0.104076
1 0.564234 0.330774 0.063156 0.132147
1 0.604172 0.426101 0.070969 0.128288
1 0.575234 0.537826 0.059594 0.115435
1 0.578117 0.627894 0.065516 0.108016
1 0.292187 0.819103 0.080469 0.134239
1 0.314273 0.687976 0.074172 0.132473
1 0.308961 0.563995 0.066047 0.120543
3 0.335773 0.363818 0.066953 0.119755
3 0.296828 0.447065 0.067219 0.125815
3 0.258820 0.620041 0.073859 0.127310
3 0.254914 0.731386 0.075672 0.128696
3 0.361000 0.753043 0.075813 0.122283
3 0.423680 0.858682 0.078172 0.133723
3 0.500594 0.844457 0.078750 0.110380
3 0.535016 0.580598 0.051875 0.127337
3 0.482227 0.553533 0.068203 0.102174
3 0.483625 0.464715 0.072344 0.100951
3 0.418125 0.302514 0.074031 0.083397
