0 0.520742 0.167201 0.067453 0.123913
0 0.421711 0.125095 0.070891 0.103125
0 0.457469 0.201359 0.064594 0.127826
0 0.493539 0.292894 0.071703 0.127799
0 0.629844 0.543003 0.060250 0.119103
0 0.637141 0.669755 0.063281 0.130978
0 0.388484 0.673370 0.080625 0.092663
0 0.386359 0.460408 0.070938 0.121196
0 0.288414 0.192378 0.060984 0.130353
2 0.474781 0.636821 0.064250 0.103533
2 0.579906 0.721291 0.062437 0.102418
2 0.512969 0.736128 0.054625 0.110625
2 0.438531 0.757745 0.065500 0.113315
2 0.334828 0.589049 0.059844 0.130978
2 0.530563 0.389348 0.058188 0.125543
2 0.365172 0.350978 0.052844 0.114402
4 0.237242 0.288764 0.066016 0.127473
4 0.199047 0.478764 0.074219 0.128016
4 0.337406 0.881250 0.056625 0.128804
4 0.403117 0.573777 0.069328 0.101087
4 0.323188 0.436440 0.053594 0.125815
4 0.427211 0.347323 0.067234 0.120408
1 0.353297 0.166250 0.063594 0.104076
1 0.557937 0.277228 0.055656 0.105978
1 0.607703 0.386576 0.072094 0.105326
1 0.574516 0.484538 0.047344 0.102120
1 0.578234 0.605557 0.065156 0.103560
1 0.254094 0.822853 0.058375 0.088424
1 0.282250 0.679375 0.071562 0.111793
1 0.283453 0.538247 0.056406 0.110245
3 0.304703 0.321590 0.067844 0.126060
3 0.260805 0.416793 0.065141 0.128804
3 0.218672 0.605122 0.073406 0.130027
3 0.213875 0.730924 0.077000 0.125109
3 0.333063 0.752065 0.078750 0.117065
3 0.405062 0.871196 0.073312 0.130978
3 0.489406 0.853859 0.076719 0.104239
3 0.525984 0.554062 0.052156 0.130679
3 0.468719 0.524565 0.072969 0.098641
3 0.468344 0.426005 0.072344 0.091576
3 0.392734 0.248899 0.074594 0.091114
