0 0.636688 0.144035 0.062875 0.137962
0 0.546531 0.093750 0.068125 0.099946
0 0.579453 0.168872 0.064500 0.122092
0 0.607695 0.257405 0.066828 0.117201
0 0.734648 0.504158 0.059609 0.116141
0 0.737766 0.626739 0.063281 0.127337
0 0.509547 0.609878 0.081187 0.093560
0 0.508789 0.409728 0.071766 0.121196
0 0.420102 0.152772 0.064141 0.130380
2 0.585047 0.579715 0.070031 0.132255
2 0.683156 0.673071 0.068750 0.128696
2 0.621969 0.674918 0.069875 0.132283
2 0.554211 0.685476 0.071078 0.120462
2 0.461938 0.517853 0.071438 0.134837
2 0.643836 0.354592 0.059391 0.128696
2 0.487781 0.300516 0.056719 0.112935
4 0.370688 0.233736 0.064813 0.127473
4 0.332258 0.411984 0.075016 0.128804
4 0.458594 0.795679 0.064281 0.131141
4 0.523320 0.515557 0.067453 0.104701
4 0.451477 0.387690 0.053609 0.125272
4 0.546219 0.305829 0.064906 0.122908
1 0.478375 0.119429 0.063594 0.104076
1 0.666453 0.242188 0.063156 0.132147
1 0.710977 0.352582 0.070953 0.128315
1 0.682789 0.449647 0.059578 0.115435
1 0.684734 0.557391 0.067656 0.105815
1 0.382422 0.742527 0.080469 0.134239
1 0.410258 0.600163 0.074172 0.132500
1 0.410289 0.480679 0.066047 0.120543
3 0.432969 0.268655 0.066969 0.119755
3 0.390961 0.358424 0.067203 0.125815
3 0.351586 0.529606 0.073859 0.127310
3 0.345844 0.646277 0.077656 0.128696
3 0.454992 0.677432 0.079234 0.121005
3 0.519867 0.789334 0.076078 0.133723
3 0.600828 0.783152 0.084125 0.118750
3 0.636734 0.505938 0.051875 0.127310
3 0.583703 0.479769 0.072969 0.096277
3 0.584094 0.384823 0.072344 0.100951
3 0.517531 0.207622 0.074031 0.083397
