0 0.539836 0.243370 0.062859 0.123696
0 0.451375 0.207867 0.068125 0.098832
0 0.483953 0.277052 0.064500 0.122092
0 0.516578 0.361970 0.069625 0.124375
0 0.633594 0.582174 0.058219 0.116141
0 0.641141 0.696101 0.065313 0.127364
0 0.419492 0.693193 0.081203 0.093560
0 0.417039 0.502500 0.071766 0.121196
0 0.334914 0.263478 0.064141 0.130380
2 0.494289 0.659524 0.072016 0.133397
2 0.590047 0.744986 0.068750 0.118071
2 0.530672 0.747812 0.069875 0.132255
2 0.468164 0.765815 0.064203 0.120598
2 0.378781 0.609660 0.071437 0.134864
2 0.549992 0.446087 0.059391 0.128696
2 0.403406 0.396861 0.060125 0.114103
4 0.284758 0.346603 0.060672 0.127446
4 0.248750 0.516114 0.075000 0.128804
4 0.377484 0.882364 0.064281 0.131141
4 0.435984 0.601834 0.067438 0.104701
4 0.362164 0.483179 0.053609 0.125272
4 0.457172 0.400992 0.064906 0.122908
1 0.394328 0.226997 0.063594 0.104103
1 0.576781 0.340747 0.063156 0.132147
1 0.612242 0.434076 0.070953 0.128315
1 0.584695 0.533967 0.059578 0.115435
1 0.589508 0.632323 0.065516 0.108016
1 0.309297 0.834728 0.080469 0.134239
1 0.328695 0.697880 0.074172 0.132500
1 0.321258 0.573288 0.066047 0.120543
3 0.342914 0.382133 0.066953 0.119755
3 0.303961 0.460652 0.067203 0.125815
3 0.266289 0.627717 0.073859 0.127337
3 0.263242 0.737880 0.075672 0.128696
3 0.370141 0.766291 0.079219 0.121005
3 0.431148 0.868125 0.078172 0.133696
3 0.509773 0.857459 0.078766 0.110353
3 0.545891 0.590639 0.051875 0.127310
3 0.491141 0.563886 0.068219 0.102174
3 0.489844 0.475476 0.072344 0.100951
3 0.427125 0.312853 0.074031 0.083370
