3 0.425258 0.212042 0.056234 0.089083
4 0.541656 0.129657 0.061812 0.086574
3 0.500148 0.213852 0.049297 0.086870
4 0.463180 0.130824 0.055807 0.101815
0 0.208719 0.217463 0.046375 0.090667
0 0.263943 0.252870 0.053156 0.085907
0 0.293456 0.179352 0.055286 0.083796
0 0.345081 0.284995 0.065005 0.083306
1 0.291273 0.357144 0.043745 0.079935
1 0.219404 0.276352 0.041797 0.086130
0 0.256711 0.119245 0.049286 0.058361
0 0.303648 0.114569 0.042526 0.068731
1 0.246115 0.176681 0.043490 0.082472
3 0.338081 0.076176 0.051224 0.069185
3 0.393911 0.054958 0.057990 0.071769
1 0.339891 0.325889 0.045448 0.095148
4 0.285216 0.047310 0.056411 0.075676
4 0.460109 0.436741 0.049240 0.085852
2 0.509419 0.297764 0.044505 0.097935
1 0.391570 0.184569 0.045453 0.099324
3 0.464826 0.333356 0.053974 0.085861
3 0.342396 0.435208 0.059656 0.094269
4 0.339599 0.535361 0.071969 0.112796
1 0.407432 0.383926 0.044510 0.094278
1 0.252667 0.519069 0.073865 0.121213
3 0.594406 0.586801 0.065198 0.097194
3 0.484000 0.519310 0.071521 0.115120
3 0.845680 0.905019 0.084318 0.124185
1 0.227669 0.939120 0.076099 0.121759
4 0.340956 0.520380 0.062828 0.101389
0 0.286161 0.301380 0.044865 0.087500
3 0.639427 0.346856 0.056302 0.110269
1 0.563159 0.499972 0.048141 0.083907
1 0.524010 0.579009 0.055250 0.094759
1 0.555081 0.312338 0.056318 0.103843
2 0.465443 0.238269 0.057625 0.086778
2 0.226604 0.375426 0.053354 0.096259
2 0.330815 0.188574 0.054682 0.086870
2 0.372591 0.156093 0.050068 0.083704
2 0.443753 0.488667 0.059745 0.095704
3 0.372680 0.412199 0.059016 0.099491
3 0.533232 0.398597 0.063307 0.103065
3 0.427771 0.280801 0.056219 0.088824
