3 0.429117 0.327921 0.050922 0.089083
4 0.542651 0.233028 0.061813 0.086574
3 0.512357 0.315111 0.049297 0.086870
4 0.452870 0.251056 0.057802 0.101815
0 0.213260 0.332194 0.046375 0.090667
0 0.271339 0.376912 0.053156 0.090917
0 0.296505 0.303685 0.051177 0.071981
0 0.489846 0.540472 0.052693 0.074889
1 0.271966 0.623889 0.045609 0.088315
1 0.230292 0.394741 0.041792 0.086130
0 0.264096 0.233986 0.049286 0.058361
0 0.310357 0.232588 0.042526 0.068731
1 0.250372 0.294727 0.043495 0.082472
3 0.342260 0.210491 0.050292 0.065833
3 0.391734 0.187194 0.057990 0.071759
1 0.351820 0.524356 0.047339 0.093454
4 0.294740 0.169227 0.056417 0.079009
4 0.527935 0.589727 0.049245 0.085861
2 0.509573 0.379222 0.044510 0.090833
1 0.398685 0.302676 0.038849 0.087574
3 0.484531 0.453931 0.053979 0.085861
3 0.475378 0.902028 0.059661 0.104352
4 0.354104 0.643574 0.063458 0.087574
1 0.454557 0.597306 0.048271 0.094278
1 0.330417 0.911630 0.077625 0.116222
3 0.493232 0.979639 0.065453 0.040722
3 0.595997 0.695088 0.065203 0.107269
3 0.490940 0.659190 0.049755 0.093250
3 0.829617 0.953764 0.084318 0.092472
1 0.227669 0.939120 0.076099 0.121759
4 0.340956 0.520380 0.062828 0.101389
0 0.357003 0.417884 0.050599 0.094213
3 0.634404 0.453449 0.058828 0.110269
1 0.565685 0.629880 0.048141 0.083907
1 0.534680 0.692579 0.055245 0.094769
1 0.547289 0.405708 0.049474 0.094491
2 0.468518 0.327148 0.050984 0.086778
2 0.262128 0.466310 0.052839 0.086102
2 0.339159 0.296838 0.050151 0.078806
2 0.376495 0.263866 0.045458 0.075731
2 0.443753 0.488667 0.059745 0.095704
3 0.405617 0.558412 0.059016 0.099491
3 0.536917 0.507273 0.063313 0.103065
3 0.443977 0.418472 0.056224 0.088833
