0 0.478664 0.214973 0.062859 0.137989
0 0.391562 0.172405 0.068125 0.098832
0 0.423469 0.246318 0.064500 0.122092
0 0.457453 0.332418 0.069625 0.124402
0 0.578555 0.555000 0.059609 0.116141
0 0.585078 0.666535 0.063281 0.127364
0 0.359008 0.677840 0.081203 0.093560
0 0.353828 0.481223 0.071750 0.121196
0 0.266273 0.229212 0.064141 0.130380
2 0.438922 0.643927 0.070031 0.132255
2 0.535672 0.724293 0.068750 0.128696
2 0.474938 0.737187 0.069875 0.132255
2 0.404914 0.757568 0.071078 0.120462
2 0.314906 0.595462 0.071438 0.134837
2 0.494711 0.420082 0.059391 0.128696
2 0.340531 0.376168 0.056719 0.112935
4 0.218789 0.321780 0.064828 0.127473
4 0.181367 0.503791 0.075016 0.128777
4 0.310203 0.864620 0.064281 0.131141
4 0.374812 0.582921 0.067437 0.104701
4 0.297594 0.465462 0.053594 0.125272
4 0.397359 0.378533 0.064906 0.122935
1 0.327719 0.202174 0.063594 0.104076
1 0.525156 0.315693 0.063156 0.132147
1 0.562086 0.419008 0.070953 0.128288
1 0.544820 0.506386 0.059578 0.115435
1 0.532031 0.612147 0.067656 0.105815
1 0.245484 0.822908 0.080469 0.134239
1 0.266164 0.684878 0.074172 0.132473
1 0.266883 0.562636 0.066047 0.120543
3 0.282422 0.351399 0.066969 0.119755
3 0.242797 0.438207 0.067219 0.125815
3 0.201719 0.614715 0.073875 0.127310
3 0.195641 0.730788 0.077656 0.128696
3 0.307844 0.750720 0.079219 0.121005
3 0.372703 0.855136 0.078156 0.133696
3 0.449258 0.839185 0.084141 0.118750
3 0.486063 0.569361 0.051875 0.127310
3 0.435750 0.540829 0.072969 0.096277
3 0.434797 0.449457 0.072344 0.100978
3 0.362570 0.283288 0.074016 0.083370
