0 0.521156 0.227935 0.063625 0.109511
0 0.436258 0.192147 0.068109 0.094076
0 0.463250 0.265938 0.061719 0.124538
0 0.494914 0.333641 0.066078 0.103152
0 0.612273 0.538234 0.059609 0.116141
0 0.624188 0.648383 0.063281 0.127364
0 0.401687 0.647378 0.080625 0.101712
0 0.398180 0.467201 0.071766 0.121196
0 0.317383 0.243274 0.061359 0.120951
2 0.480953 0.618465 0.070781 0.132255
2 0.571172 0.697568 0.068750 0.128668
2 0.513227 0.702228 0.069859 0.132283
2 0.449211 0.717323 0.071078 0.120462
2 0.356703 0.571223 0.071438 0.134837
2 0.525875 0.420353 0.058719 0.128696
2 0.383445 0.371495 0.056703 0.112935
4 0.272625 0.322731 0.064812 0.127473
4 0.233438 0.472310 0.075000 0.131141
4 0.354594 0.827609 0.062250 0.145870
4 0.420078 0.558913 0.069437 0.095109
4 0.347453 0.450734 0.053594 0.125272
4 0.438320 0.371712 0.073047 0.108696
1 0.381297 0.226848 0.063594 0.104076
1 0.550789 0.316726 0.063141 0.133179
1 0.595398 0.408478 0.070953 0.128315
1 0.572836 0.482935 0.059578 0.115435
1 0.568297 0.586250 0.068969 0.118859
1 0.286484 0.787840 0.080469 0.134266
1 0.306258 0.648818 0.074172 0.132473
1 0.302742 0.529837 0.066047 0.120543
3 0.326789 0.351562 0.066953 0.119755
3 0.290367 0.425815 0.067203 0.125815
3 0.249633 0.584552 0.073859 0.127310
3 0.244766 0.693832 0.077656 0.128696
3 0.354828 0.716916 0.079219 0.121005
3 0.414773 0.819755 0.076078 0.136522
3 0.492070 0.801277 0.082734 0.118750
3 0.525016 0.546236 0.051875 0.127310
3 0.474078 0.519035 0.072969 0.096277
3 0.472859 0.439986 0.072344 0.100951
3 0.410172 0.292704 0.074031 0.083397
