0 0.505023 0.204986 0.064391 0.115571
0 0.413828 0.166332 0.064531 0.101033
0 0.446023 0.237187 0.058891 0.118777
0 0.481563 0.324728 0.069062 0.120109
0 0.607891 0.556658 0.056094 0.111141
0 0.615578 0.675978 0.060719 0.124783
0 0.383031 0.682880 0.072062 0.090761
0 0.379164 0.481467 0.066172 0.116576
0 0.289297 0.231087 0.057969 0.124783
2 0.461719 0.643886 0.060625 0.116576
2 0.560312 0.725204 0.059375 0.103940
2 0.496008 0.743207 0.049234 0.101630
2 0.428609 0.751304 0.052469 0.092500
2 0.330883 0.598519 0.057297 0.127690
2 0.513281 0.413315 0.053438 0.109239
2 0.359609 0.374864 0.050781 0.104620
4 0.240586 0.317677 0.062266 0.121712
4 0.204828 0.502459 0.068875 0.121766
4 0.335469 0.868505 0.049844 0.116576
4 0.396016 0.585462 0.067656 0.099728
4 0.321875 0.462636 0.050938 0.120924
4 0.417344 0.376087 0.062812 0.112500
1 0.350617 0.208519 0.058516 0.104701
1 0.541117 0.308560 0.051203 0.108967
1 0.583750 0.412364 0.056875 0.094837
1 0.557578 0.508967 0.044219 0.098370
1 0.560078 0.619565 0.057344 0.105435
1 0.256719 0.825503 0.047500 0.081929
1 0.282305 0.686005 0.061484 0.102446
1 0.277813 0.558003 0.057813 0.111168
3 0.302094 0.350027 0.060937 0.118424
3 0.261586 0.440910 0.062453 0.123125
3 0.225063 0.620136 0.068094 0.116630
3 0.217328 0.736359 0.071906 0.112935
3 0.329297 0.752038 0.073594 0.105163
3 0.397992 0.862418 0.064328 0.120109
3 0.474133 0.851060 0.071516 0.093207
3 0.512031 0.568886 0.048438 0.124185
3 0.456953 0.539674 0.067031 0.090217
3 0.456023 0.448016 0.067172 0.086576
3 0.386039 0.280489 0.070422 0.087391
