0 0.525992 0.151793 0.065984 0.109511
0 0.433969 0.113709 0.068125 0.095462
0 0.465758 0.180014 0.058391 0.124918
0 0.500828 0.261495 0.070844 0.127826
0 0.633695 0.486970 0.058859 0.119266
0 0.643219 0.611196 0.063281 0.130978
0 0.403438 0.616209 0.078219 0.095788
0 0.399289 0.416522 0.067734 0.121196
0 0.308008 0.177038 0.061359 0.130652
2 0.484367 0.586753 0.071734 0.115625
2 0.585758 0.660095 0.068734 0.110734
2 0.521617 0.673424 0.057078 0.117065
2 0.452547 0.698601 0.068125 0.123940
2 0.353742 0.539674 0.062297 0.127826
2 0.536805 0.355068 0.055922 0.119810
2 0.380266 0.304986 0.051750 0.099266
4 0.254945 0.262459 0.066484 0.127473
4 0.217375 0.438125 0.074219 0.119293
4 0.351859 0.813465 0.057656 0.126875
4 0.420156 0.522418 0.069437 0.101087
4 0.338977 0.397133 0.053609 0.116549
4 0.437445 0.313247 0.067234 0.120408
1 0.368516 0.151467 0.063594 0.104076
1 0.564258 0.245761 0.055672 0.105978
1 0.609250 0.347541 0.065313 0.106440
1 0.580172 0.438342 0.055687 0.090870
1 0.588141 0.549361 0.065625 0.104864
1 0.275672 0.765068 0.061906 0.100190
1 0.301219 0.625761 0.072813 0.111141
1 0.299609 0.490109 0.056406 0.118261
3 0.320375 0.295720 0.066969 0.125136
3 0.278820 0.379293 0.065141 0.128804
3 0.238711 0.550530 0.072328 0.116712
3 0.233375 0.673329 0.077656 0.122201
3 0.349734 0.693071 0.079219 0.119022
3 0.418883 0.802011 0.073359 0.130978
3 0.500703 0.786332 0.076719 0.104891
3 0.535328 0.501590 0.051875 0.132310
3 0.478562 0.476698 0.072969 0.089158
3 0.476844 0.384701 0.072344 0.091576
3 0.405430 0.220883 0.074609 0.084212
