0 0.552750 0.246916 0.062875 0.123723
0 0.464969 0.209049 0.068125 0.098859
0 0.495508 0.279416 0.064516 0.122092
0 0.523203 0.359090 0.069625 0.124375
0 0.646500 0.583370 0.058219 0.116141
0 0.652008 0.697269 0.065297 0.127364
0 0.433086 0.697935 0.081203 0.093587
0 0.428875 0.502500 0.071750 0.121196
0 0.344633 0.267024 0.064141 0.130408
2 0.505016 0.660611 0.072000 0.133397
2 0.593828 0.744986 0.068750 0.118071
2 0.543187 0.748899 0.069875 0.132255
2 0.476891 0.771522 0.064187 0.120598
2 0.384469 0.615149 0.071438 0.134864
2 0.555883 0.446087 0.059391 0.128696
2 0.409867 0.396861 0.060141 0.114103
4 0.294781 0.347785 0.060656 0.127473
4 0.260891 0.516793 0.075000 0.128804
4 0.381352 0.881399 0.064297 0.131114
4 0.446859 0.604198 0.067437 0.104701
4 0.371484 0.483179 0.053594 0.125272
4 0.460359 0.397364 0.064906 0.122935
1 0.397641 0.226997 0.063594 0.104103
1 0.579984 0.341427 0.063156 0.132147
1 0.617211 0.432160 0.070953 0.128288
1 0.588742 0.534592 0.059578 0.115435
1 0.595180 0.634511 0.065516 0.107989
1 0.310625 0.834728 0.080469 0.134239
1 0.337133 0.698967 0.074172 0.132500
1 0.334586 0.574103 0.066047 0.120543
3 0.357187 0.376236 0.066969 0.119755
3 0.316195 0.453560 0.067203 0.125815
3 0.278859 0.629851 0.073875 0.127310
3 0.274250 0.744620 0.075687 0.128696
3 0.378828 0.765245 0.079219 0.121033
3 0.443383 0.869307 0.078172 0.133723
3 0.515844 0.858383 0.078750 0.110353
3 0.554203 0.595068 0.051875 0.127310
3 0.502695 0.567418 0.068203 0.102174
3 0.504797 0.480190 0.072344 0.100978
3 0.437531 0.317568 0.074031 0.083397
