0 0.532398 0.162038 0.063609 0.109511
0 0.429969 0.118818 0.068125 0.095462
0 0.464969 0.197799 0.061719 0.124565
0 0.506969 0.290788 0.070844 0.127826
0 0.658758 0.553207 0.059609 0.116141
0 0.669687 0.696087 0.063281 0.127337
0 0.388563 0.693723 0.078594 0.095815
0 0.386820 0.459946 0.067734 0.121196
0 0.286797 0.183125 0.061375 0.120924
2 0.485859 0.654633 0.070781 0.132255
2 0.602609 0.757976 0.068750 0.128668
2 0.530352 0.761970 0.068453 0.118125
2 0.448422 0.791861 0.071094 0.120462
2 0.329969 0.593098 0.071438 0.134837
2 0.545945 0.396005 0.058703 0.128696
2 0.365906 0.337962 0.056719 0.112935
4 0.227180 0.274307 0.064828 0.127473
4 0.175359 0.474986 0.075000 0.131114
4 0.325281 0.923995 0.062250 0.145870
4 0.405031 0.579307 0.069437 0.095136
4 0.318328 0.433274 0.053594 0.125299
4 0.432672 0.340734 0.068281 0.108696
1 0.357281 0.154443 0.063594 0.104103
1 0.576641 0.275842 0.060906 0.125054
1 0.625336 0.395027 0.070953 0.128315
1 0.597148 0.493370 0.059578 0.115435
1 0.598445 0.618913 0.068953 0.118859
1 0.240031 0.877636 0.080469 0.134239
1 0.267586 0.699063 0.074172 0.132473
1 0.266680 0.540489 0.059172 0.120543
3 0.298727 0.312405 0.066953 0.119755
3 0.247891 0.410435 0.067219 0.125815
3 0.196625 0.612921 0.073875 0.127310
3 0.186469 0.751495 0.077656 0.128696
3 0.324828 0.781454 0.079219 0.121005
3 0.405008 0.914470 0.076078 0.136549
3 0.501914 0.896522 0.082734 0.118750
3 0.543328 0.563750 0.051875 0.127337
3 0.478906 0.526943 0.072969 0.096277
3 0.477391 0.421291 0.072344 0.100951
3 0.396039 0.240448 0.074016 0.083397
