3 0.347109 0.197736 0.050917 0.089083
4 0.444167 0.106083 0.061812 0.086574
3 0.434956 0.191630 0.049297 0.086870
4 0.368021 0.117074 0.057802 0.101815
0 0.113687 0.194426 0.046375 0.090667
0 0.172161 0.226907 0.053156 0.090926
0 0.217706 0.098773 0.058620 0.071991
0 0.397034 0.405644 0.052693 0.074880
1 0.173388 0.491000 0.055745 0.100481
1 0.135404 0.259046 0.041797 0.086130
0 0.161888 0.092977 0.049286 0.058361
0 0.196122 0.148634 0.042526 0.068731
1 0.151271 0.152875 0.043490 0.082472
3 0.245453 0.040241 0.050292 0.065833
3 0.298427 0.048764 0.057990 0.070824
1 0.257016 0.373065 0.052094 0.093463
4 0.193893 0.045606 0.056411 0.076139
4 0.430112 0.473403 0.049245 0.085861
2 0.416690 0.254440 0.044495 0.084787
1 0.307177 0.157667 0.038854 0.087574
3 0.402406 0.336259 0.053979 0.085852
3 0.475378 0.902028 0.059661 0.104352
4 0.262570 0.504560 0.065714 0.095676
1 0.363047 0.466306 0.048271 0.094278
1 0.239234 0.793708 0.077625 0.114398
3 0.395279 0.875750 0.065453 0.097389
3 0.508055 0.575417 0.065203 0.107259
3 0.400758 0.527208 0.049755 0.093250
3 0.732643 0.857764 0.091130 0.103231
1 0.227669 0.939120 0.076099 0.121759
4 0.340956 0.520380 0.062828 0.101389
0 0.266440 0.275764 0.052828 0.092176
3 0.546367 0.315347 0.058828 0.110269
1 0.473612 0.507106 0.048141 0.083898
1 0.451685 0.557051 0.055245 0.094769
1 0.467557 0.274648 0.048719 0.094481
2 0.588021 0.244829 0.050979 0.086787
2 0.172937 0.313903 0.049990 0.079361
2 0.245570 0.179431 0.050172 0.078806
2 0.281755 0.129032 0.045458 0.075731
2 0.443753 0.488667 0.059745 0.095704
3 0.311513 0.409912 0.059016 0.099491
3 0.452901 0.389088 0.063313 0.103065
3 0.354766 0.284407 0.056219 0.088833
