3 0.345594 0.298236 0.050917 0.089083
4 0.448464 0.217046 0.061812 0.086574
3 0.433591 0.297083 0.049297 0.086870
4 0.373703 0.239093 0.057802 0.101815
0 0.123917 0.319676 0.046375 0.090667
0 0.167753 0.348185 0.053161 0.090926
0 0.206909 0.294731 0.058620 0.071981
0 0.392148 0.531097 0.052693 0.074880
1 0.174049 0.633259 0.053495 0.088315
1 0.132911 0.389968 0.041792 0.086120
0 0.162909 0.231968 0.049286 0.058361
0 0.217034 0.226611 0.042526 0.068722
1 0.161839 0.294495 0.043490 0.082472
3 0.260000 0.167060 0.050292 0.065843
3 0.302688 0.149204 0.057990 0.071759
1 0.258531 0.502190 0.052094 0.093454
4 0.190453 0.128505 0.056417 0.079009
4 0.433901 0.583838 0.049240 0.085861
2 0.411289 0.373625 0.044505 0.090824
1 0.301117 0.290162 0.038849 0.087583
3 0.397695 0.437093 0.053974 0.085852
3 0.475378 0.902028 0.059661 0.104352
4 0.267901 0.651435 0.063458 0.087574
1 0.365698 0.593097 0.048271 0.094269
1 0.236734 0.910477 0.077625 0.114398
3 0.394367 0.978611 0.065453 0.042778
3 0.507404 0.672963 0.065203 0.107259
3 0.391664 0.672319 0.049755 0.093250
3 0.738818 0.965569 0.084323 0.068861
1 0.227669 0.939120 0.076099 0.121759
4 0.340956 0.520380 0.062828 0.101389
0 0.261437 0.404644 0.050604 0.094213
3 0.550021 0.454162 0.058833 0.110269
1 0.479294 0.612444 0.048141 0.083907
1 0.448927 0.701352 0.055250 0.094759
1 0.459982 0.391986 0.049474 0.094491
2 0.390703 0.319898 0.050979 0.086778
2 0.168435 0.455861 0.049984 0.079352
2 0.252185 0.278153 0.050172 0.078806
2 0.285068 0.218264 0.045458 0.075731
2 0.443753 0.488667 0.059745 0.095704
3 0.320388 0.534394 0.059016 0.099491
3 0.447870 0.493412 0.063313 0.103065
3 0.351424 0.397542 0.056224 0.088824
