0 0.534094 0.182622 0.063625 0.109538
0 0.445937 0.141603 0.068125 0.094076
0 0.476062 0.210802 0.061719 0.124538
0 0.511148 0.286481 0.070859 0.127799
0 0.634625 0.499728 0.059625 0.116141
0 0.645563 0.607432 0.063281 0.127364
0 0.410141 0.614823 0.080625 0.101712
0 0.407383 0.423668 0.071766 0.121196
0 0.325375 0.192962 0.061375 0.120924
2 0.495750 0.572622 0.070781 0.132255
2 0.591562 0.653370 0.068750 0.128696
2 0.532750 0.666073 0.069875 0.132255
2 0.464273 0.682663 0.071078 0.120489
2 0.368594 0.527690 0.071438 0.134837
2 0.546484 0.363342 0.058719 0.128696
2 0.392453 0.317310 0.056719 0.112935
4 0.274641 0.271155 0.064812 0.127473
4 0.235742 0.435788 0.075016 0.131141
4 0.361969 0.801603 0.062250 0.145870
4 0.430695 0.520367 0.069422 0.095136
4 0.356047 0.402717 0.053594 0.125272
4 0.446383 0.332255 0.073047 0.108696
1 0.385375 0.153899 0.063594 0.104103
1 0.570695 0.270245 0.063141 0.133261
1 0.616336 0.362636 0.070953 0.128315
1 0.588477 0.438832 0.059578 0.115435
1 0.592844 0.547704 0.068969 0.118886
1 0.287484 0.758967 0.080469 0.134239
1 0.311703 0.608750 0.074187 0.132500
1 0.316102 0.487690 0.066047 0.120543
3 0.338156 0.303845 0.066969 0.119755
3 0.294781 0.386196 0.067219 0.125815
3 0.253375 0.547323 0.073875 0.127310
3 0.246391 0.659674 0.077656 0.128696
3 0.362516 0.682323 0.079219 0.121005
3 0.426648 0.792174 0.076078 0.136522
3 0.509055 0.777962 0.082734 0.118750
3 0.542141 0.503764 0.051875 0.127310
3 0.489312 0.476291 0.072969 0.096277
3 0.488156 0.396861 0.072344 0.100951
3 0.418867 0.244878 0.074016 0.083397
