0 0.624117 0.192514 0.062859 0.137962
0 0.534297 0.139851 0.068125 0.099973
0 0.564156 0.221481 0.064500 0.122092
0 0.598141 0.307595 0.069625 0.124375
0 0.722633 0.551440 0.059609 0.116141
0 0.729156 0.674810 0.063281 0.127337
0 0.501055 0.657745 0.081203 0.093587
0 0.491797 0.457201 0.071750 0.121196
0 0.410367 0.202011 0.064141 0.130380
2 0.584375 0.619905 0.070031 0.132255
2 0.674312 0.713655 0.068750 0.128668
2 0.621063 0.722989 0.069875 0.132283
2 0.547648 0.738071 0.071078 0.120489
2 0.458984 0.570652 0.071438 0.134837
2 0.635398 0.409457 0.059391 0.128696
2 0.481891 0.345435 0.056719 0.112935
4 0.362203 0.287514 0.064813 0.127473
4 0.319344 0.463601 0.075000 0.128777
4 0.450219 0.843342 0.064281 0.131141
4 0.515508 0.561644 0.067453 0.104701
4 0.443727 0.433546 0.053609 0.125299
4 0.535344 0.354891 0.064906 0.122935
1 0.466375 0.172215 0.063594 0.104103
1 0.666188 0.293247 0.063156 0.132147
1 0.705266 0.398913 0.070969 0.128315
1 0.678039 0.494565 0.059578 0.115435
1 0.670008 0.597962 0.067641 0.105815
1 0.380734 0.800448 0.080469 0.134266
1 0.407539 0.647052 0.074172 0.132473
1 0.403148 0.530136 0.066047 0.120543
3 0.423117 0.321861 0.066953 0.119755
3 0.380766 0.411033 0.067219 0.125815
3 0.340375 0.580421 0.073875 0.127310
3 0.337016 0.705978 0.077656 0.128696
3 0.445813 0.735951 0.079219 0.121033
3 0.509680 0.838587 0.076078 0.133696
3 0.587234 0.828533 0.084125 0.118750
3 0.626078 0.556359 0.051875 0.127337
3 0.573719 0.521929 0.072969 0.096304
3 0.572094 0.429361 0.072344 0.100951
3 0.505297 0.258465 0.074031 0.083397
