0 0.522344 0.211902 0.063625 0.109511
0 0.438852 0.178234 0.068109 0.094076
0 0.468461 0.238329 0.061703 0.124538
0 0.502070 0.312527 0.066922 0.107500
0 0.618555 0.510408 0.059609 0.116141
0 0.626141 0.622296 0.063281 0.127364
0 0.409234 0.622391 0.080625 0.101739
0 0.402961 0.443560 0.071766 0.121196
0 0.325570 0.225842 0.061359 0.120924
2 0.485016 0.594253 0.070781 0.132255
2 0.575953 0.671603 0.068750 0.128696
2 0.521633 0.673003 0.069859 0.132255
2 0.456383 0.690204 0.071078 0.120462
2 0.362766 0.547160 0.071438 0.134864
2 0.533852 0.393288 0.058703 0.128696
2 0.386391 0.342908 0.056719 0.112935
4 0.277727 0.306834 0.064828 0.127473
4 0.239203 0.461291 0.075000 0.131114
4 0.359203 0.810815 0.062250 0.145870
4 0.420789 0.542323 0.069422 0.095136
4 0.352477 0.424402 0.053609 0.125272
4 0.442961 0.351875 0.073047 0.108696
1 0.383953 0.189959 0.063594 0.104103
1 0.561617 0.284253 0.063141 0.133234
1 0.597781 0.390639 0.070969 0.128288
1 0.575117 0.457337 0.059578 0.115435
1 0.577352 0.571685 0.068953 0.118859
1 0.290000 0.760992 0.080469 0.134266
1 0.312117 0.626141 0.074172 0.132500
1 0.314586 0.515027 0.066047 0.120543
3 0.336406 0.329796 0.066969 0.119755
3 0.295125 0.403505 0.067219 0.125815
3 0.257453 0.563492 0.073875 0.127310
3 0.250469 0.672880 0.077656 0.128696
3 0.354500 0.691372 0.079219 0.121005
3 0.419242 0.796603 0.076078 0.136522
3 0.500305 0.779647 0.082734 0.118750
3 0.532281 0.520217 0.051875 0.127337
3 0.477313 0.498451 0.072969 0.096304
3 0.478438 0.416236 0.072344 0.100951
3 0.413047 0.271413 0.074031 0.083370
