4 0.513664 0.246535 0.076047 0.107527
0 0.310297 0.254647 0.086281 0.128804
0 0.286930 0.373736 0.076953 0.138832
0 0.336094 0.475965 0.082656 0.140897
0 0.393648 0.675340 0.075422 0.128505
0 0.678844 0.436807 0.068187 0.147310
0 0.607563 0.653913 0.076531 0.150761
0 0.542188 0.608166 0.074219 0.139973
0 0.495172 0.917473 0.087625 0.161467
0 0.406617 0.928886 0.084266 0.142228
3 0.431078 0.094620 0.077094 0.108859
3 0.369828 0.174769 0.077125 0.120353
3 0.431406 0.323872 0.072969 0.128016
3 0.413172 0.437609 0.072219 0.127337
3 0.551539 0.161209 0.074859 0.133234
3 0.597063 0.236821 0.079875 0.128533
3 0.663180 0.309579 0.075141 0.121821
3 0.479094 0.543356 0.082406 0.124321
3 0.473258 0.672459 0.077016 0.148125
3 0.332344 0.736916 0.076000 0.133505
3 0.337891 0.870611 0.086562 0.138940
4 0.550320 0.476549 0.069922 0.122065
4 0.621195 0.521793 0.077641 0.146902
4 0.661000 0.767609 0.087656 0.158370
4 0.321023 0.607663 0.080453 0.144293
4 0.494555 0.316168 0.075391 0.127228
2 0.513500 0.032514 0.077000 0.062690
2 0.502992 0.125883 0.072266 0.134212
2 0.359508 0.349484 0.079766 0.142446
2 0.436437 0.805326 0.087438 0.153370
2 0.576289 0.855965 0.083328 0.164647
2 0.235164 0.619402 0.085984 0.140217
1 0.218617 0.489823 0.083891 0.118940
1 0.248656 0.762188 0.089188 0.161223
1 0.535734 0.737962 0.072063 0.143207
1 0.441461 0.201264 0.076891 0.118071
1 0.576578 0.092554 0.072219 0.118533
1 0.615945 0.391372 0.060984 0.142582
1 0.552148 0.366046 0.074359 0.136114
1 0.485133 0.423437 0.078891 0.103614
2 0.397516 0.558709 0.078125 0.121386
