0 0.529828 0.098397 0.066000 0.113641
0 0.436117 0.059416 0.068109 0.097745
0 0.468414 0.131848 0.063234 0.128152
0 0.504586 0.217690 0.070859 0.127826
0 0.639422 0.450747 0.060687 0.119266
0 0.646719 0.576141 0.063281 0.130978
0 0.405250 0.578125 0.080625 0.095815
0 0.400836 0.371114 0.067734 0.121196
0 0.306367 0.125149 0.061359 0.130679
2 0.485008 0.547853 0.071734 0.115652
2 0.586797 0.623234 0.068750 0.110761
2 0.522500 0.632785 0.054688 0.104592
2 0.453922 0.655951 0.063906 0.112500
2 0.354063 0.495870 0.059844 0.130978
2 0.541109 0.310041 0.055937 0.119810
2 0.380219 0.271957 0.051750 0.108967
4 0.255711 0.211861 0.066484 0.127473
4 0.218375 0.394348 0.074219 0.127989
4 0.353203 0.773302 0.057656 0.127418
4 0.419719 0.482120 0.069437 0.101087
4 0.340078 0.352527 0.053594 0.125815
4 0.440539 0.268954 0.067234 0.120408
1 0.368078 0.095856 0.063594 0.104103
1 0.567859 0.199429 0.055656 0.105978
1 0.613375 0.301386 0.065312 0.106467
1 0.584438 0.402717 0.048438 0.101467
1 0.587562 0.511495 0.065625 0.104837
1 0.273711 0.724226 0.061234 0.096712
1 0.300547 0.580489 0.072812 0.111141
1 0.298594 0.453886 0.056406 0.118261
3 0.322789 0.243777 0.066953 0.125163
3 0.279086 0.332283 0.065141 0.128804
3 0.237539 0.511861 0.072984 0.115842
3 0.232703 0.631277 0.077656 0.123370
3 0.349844 0.653288 0.079219 0.119022
3 0.420687 0.763804 0.074063 0.130978
3 0.501812 0.749375 0.076719 0.104891
3 0.536312 0.463084 0.051875 0.132310
3 0.479234 0.437717 0.072969 0.098641
3 0.479172 0.342065 0.072344 0.091576
3 0.406703 0.175951 0.074594 0.091576
