3 0.434167 0.286116 0.050917 0.089083
4 0.549042 0.206093 0.061812 0.086574
3 0.528138 0.290167 0.049297 0.086870
4 0.468813 0.211630 0.057802 0.101815
0 0.221706 0.305824 0.046370 0.090667
0 0.277333 0.326852 0.053156 0.085907
0 0.312841 0.255014 0.055286 0.083787
0 0.496474 0.493333 0.052698 0.074889
1 0.272818 0.600833 0.043750 0.079907
1 0.234555 0.362750 0.041797 0.086130
0 0.270643 0.221356 0.049286 0.058361
0 0.314065 0.194292 0.042526 0.068731
1 0.253190 0.260653 0.043495 0.082472
3 0.354096 0.178139 0.050286 0.065833
3 0.403891 0.133602 0.057990 0.071759
1 0.346518 0.485625 0.045443 0.079972
4 0.293740 0.135481 0.056417 0.075685
4 0.531724 0.559426 0.049240 0.085852
2 0.522727 0.365023 0.044505 0.090824
1 0.405315 0.265639 0.038849 0.087574
3 0.494318 0.409597 0.053979 0.085861
3 0.475378 0.902028 0.059661 0.104352
4 0.356542 0.609926 0.060625 0.079111
1 0.467813 0.560269 0.048271 0.094278
1 0.324346 0.882662 0.064370 0.092583
3 0.603878 0.656773 0.065203 0.107269
3 0.490940 0.632255 0.049755 0.093250
3 0.846773 0.950417 0.084318 0.099167
1 0.227669 0.939120 0.076099 0.121759
4 0.340956 0.520380 0.062828 0.101389
0 0.362445 0.354477 0.050599 0.094213
3 0.647320 0.421866 0.058828 0.110269
1 0.568682 0.575727 0.048135 0.083898
1 0.544096 0.661060 0.055245 0.094769
1 0.568284 0.375190 0.049474 0.094491
2 0.484865 0.307106 0.050979 0.086787
2 0.268044 0.426773 0.056151 0.091213
2 0.342945 0.253903 0.050151 0.078806
2 0.383964 0.214671 0.045458 0.075731
2 0.443753 0.488667 0.059745 0.095704
3 0.412242 0.507903 0.059016 0.099491
3 0.548279 0.463505 0.063307 0.103065
3 0.443659 0.369088 0.056224 0.088824
