3 0.346352 0.279519 0.050922 0.089074
4 0.450281 0.195231 0.061812 0.086574
3 0.432232 0.275264 0.049297 0.086861
4 0.369156 0.215662 0.057802 0.101824
0 0.113687 0.282509 0.046375 0.090667
0 0.167266 0.347032 0.053156 0.090917
0 0.201794 0.263421 0.058620 0.071991
0 0.388172 0.519986 0.052698 0.074880
1 0.172911 0.599926 0.053490 0.088315
1 0.125299 0.361889 0.041797 0.086130
0 0.161888 0.195403 0.049286 0.058361
0 0.213622 0.185199 0.042526 0.068731
1 0.157065 0.264394 0.043495 0.082472
3 0.256591 0.150394 0.050286 0.065843
3 0.297578 0.136069 0.057990 0.071769
1 0.253984 0.488046 0.052094 0.093463
4 0.186161 0.111440 0.056417 0.079009
4 0.432992 0.558245 0.049245 0.085861
2 0.412708 0.362310 0.044510 0.090824
1 0.300927 0.266931 0.038854 0.087583
3 0.393719 0.423958 0.053979 0.085861
3 0.475378 0.902028 0.059661 0.104352
4 0.263357 0.623148 0.063453 0.087574
1 0.366458 0.568991 0.048271 0.094278
1 0.232945 0.891620 0.077630 0.114407
3 0.395503 0.965463 0.065453 0.069074
3 0.504375 0.650069 0.065198 0.107269
3 0.395758 0.626667 0.049755 0.093241
3 0.742227 0.948384 0.087724 0.097176
1 0.227669 0.939120 0.076099 0.121759
4 0.340956 0.520380 0.062828 0.101389
0 0.258029 0.373329 0.050599 0.094213
3 0.547180 0.433963 0.058828 0.110259
1 0.474018 0.593685 0.048141 0.083907
1 0.447221 0.677106 0.055245 0.094769
1 0.454674 0.379699 0.049474 0.094491
2 0.405062 0.309477 0.050979 0.086787
2 0.160141 0.426569 0.049990 0.079361
2 0.249909 0.264005 0.050172 0.078806
2 0.278250 0.205125 0.045458 0.075731
2 0.443753 0.488667 0.059745 0.095704
3 0.318721 0.509069 0.059016 0.099491
3 0.442188 0.486338 0.063312 0.103065
3 0.348206 0.382389 0.056224 0.088833
