3 0.328495 0.104815 0.053208 0.127037
4 0.526125 0.086565 0.063781 0.104444
3 0.392266 0.095181 0.058948 0.097583
4 0.433828 0.085509 0.043490 0.082481
0 0.156443 0.067472 0.057021 0.087630
0 0.209599 0.107847 0.053156 0.085917
0 0.247776 0.055644 0.040594 0.083787
0 0.325581 0.042755 0.058953 0.061454
1 0.256477 0.131042 0.042526 0.067009
1 0.165625 0.126750 0.040594 0.096222
3 0.406893 0.834509 0.086016 0.137463
3 0.490172 0.444394 0.071521 0.115120
3 0.781018 0.821593 0.083214 0.136741
1 0.222695 0.678486 0.083120 0.132306
4 0.274057 0.417972 0.067656 0.109963
0 0.198193 0.186352 0.044865 0.087500
3 0.216638 0.306384 0.053151 0.103787
1 0.338935 0.280134 0.067266 0.092787
1 0.378456 0.328588 0.066109 0.098972
1 0.428615 0.261329 0.063792 0.111343
2 0.410708 0.166676 0.062437 0.085926
2 0.177065 0.384741 0.076547 0.113407
2 0.169362 0.228106 0.056193 0.105194
2 0.244148 0.183917 0.056828 0.082185
2 0.287870 0.214431 0.048885 0.099583
3 0.255029 0.273139 0.063786 0.101037
3 0.320818 0.354968 0.060031 0.104620
3 0.359068 0.173218 0.067094 0.088824
