0 0.528164 0.185014 0.062859 0.137962
0 0.433422 0.141712 0.068125 0.099946
0 0.466828 0.221644 0.061719 0.124538
0 0.503531 0.317989 0.066844 0.117174
0 0.631563 0.570938 0.059625 0.116114
0 0.637750 0.691943 0.063281 0.127364
0 0.398734 0.699674 0.078531 0.098207
0 0.395281 0.480299 0.071750 0.121196
0 0.298758 0.205571 0.064141 0.130380
2 0.480406 0.631590 0.070031 0.132255
2 0.581547 0.742921 0.068750 0.128668
2 0.519625 0.750476 0.069875 0.132255
2 0.449602 0.766739 0.071078 0.120489
2 0.346055 0.601970 0.071422 0.134864
2 0.538711 0.410924 0.059391 0.128696
2 0.376250 0.365788 0.056719 0.112935
4 0.244844 0.299918 0.064812 0.127446
4 0.204820 0.494620 0.075016 0.128804
4 0.344078 0.902065 0.064281 0.131141
4 0.411773 0.591046 0.067453 0.104701
4 0.333281 0.454837 0.053594 0.125272
4 0.434477 0.364511 0.073047 0.122935
1 0.367094 0.155109 0.063594 0.104076
1 0.569578 0.291807 0.063156 0.132147
1 0.612867 0.402894 0.070953 0.128288
1 0.580320 0.493601 0.059578 0.115462
1 0.581687 0.621168 0.067656 0.105815
1 0.270594 0.793261 0.080469 0.134239
1 0.290211 0.681617 0.074172 0.132473
1 0.289992 0.546087 0.066047 0.120543
3 0.315047 0.333668 0.066969 0.119783
3 0.270328 0.429348 0.067219 0.125815
3 0.228055 0.620326 0.073859 0.127337
3 0.224016 0.747799 0.077656 0.128696
3 0.340469 0.771168 0.079219 0.121033
3 0.410445 0.890000 0.076078 0.133696
3 0.494102 0.874647 0.082734 0.118750
3 0.531937 0.573791 0.051875 0.127310
3 0.477219 0.545557 0.072969 0.096277
3 0.476266 0.450041 0.072344 0.100951
3 0.401648 0.267772 0.074016 0.083370
