3 0.381974 0.376208 0.046313 0.082528
4 0.557453 0.297870 0.063781 0.104444
3 0.433102 0.334625 0.049297 0.086861
4 0.476984 0.295676 0.048313 0.101815
0 0.219026 0.360806 0.046375 0.072185
0 0.267948 0.394991 0.053156 0.085907
0 0.298677 0.326222 0.040594 0.083796
0 0.372693 0.305792 0.058958 0.066602
1 0.323289 0.396968 0.042526 0.073454
1 0.228078 0.418245 0.041792 0.072639
0 0.277510 0.262569 0.058958 0.049787
0 0.332388 0.254065 0.042526 0.068722
1 0.258643 0.315273 0.043495 0.082472
3 0.355779 0.228926 0.051224 0.069185
3 0.402172 0.225065 0.057990 0.071759
1 0.332055 0.324755 0.034797 0.068731
4 0.299664 0.199792 0.047359 0.068324
3 0.436557 0.962463 0.071854 0.075074
3 0.541219 0.667736 0.071521 0.115120
3 0.808969 0.917509 0.083958 0.092722
1 0.308076 0.940662 0.077036 0.103269
4 0.351042 0.692690 0.062823 0.101380
0 0.259661 0.473843 0.044865 0.087500
3 0.277320 0.572546 0.053151 0.103796
1 0.393586 0.547991 0.067266 0.092778
1 0.440159 0.578421 0.054870 0.077528
1 0.471896 0.511917 0.051750 0.100574
2 0.463018 0.419861 0.056401 0.088093
2 0.255245 0.658333 0.053354 0.096259
2 0.227643 0.508708 0.047755 0.077269
2 0.303904 0.461116 0.042339 0.089083
2 0.349818 0.494565 0.048885 0.080704
3 0.321133 0.549722 0.050516 0.094593
3 0.382266 0.629148 0.047938 0.091741
3 0.415193 0.424310 0.056219 0.088824
