0 0.509703 0.176984 0.067781 0.120109
0 0.412547 0.137432 0.068969 0.103125
0 0.447773 0.213057 0.063828 0.126603
0 0.483836 0.304579 0.071703 0.127799
0 0.616250 0.549185 0.058438 0.118478
0 0.624453 0.673641 0.063281 0.130978
0 0.379531 0.679212 0.080625 0.092663
0 0.377031 0.468207 0.070938 0.121196
0 0.282461 0.204742 0.059453 0.129103
2 0.462656 0.636821 0.058750 0.103533
2 0.567039 0.731997 0.067203 0.111005
2 0.500469 0.741984 0.050625 0.110598
2 0.428609 0.764266 0.064344 0.119837
2 0.327734 0.596196 0.059844 0.130978
2 0.519688 0.399457 0.059687 0.122283
2 0.355234 0.357473 0.051719 0.114402
4 0.231070 0.298492 0.064109 0.127473
4 0.191953 0.489810 0.074219 0.127989
4 0.328594 0.881250 0.052500 0.128804
4 0.393203 0.579620 0.068906 0.101087
4 0.314609 0.445516 0.053594 0.125815
4 0.418258 0.356399 0.067234 0.120408
1 0.345078 0.174035 0.063594 0.104103
1 0.548609 0.290217 0.055656 0.105978
1 0.592578 0.394701 0.063594 0.100815
1 0.562578 0.486495 0.042969 0.104728
1 0.566797 0.608152 0.063281 0.098370
1 0.245469 0.828410 0.053125 0.087745
1 0.278125 0.682201 0.066563 0.114402
1 0.275234 0.553533 0.056406 0.107065
3 0.297031 0.332622 0.065937 0.126060
3 0.252586 0.427174 0.065141 0.128804
3 0.213039 0.608709 0.068922 0.122853
3 0.206578 0.732880 0.074344 0.121196
3 0.325000 0.755978 0.076875 0.109239
3 0.395313 0.871196 0.070312 0.130978
3 0.478203 0.855163 0.076719 0.101630
3 0.514922 0.559891 0.053281 0.124185
3 0.457891 0.533016 0.072969 0.098641
3 0.457891 0.435734 0.072344 0.091576
3 0.384891 0.260285 0.074594 0.089212
