0 0.495953 0.239715 0.059969 0.107255
0 0.409219 0.203940 0.059687 0.092120
0 0.439875 0.271739 0.058125 0.111957
0 0.472766 0.352310 0.062656 0.113859
0 0.591250 0.571834 0.050312 0.103179
0 0.597406 0.682582 0.057063 0.114946
0 0.378117 0.688560 0.069078 0.082337
0 0.376406 0.499321 0.063125 0.109511
0 0.291875 0.266033 0.054688 0.114674
2 0.454031 0.650245 0.061125 0.103207
2 0.545195 0.725245 0.061578 0.096196
2 0.486469 0.739090 0.051562 0.091114
2 0.422180 0.759810 0.057516 0.098967
2 0.333375 0.609239 0.052312 0.116848
2 0.503937 0.437935 0.054437 0.105652
2 0.357141 0.398342 0.049531 0.096141
4 0.244625 0.345897 0.058250 0.110815
4 0.210938 0.518478 0.066563 0.113587
4 0.332250 0.868587 0.049844 0.116576
4 0.392820 0.600489 0.062766 0.090435
4 0.321734 0.480462 0.047781 0.113098
4 0.413375 0.400299 0.061125 0.105489
1 0.346953 0.237745 0.055469 0.099511
1 0.530250 0.336141 0.052937 0.105978
1 0.571227 0.434293 0.059609 0.083043
1 0.543352 0.518071 0.047172 0.086739
1 0.544609 0.624457 0.058281 0.095652
1 0.261609 0.822609 0.056531 0.084457
1 0.285695 0.691753 0.057984 0.096875
1 0.277625 0.564321 0.054438 0.110272
3 0.306094 0.377378 0.060000 0.113451
3 0.265031 0.461549 0.059687 0.111141
3 0.229820 0.627595 0.063547 0.112201
3 0.224414 0.736970 0.066797 0.104429
3 0.329227 0.757582 0.069422 0.104348
3 0.391609 0.859755 0.062469 0.113315
3 0.466609 0.848451 0.069656 0.093207
3 0.500125 0.580489 0.046375 0.113696
3 0.449047 0.554891 0.062469 0.083696
3 0.448687 0.470543 0.063563 0.081196
3 0.382742 0.313696 0.066703 0.080109
