0 0.503703 0.217473 0.064000 0.112826
0 0.413000 0.177582 0.062813 0.095109
0 0.445094 0.247541 0.059125 0.113071
0 0.477922 0.332826 0.063594 0.113859
0 0.601242 0.559647 0.055109 0.107880
0 0.610078 0.676739 0.060937 0.121630
0 0.382562 0.678954 0.071438 0.087962
0 0.379094 0.486046 0.064062 0.114973
0 0.292187 0.243465 0.054375 0.118234
2 0.460695 0.643995 0.059328 0.109457
2 0.555977 0.719565 0.062891 0.091413
2 0.492922 0.737812 0.052656 0.110842
2 0.426766 0.750000 0.056563 0.094293
2 0.335000 0.601685 0.052813 0.123641
2 0.510953 0.422092 0.053031 0.103261
2 0.358781 0.380285 0.049375 0.100571
4 0.245547 0.328342 0.059219 0.118152
4 0.208109 0.503818 0.068687 0.121168
4 0.334547 0.867582 0.049844 0.116576
4 0.396586 0.587242 0.064891 0.091005
4 0.322813 0.465462 0.049281 0.118533
4 0.417187 0.383030 0.062813 0.106223
1 0.349453 0.217962 0.058375 0.101359
1 0.537438 0.316114 0.052500 0.105978
1 0.580375 0.418152 0.060656 0.091522
1 0.552602 0.509701 0.044266 0.093641
1 0.554047 0.619198 0.053313 0.092582
1 0.261000 0.817677 0.048125 0.081386
1 0.286109 0.687147 0.062469 0.099620
1 0.277727 0.560897 0.056266 0.110761
3 0.305156 0.358220 0.060937 0.112473
3 0.265711 0.444647 0.063109 0.117772
3 0.228211 0.616590 0.067703 0.116277
3 0.222812 0.730190 0.070375 0.106304
3 0.331672 0.753397 0.070406 0.104348
3 0.396734 0.857595 0.063062 0.119429
3 0.474023 0.844457 0.071516 0.093207
3 0.509523 0.569375 0.047297 0.118696
3 0.454414 0.542255 0.066328 0.086685
3 0.454352 0.454579 0.066891 0.083940
3 0.385656 0.292296 0.067812 0.082364
