3 0.342755 0.259597 0.058031 0.099176
4 0.528211 0.178315 0.061807 0.086574
3 0.401482 0.212731 0.049297 0.086870
4 0.450352 0.189324 0.048318 0.101815
0 0.173599 0.248056 0.046375 0.072185
0 0.237943 0.286782 0.053156 0.085917
0 0.266437 0.215282 0.055281 0.083787
0 0.340565 0.173343 0.065005 0.081852
1 0.273674 0.446829 0.043745 0.079935
1 0.189620 0.302069 0.041792 0.072639
0 0.235414 0.140884 0.049286 0.058361
0 0.281867 0.148162 0.042526 0.068731
1 0.219099 0.208468 0.043490 0.082472
3 0.320747 0.101417 0.051224 0.069185
3 0.376292 0.096083 0.057990 0.071759
1 0.288404 0.275042 0.044474 0.081657
4 0.263245 0.069491 0.056417 0.084426
3 0.464672 0.960648 0.065198 0.078704
3 0.514828 0.571773 0.071521 0.115120
3 0.833513 0.957963 0.084318 0.084074
1 0.227669 0.939120 0.076099 0.121759
4 0.317354 0.588755 0.062823 0.101380
0 0.228536 0.339667 0.044865 0.087500
3 0.404531 0.446653 0.053146 0.110269
1 0.478799 0.505861 0.048141 0.083907
1 0.429643 0.507921 0.058276 0.094769
1 0.464906 0.393431 0.067469 0.111324
2 0.430878 0.300380 0.057630 0.105315
2 0.294745 0.684727 0.053354 0.096250
2 0.218964 0.422227 0.055813 0.102324
2 0.283667 0.385681 0.048396 0.077231
2 0.371060 0.453296 0.059745 0.095704
3 0.312143 0.458875 0.050516 0.086028
3 0.392138 0.467833 0.057630 0.089648
3 0.385609 0.302463 0.056219 0.088833
