0 0.534008 0.105367 0.062859 0.137962
0 0.437781 0.049402 0.068125 0.091739
0 0.471766 0.130421 0.061719 0.124538
0 0.504773 0.229130 0.066828 0.117174
0 0.636320 0.474606 0.059609 0.116114
0 0.644203 0.597976 0.063281 0.127364
0 0.404875 0.594443 0.080625 0.101712
0 0.400719 0.387853 0.071750 0.121196
0 0.306344 0.118098 0.061375 0.130380
2 0.483781 0.556073 0.070031 0.132255
2 0.588000 0.642731 0.068750 0.128668
2 0.522516 0.663899 0.069875 0.132255
2 0.455891 0.676019 0.071094 0.120462
2 0.355000 0.504443 0.071438 0.134864
2 0.545008 0.326712 0.059391 0.128696
2 0.380625 0.270978 0.056719 0.112935
4 0.254063 0.219470 0.064812 0.127473
4 0.215359 0.398587 0.075000 0.128804
4 0.348602 0.787799 0.062234 0.131141
4 0.421031 0.493084 0.067438 0.104701
4 0.339734 0.363818 0.053594 0.125299
4 0.439477 0.278071 0.073047 0.108696
1 0.375969 0.080421 0.063594 0.104103
1 0.571719 0.212867 0.063156 0.132147
1 0.618266 0.316182 0.070969 0.128288
1 0.589680 0.410625 0.059578 0.115435
1 0.589094 0.538247 0.068969 0.118886
1 0.276750 0.735435 0.080469 0.134239
1 0.303547 0.595041 0.074187 0.132473
1 0.294070 0.462174 0.066047 0.120543
3 0.320820 0.246807 0.066953 0.119755
3 0.276781 0.337745 0.067219 0.125815
3 0.236375 0.522514 0.073875 0.127310
3 0.228953 0.640965 0.077656 0.128723
3 0.349297 0.669742 0.079219 0.121005
3 0.415203 0.786576 0.076094 0.133696
3 0.498180 0.769429 0.082734 0.118750
3 0.536359 0.485435 0.051875 0.127337
3 0.478562 0.448641 0.072969 0.096304
3 0.478984 0.354891 0.072344 0.100978
3 0.407086 0.175720 0.074016 0.083397
