0 0.491953 0.144008 0.063625 0.109538
0 0.393102 0.106101 0.068109 0.095462
0 0.427922 0.177704 0.061719 0.124538
0 0.468398 0.262133 0.070859 0.127799
0 0.612195 0.490557 0.059609 0.116114
0 0.623812 0.613342 0.063281 0.127337
0 0.361719 0.625761 0.078594 0.095815
0 0.356234 0.416821 0.067750 0.121196
0 0.261484 0.167147 0.061375 0.120924
2 0.454594 0.590938 0.070781 0.132255
2 0.565227 0.676128 0.068734 0.128668
2 0.492289 0.693601 0.059641 0.118125
2 0.421570 0.712052 0.071078 0.120462
2 0.308016 0.543451 0.069219 0.134837
2 0.510688 0.348628 0.058719 0.112038
2 0.340203 0.305272 0.052656 0.103533
4 0.211313 0.259715 0.064812 0.127473
4 0.163359 0.446427 0.075000 0.131114
4 0.309742 0.843696 0.058922 0.133967
4 0.378188 0.523764 0.069437 0.095136
4 0.293859 0.396929 0.053594 0.125272
4 0.400719 0.312364 0.068281 0.108696
1 0.330266 0.154008 0.063594 0.104103
1 0.538406 0.249538 0.055656 0.105978
1 0.579516 0.346957 0.064187 0.098641
1 0.560141 0.447228 0.054188 0.100000
1 0.558516 0.561889 0.068969 0.118886
1 0.225594 0.808723 0.080469 0.134239
1 0.254945 0.639022 0.074172 0.121739
1 0.256664 0.505326 0.059172 0.120543
3 0.277656 0.290530 0.066969 0.119755
3 0.229523 0.385598 0.065141 0.125815
3 0.182344 0.565639 0.073875 0.127310
3 0.175937 0.689429 0.077656 0.128696
3 0.305453 0.708166 0.079219 0.121005
3 0.378859 0.831726 0.074094 0.136549
3 0.468273 0.809647 0.082734 0.118750
3 0.503562 0.505530 0.051875 0.127310
3 0.445609 0.476957 0.072969 0.088098
3 0.441594 0.383261 0.072344 0.086793
3 0.364938 0.217106 0.074031 0.083397
