0 0.524297 0.152568 0.067094 0.124538
0 0.425172 0.110177 0.070719 0.103125
0 0.460734 0.185924 0.064781 0.128152
0 0.496906 0.277147 0.071531 0.127826
0 0.633617 0.526046 0.060703 0.119266
0 0.640969 0.653533 0.063281 0.130978
0 0.392219 0.656970 0.080625 0.093288
0 0.389867 0.443859 0.070297 0.121196
0 0.291859 0.177283 0.061375 0.130652
2 0.478703 0.621481 0.066844 0.105951
2 0.583781 0.702948 0.062750 0.102364
2 0.517219 0.717147 0.055438 0.108043
2 0.442422 0.738533 0.065406 0.111848
2 0.338844 0.571848 0.059844 0.130978
2 0.533750 0.373505 0.057437 0.125054
2 0.368734 0.335408 0.052844 0.114402
4 0.240836 0.273329 0.066484 0.127473
4 0.202687 0.462541 0.074219 0.128016
4 0.340922 0.863886 0.057656 0.128804
4 0.407094 0.557554 0.069437 0.101087
4 0.327109 0.419864 0.053594 0.125815
4 0.430570 0.331726 0.067234 0.120408
1 0.356563 0.151155 0.063594 0.104103
1 0.560922 0.260027 0.055656 0.105978
1 0.610688 0.370910 0.072437 0.106440
1 0.578344 0.469293 0.048438 0.101467
1 0.581844 0.588682 0.065625 0.104864
1 0.258484 0.804755 0.059687 0.088587
1 0.284781 0.662446 0.072812 0.111141
1 0.287172 0.519402 0.056406 0.112500
3 0.308445 0.305584 0.068047 0.125897
3 0.264523 0.400408 0.065141 0.128804
3 0.222312 0.588940 0.074531 0.129837
3 0.217844 0.714701 0.077656 0.126087
3 0.336391 0.735353 0.079219 0.119022
3 0.408812 0.853668 0.074062 0.130978
3 0.492953 0.836658 0.076719 0.104891
3 0.529875 0.537840 0.051875 0.132310
3 0.471891 0.507690 0.072969 0.098641
3 0.471422 0.409457 0.072344 0.091576
3 0.396000 0.233397 0.074594 0.091576
