0 0.507195 0.239823 0.066922 0.123723
0 0.418750 0.200761 0.068125 0.098859
0 0.452008 0.271128 0.064516 0.122092
0 0.484641 0.348967 0.069625 0.124402
0 0.602328 0.577446 0.058219 0.116141
0 0.609195 0.685448 0.065297 0.127364
0 0.385852 0.689660 0.081203 0.093560
0 0.383055 0.495408 0.071766 0.121196
0 0.300602 0.256386 0.064141 0.130380
2 0.469477 0.663655 0.072016 0.133397
2 0.556734 0.737894 0.068750 0.118071
2 0.501445 0.742486 0.069859 0.132255
2 0.434859 0.768166 0.064188 0.120571
2 0.344125 0.608478 0.071438 0.134837
2 0.521898 0.438995 0.059391 0.128696
2 0.369422 0.393329 0.060125 0.114103
4 0.252141 0.338927 0.060656 0.127473
4 0.213313 0.502609 0.075000 0.128804
4 0.340109 0.874090 0.064281 0.131114
4 0.408117 0.599470 0.067453 0.104701
4 0.331578 0.477269 0.053594 0.125299
4 0.424547 0.399212 0.064906 0.122935
1 0.363063 0.224633 0.063594 0.104103
1 0.550641 0.335802 0.063156 0.132147
1 0.587008 0.429647 0.070953 0.128315
1 0.566570 0.533560 0.059578 0.115435
1 0.561203 0.634470 0.065531 0.108016
1 0.280141 0.821726 0.080469 0.134266
1 0.294281 0.696698 0.074188 0.132473
1 0.290672 0.572092 0.066031 0.120543
3 0.310289 0.370312 0.066953 0.119755
3 0.269305 0.453560 0.067203 0.125815
3 0.235031 0.624171 0.073875 0.127310
3 0.229258 0.734348 0.075672 0.128696
3 0.337078 0.763139 0.079219 0.121005
3 0.401922 0.863995 0.078156 0.133696
3 0.477484 0.852717 0.078750 0.110380
3 0.511219 0.582364 0.051875 0.127337
3 0.459883 0.556793 0.068203 0.102174
3 0.459266 0.471916 0.072344 0.100951
3 0.391781 0.309307 0.074031 0.083397
