0 0.463711 0.210245 0.062859 0.137989
0 0.373891 0.163533 0.068125 0.098859
0 0.407492 0.236861 0.064516 0.122092
0 0.439844 0.321889 0.069625 0.124375
0 0.558844 0.541984 0.059625 0.116141
0 0.566719 0.658261 0.063281 0.127337
0 0.343031 0.667201 0.081188 0.093587
0 0.340789 0.471984 0.071766 0.121196
0 0.251664 0.225652 0.064141 0.130380
2 0.421516 0.644715 0.070031 0.132255
2 0.515281 0.697690 0.068750 0.128696
2 0.457508 0.718478 0.069859 0.132283
2 0.387055 0.750489 0.071078 0.120489
2 0.297227 0.589565 0.071422 0.134837
2 0.470930 0.414266 0.059391 0.128696
2 0.323047 0.362826 0.056719 0.112935
4 0.205203 0.313804 0.064812 0.127446
4 0.168453 0.484891 0.075000 0.128804
4 0.294219 0.853397 0.064281 0.131141
4 0.358844 0.577024 0.067437 0.104701
4 0.283820 0.453098 0.053609 0.125272
4 0.375844 0.371236 0.064906 0.122908
1 0.312766 0.197446 0.063594 0.104076
1 0.502250 0.306889 0.063156 0.132147
1 0.543750 0.412133 0.070969 0.128288
1 0.525570 0.506386 0.059578 0.115435
1 0.514648 0.614592 0.065516 0.107989
1 0.229172 0.804579 0.080469 0.134266
1 0.243055 0.671875 0.074172 0.132500
1 0.237992 0.543723 0.066047 0.120543
3 0.267422 0.340394 0.066969 0.119755
3 0.226727 0.428071 0.067203 0.125815
3 0.190516 0.604660 0.073875 0.127310
3 0.183750 0.716033 0.077656 0.128696
3 0.289828 0.737731 0.079219 0.121005
3 0.355367 0.842133 0.078172 0.133723
3 0.436352 0.829130 0.084141 0.118750
3 0.468516 0.556753 0.051875 0.127310
3 0.414344 0.528410 0.072969 0.096277
3 0.414188 0.439796 0.072344 0.100951
3 0.346766 0.277378 0.074031 0.083397
