3 0.345596 0.260019 0.060391 0.099167
4 0.532945 0.175787 0.061807 0.086574
3 0.407398 0.211046 0.049297 0.086870
4 0.455560 0.182171 0.048318 0.101824
0 0.179471 0.243343 0.046370 0.072185
0 0.242109 0.280384 0.053156 0.085917
0 0.269279 0.209222 0.055286 0.083796
0 0.343271 0.169852 0.065000 0.082093
1 0.330206 0.466176 0.043745 0.079944
1 0.193552 0.301528 0.041792 0.072630
0 0.238065 0.137856 0.049286 0.058361
0 0.284706 0.145801 0.042526 0.068731
1 0.223833 0.201736 0.043490 0.082472
3 0.322909 0.097088 0.051224 0.069194
3 0.379000 0.092236 0.057990 0.071769
1 0.290432 0.270718 0.044479 0.081657
4 0.266844 0.066806 0.056417 0.084426
3 0.469406 0.951806 0.065198 0.078704
3 0.519969 0.566394 0.071521 0.115120
3 0.838961 0.950810 0.084318 0.089120
1 0.227669 0.939120 0.076099 0.121759
4 0.319320 0.583060 0.062828 0.101380
0 0.232891 0.336639 0.044865 0.087500
3 0.434641 0.440634 0.053146 0.110269
1 0.488070 0.503759 0.048141 0.083907
1 0.447477 0.506847 0.055245 0.094769
1 0.486068 0.377310 0.067469 0.111324
2 0.435138 0.296167 0.057630 0.105315
2 0.278120 0.630444 0.053354 0.096259
2 0.220776 0.422227 0.055813 0.102324
2 0.283062 0.400727 0.048396 0.077231
2 0.384966 0.454375 0.059745 0.095694
3 0.320102 0.457264 0.050516 0.086028
3 0.437482 0.413019 0.057630 0.089648
3 0.393469 0.301750 0.056219 0.088833
