0 0.517984 0.169633 0.067531 0.122962
0 0.419422 0.128193 0.070406 0.103125
0 0.455047 0.204280 0.064406 0.127527
0 0.491117 0.295815 0.071703 0.127826
0 0.626445 0.544552 0.059797 0.118940
0 0.633969 0.670734 0.063281 0.130978
0 0.386250 0.674837 0.080625 0.092663
0 0.384031 0.462364 0.070938 0.121196
0 0.286922 0.195462 0.060594 0.130054
2 0.471750 0.636821 0.062875 0.103533
2 0.576688 0.723967 0.063625 0.104565
2 0.509844 0.737595 0.053625 0.110625
2 0.436055 0.759375 0.065203 0.114946
2 0.333047 0.590842 0.059844 0.130978
2 0.527844 0.391875 0.058563 0.124728
2 0.362687 0.352609 0.052562 0.114402
4 0.235703 0.291182 0.065531 0.127473
4 0.197266 0.481522 0.074219 0.127989
4 0.335203 0.881250 0.055594 0.128804
4 0.400641 0.575245 0.069219 0.101087
4 0.321047 0.438696 0.053594 0.125815
4 0.424977 0.349579 0.067234 0.120408
1 0.351234 0.168193 0.063594 0.104103
1 0.555609 0.280489 0.055656 0.105978
1 0.603922 0.388601 0.069969 0.104212
1 0.571531 0.485027 0.046250 0.102772
1 0.575375 0.606209 0.064687 0.102255
1 0.251938 0.824239 0.057063 0.088261
1 0.281219 0.680082 0.070312 0.112446
1 0.281391 0.542065 0.056406 0.109457
3 0.302781 0.324334 0.067375 0.126060
3 0.258742 0.419375 0.065141 0.128804
3 0.217266 0.606019 0.072281 0.128234
3 0.212055 0.731413 0.076328 0.124130
3 0.331047 0.753043 0.078281 0.115109
3 0.402625 0.871196 0.072562 0.130978
3 0.486594 0.854185 0.076719 0.103587
3 0.523219 0.555516 0.052438 0.129076
3 0.466016 0.526685 0.072969 0.098641
3 0.465734 0.428424 0.072344 0.091576
3 0.390766 0.251739 0.074594 0.090652
