3 0.385083 0.349866 0.053208 0.094861
4 0.565906 0.287139 0.063781 0.104444
3 0.442333 0.310356 0.058948 0.097583
4 0.483594 0.280727 0.048312 0.101824
0 0.216370 0.325593 0.046375 0.072185
0 0.281031 0.355810 0.053156 0.085917
0 0.311156 0.303319 0.040594 0.083787
0 0.383320 0.283287 0.058953 0.064444
1 0.326659 0.371449 0.042526 0.067009
1 0.234370 0.377468 0.041792 0.064009
0 0.278820 0.238417 0.058953 0.049796
0 0.334352 0.248991 0.042526 0.068722
1 0.267461 0.287148 0.043495 0.082481
3 0.363029 0.209532 0.051224 0.069194
3 0.419646 0.211968 0.057990 0.071769
1 0.350638 0.312176 0.034797 0.068722
4 0.316872 0.179032 0.047359 0.068324
3 0.439732 0.946736 0.078203 0.106528
3 0.540661 0.644116 0.071521 0.115120
3 0.795924 0.872745 0.083609 0.113269
1 0.297854 0.888486 0.081948 0.126713
4 0.346539 0.643889 0.062828 0.101389
0 0.270430 0.431167 0.044870 0.087500
3 0.283560 0.542602 0.053151 0.103796
1 0.398951 0.521319 0.067266 0.092787
1 0.438141 0.557847 0.058885 0.086120
1 0.480724 0.480431 0.051698 0.109157
2 0.478234 0.388083 0.056396 0.088093
2 0.258870 0.614315 0.053354 0.096259
2 0.238810 0.471421 0.047755 0.077269
2 0.303578 0.434949 0.042333 0.089083
2 0.354089 0.448227 0.048885 0.080694
3 0.328232 0.512796 0.063786 0.101037
3 0.389297 0.594213 0.056385 0.100370
3 0.419888 0.400204 0.067089 0.088833
