0 0.525531 0.204647 0.063625 0.109511
0 0.441250 0.171277 0.068125 0.094076
0 0.471016 0.230774 0.061719 0.124538
0 0.505281 0.307418 0.068875 0.117663
0 0.624430 0.507989 0.059609 0.116141
0 0.631797 0.621617 0.063281 0.127364
0 0.411484 0.621427 0.080625 0.101712
0 0.406594 0.441114 0.071750 0.121196
0 0.327352 0.219647 0.061359 0.120924
2 0.487438 0.587976 0.070781 0.132255
2 0.579969 0.664715 0.068750 0.128668
2 0.527187 0.670068 0.069875 0.132255
2 0.461336 0.684932 0.071078 0.120462
2 0.365539 0.542853 0.071422 0.134837
2 0.537219 0.387772 0.058719 0.128696
2 0.388453 0.335408 0.056719 0.112935
4 0.278844 0.299524 0.064812 0.127473
4 0.240187 0.458886 0.075000 0.131141
4 0.360172 0.807582 0.062250 0.145870
4 0.425828 0.535992 0.069437 0.095136
4 0.354266 0.421304 0.053594 0.125272
4 0.445117 0.342391 0.073047 0.108696
1 0.385734 0.183057 0.063594 0.104103
1 0.565594 0.277337 0.063156 0.133261
1 0.602914 0.385448 0.070953 0.128288
1 0.577852 0.451522 0.059578 0.115435
1 0.581625 0.565435 0.068969 0.118859
1 0.289922 0.759429 0.080469 0.134239
1 0.311937 0.623913 0.074187 0.132500
1 0.313727 0.509022 0.066047 0.120543
3 0.337000 0.325992 0.066969 0.119755
3 0.295125 0.402554 0.067219 0.125815
3 0.257453 0.560720 0.073875 0.127310
3 0.250922 0.669334 0.077656 0.128723
3 0.358687 0.689416 0.079219 0.121005
3 0.422320 0.794660 0.076078 0.136549
3 0.502531 0.778071 0.082750 0.118750
3 0.535516 0.520014 0.051875 0.127310
3 0.480266 0.494728 0.072969 0.096304
3 0.481953 0.413193 0.072344 0.100951
3 0.415047 0.265747 0.074031 0.083397
