0 0.561961 0.103818 0.063609 0.109538
0 0.455461 0.061155 0.068109 0.103668
0 0.496906 0.136332 0.061719 0.124565
0 0.535008 0.232582 0.070859 0.127826
0 0.687977 0.491155 0.059609 0.116114
0 0.697891 0.629891 0.063281 0.127337
0 0.418469 0.634633 0.080625 0.101712
0 0.416352 0.399674 0.071766 0.121196
0 0.312461 0.122826 0.061359 0.120924
2 0.513391 0.590340 0.070781 0.132255
2 0.632078 0.695747 0.068750 0.128668
2 0.556906 0.699334 0.068469 0.118125
2 0.479680 0.725666 0.071078 0.120462
2 0.357719 0.539905 0.071438 0.134864
2 0.574578 0.340190 0.058719 0.128696
2 0.392188 0.279266 0.056719 0.112935
4 0.255500 0.217758 0.064812 0.127473
4 0.208555 0.418655 0.075016 0.131114
4 0.358578 0.859565 0.062250 0.145870
4 0.433578 0.516671 0.069437 0.095136
4 0.347891 0.374457 0.053594 0.125272
4 0.462586 0.285163 0.073047 0.108696
1 0.383344 0.100014 0.063594 0.104103
1 0.607508 0.230448 0.063141 0.133234
1 0.653383 0.348098 0.070953 0.128315
1 0.622570 0.441114 0.059578 0.115435
1 0.626578 0.572514 0.068969 0.118886
1 0.269937 0.808723 0.080469 0.134239
1 0.297156 0.631440 0.074187 0.132500
1 0.298227 0.483179 0.066047 0.120543
3 0.329313 0.247391 0.066969 0.119783
3 0.276773 0.349565 0.067203 0.125815
3 0.225508 0.549688 0.073859 0.127310
3 0.212641 0.682337 0.077656 0.128696
3 0.354047 0.713478 0.079219 0.121033
3 0.434227 0.849457 0.076078 0.136522
3 0.532164 0.835652 0.082734 0.118750
3 0.573750 0.505530 0.051875 0.127310
3 0.507797 0.469905 0.072969 0.096277
3 0.503438 0.366712 0.072344 0.100978
3 0.425094 0.179280 0.074031 0.083397
