0 0.520992 0.218573 0.063609 0.109538
0 0.436422 0.184158 0.068125 0.094076
0 0.463609 0.250992 0.061719 0.124538
0 0.495258 0.321821 0.066078 0.103152
0 0.615016 0.518030 0.059625 0.116114
0 0.623812 0.628410 0.063281 0.127364
0 0.406234 0.628709 0.080625 0.101712
0 0.400633 0.449674 0.071766 0.121196
0 0.322656 0.235122 0.061375 0.120951
2 0.483766 0.601101 0.070781 0.132255
2 0.573047 0.677011 0.068750 0.128696
2 0.517203 0.680666 0.069875 0.132255
2 0.452258 0.698818 0.071078 0.120462
2 0.358406 0.556454 0.071438 0.134864
2 0.529031 0.401168 0.058719 0.128696
2 0.385500 0.351304 0.056719 0.112935
4 0.273844 0.313505 0.064812 0.127446
4 0.237781 0.464742 0.075000 0.131114
4 0.357820 0.815435 0.062234 0.145870
4 0.418938 0.547976 0.069437 0.095136
4 0.349930 0.428832 0.053609 0.125272
4 0.440742 0.361386 0.073047 0.108696
1 0.381406 0.199796 0.063594 0.104103
1 0.553359 0.298601 0.063156 0.133234
1 0.592445 0.390639 0.070953 0.128288
1 0.574398 0.464810 0.059578 0.115435
1 0.568711 0.573709 0.068953 0.118886
1 0.289141 0.765802 0.080469 0.134266
1 0.312383 0.629321 0.074172 0.132500
1 0.315820 0.523641 0.066047 0.120543
3 0.335437 0.334864 0.066969 0.119783
3 0.293766 0.412201 0.067219 0.125815
3 0.257445 0.567432 0.073859 0.127310
3 0.249812 0.677935 0.077656 0.128696
3 0.356766 0.689837 0.079219 0.121033
3 0.417539 0.801087 0.076078 0.136522
3 0.498820 0.784457 0.082734 0.118750
3 0.527531 0.526807 0.051875 0.127310
3 0.477203 0.504185 0.072969 0.096304
3 0.473547 0.418709 0.072344 0.100951
3 0.410828 0.284470 0.074031 0.083397
