0 0.517391 0.246929 0.066906 0.123696
0 0.426906 0.206671 0.068125 0.098832
0 0.463578 0.270000 0.067187 0.122011
0 0.492797 0.353696 0.069625 0.124402
0 0.613203 0.585734 0.058219 0.116141
0 0.619391 0.698451 0.065313 0.127337
0 0.392969 0.701481 0.077094 0.093560
0 0.391211 0.508424 0.071766 0.121196
0 0.305008 0.265842 0.064141 0.130380
2 0.471180 0.666617 0.072016 0.133397
2 0.571688 0.731997 0.068750 0.118071
2 0.509969 0.744293 0.066406 0.132228
2 0.443016 0.770543 0.064187 0.120598
2 0.350922 0.622663 0.071438 0.134837
2 0.525977 0.450815 0.059391 0.128696
2 0.377578 0.403954 0.060125 0.114103
4 0.259609 0.345421 0.060656 0.127473
4 0.218062 0.517962 0.075000 0.128804
4 0.349625 0.884728 0.064281 0.131141
4 0.409477 0.603016 0.067453 0.104728
4 0.338375 0.487908 0.053594 0.125272
4 0.433375 0.404538 0.064906 0.122935
1 0.367828 0.229361 0.063594 0.104103
1 0.556766 0.345258 0.063156 0.132147
1 0.598563 0.427283 0.070969 0.128315
1 0.573367 0.543016 0.059578 0.115435
1 0.569117 0.631141 0.065516 0.107989
1 0.290344 0.826454 0.080469 0.134266
1 0.300836 0.704986 0.074172 0.132473
1 0.296789 0.579185 0.066047 0.120543
3 0.317086 0.378601 0.066953 0.119755
3 0.278141 0.465380 0.067219 0.125815
3 0.236391 0.637188 0.073875 0.127310
3 0.237414 0.747337 0.075672 0.128696
3 0.342844 0.774321 0.075813 0.122283
3 0.407359 0.881141 0.078156 0.133696
3 0.480547 0.868098 0.078750 0.110380
3 0.519375 0.597731 0.051875 0.127310
3 0.468031 0.565054 0.068219 0.102174
3 0.468781 0.480177 0.072344 0.100951
3 0.401984 0.316399 0.074031 0.083397
