0 0.525852 0.157106 0.065984 0.109538
0 0.433484 0.119307 0.068125 0.095462
0 0.465422 0.185652 0.057938 0.124565
0 0.500500 0.266658 0.070844 0.127826
0 0.633359 0.491440 0.058656 0.119239
0 0.643250 0.615476 0.063281 0.130788
0 0.403148 0.621359 0.078016 0.095815
0 0.398984 0.421658 0.067750 0.121196
0 0.307875 0.182500 0.061375 0.129674
2 0.484453 0.591277 0.072281 0.116413
2 0.586234 0.664715 0.068750 0.110734
2 0.522094 0.678438 0.057344 0.118125
2 0.452477 0.703859 0.068984 0.124728
2 0.353406 0.544851 0.062562 0.127473
2 0.536297 0.359891 0.055938 0.119022
2 0.379922 0.309022 0.051844 0.098967
4 0.254625 0.268546 0.066312 0.127473
4 0.216922 0.443465 0.074125 0.118723
4 0.351555 0.818777 0.057547 0.127174
4 0.419945 0.527147 0.069422 0.100978
4 0.338687 0.401902 0.053594 0.116467
4 0.437063 0.318342 0.067344 0.119239
1 0.368531 0.158641 0.063594 0.104076
1 0.564156 0.251821 0.055656 0.105978
1 0.608734 0.352894 0.064969 0.105679
1 0.580242 0.441304 0.056266 0.090054
1 0.588227 0.554647 0.065797 0.104511
1 0.275375 0.770299 0.061469 0.099457
1 0.300859 0.631807 0.072875 0.110734
1 0.299500 0.493614 0.056406 0.117717
3 0.319859 0.301291 0.066969 0.124375
3 0.278414 0.384715 0.065141 0.128505
3 0.238523 0.555394 0.072297 0.117473
3 0.233094 0.678791 0.077656 0.122201
3 0.349391 0.697962 0.079219 0.118750
3 0.418664 0.807120 0.073359 0.130978
3 0.500687 0.791087 0.076719 0.104891
3 0.535297 0.507391 0.051875 0.132065
3 0.478422 0.482120 0.072969 0.088098
3 0.476609 0.390693 0.072344 0.091332
3 0.405164 0.226005 0.074547 0.083370
