0 0.534977 0.098628 0.062859 0.137962
0 0.437508 0.048465 0.068109 0.091712
0 0.472531 0.126698 0.061719 0.124538
0 0.506523 0.222717 0.066828 0.117174
0 0.641758 0.472242 0.059609 0.116114
0 0.646922 0.593247 0.063281 0.127364
0 0.404875 0.590720 0.080625 0.101712
0 0.401102 0.381440 0.071766 0.121196
0 0.307164 0.110516 0.061359 0.130380
2 0.485672 0.555149 0.070031 0.132255
2 0.588547 0.640367 0.068750 0.128668
2 0.523875 0.657269 0.069875 0.132255
2 0.456570 0.673655 0.071078 0.120462
2 0.355391 0.500394 0.071438 0.134864
2 0.545820 0.321984 0.059391 0.128696
2 0.381984 0.259158 0.056719 0.112935
4 0.254672 0.212908 0.064812 0.127446
4 0.215156 0.392853 0.075000 0.128804
4 0.350063 0.786440 0.062250 0.131141
4 0.421227 0.491236 0.067453 0.104701
4 0.340516 0.359103 0.053594 0.125272
4 0.440250 0.274701 0.073062 0.108696
1 0.376953 0.080421 0.063594 0.104103
1 0.574437 0.208614 0.063156 0.132120
1 0.618266 0.312867 0.070969 0.128288
1 0.590227 0.408750 0.059578 0.115435
1 0.589641 0.534457 0.068969 0.118859
1 0.276750 0.735258 0.080469 0.134266
1 0.303883 0.595041 0.074172 0.132473
1 0.296602 0.460489 0.066047 0.120543
3 0.321164 0.239117 0.066953 0.119755
3 0.276781 0.333016 0.067219 0.125815
3 0.236375 0.515421 0.073875 0.127310
3 0.228953 0.633872 0.077656 0.128723
3 0.349484 0.664688 0.079219 0.121005
3 0.415203 0.778302 0.076094 0.133723
3 0.500211 0.763533 0.082734 0.118750
3 0.537453 0.478818 0.051875 0.127310
3 0.479922 0.446277 0.072969 0.096304
3 0.480063 0.348736 0.072344 0.100951
3 0.410141 0.168628 0.074031 0.083397
