0 0.535750 0.233913 0.066906 0.123696
0 0.450008 0.187758 0.068109 0.098832
0 0.482258 0.264035 0.064516 0.122092
0 0.513687 0.340992 0.069625 0.124375
0 0.631555 0.567405 0.058234 0.116114
0 0.638086 0.680720 0.065297 0.127364
0 0.418461 0.681671 0.077078 0.093560
0 0.415070 0.490707 0.071766 0.121196
0 0.332195 0.248696 0.064141 0.130380
2 0.485523 0.650068 0.072016 0.133397
2 0.584266 0.733764 0.068750 0.118071
2 0.527813 0.741630 0.066406 0.132228
2 0.459734 0.761902 0.064187 0.120598
2 0.366594 0.600652 0.071438 0.134837
2 0.542461 0.436929 0.059391 0.128696
2 0.394648 0.386671 0.060141 0.114103
4 0.284250 0.332432 0.060656 0.127473
4 0.246391 0.501223 0.075000 0.128804
4 0.372859 0.864158 0.064281 0.131141
4 0.432789 0.587649 0.067453 0.104701
4 0.360469 0.470190 0.053594 0.125272
4 0.453156 0.388234 0.064906 0.122935
1 0.383453 0.216372 0.063594 0.104103
1 0.565766 0.329878 0.063156 0.132147
1 0.607227 0.426399 0.070953 0.128288
1 0.576305 0.533397 0.059578 0.115435
1 0.579648 0.629212 0.065516 0.107989
1 0.291531 0.822908 0.080469 0.134239
1 0.318055 0.684687 0.074172 0.132473
1 0.310992 0.564592 0.066047 0.120543
3 0.342742 0.361304 0.066953 0.119783
3 0.302266 0.447065 0.067219 0.125815
3 0.266227 0.618492 0.073859 0.127310
3 0.260727 0.726658 0.075672 0.128696
3 0.365859 0.753043 0.075813 0.122283
3 0.426195 0.859742 0.078172 0.133723
3 0.505891 0.844457 0.078750 0.110380
3 0.541813 0.574688 0.051875 0.127310
3 0.488563 0.546848 0.068219 0.102174
3 0.489281 0.463736 0.072344 0.100951
3 0.423867 0.303274 0.074016 0.083397
