0 0.502891 0.146916 0.063625 0.109538
0 0.401086 0.107867 0.068109 0.095462
0 0.437859 0.181399 0.061719 0.124538
0 0.475625 0.270856 0.070844 0.127799
0 0.620016 0.508886 0.059625 0.116141
0 0.630437 0.635204 0.063281 0.127364
0 0.363922 0.641128 0.078594 0.095788
0 0.361156 0.427147 0.067750 0.121196
0 0.262437 0.169647 0.061375 0.120924
2 0.457859 0.611073 0.070781 0.132255
2 0.566586 0.704592 0.068734 0.128696
2 0.493484 0.712323 0.059625 0.118125
2 0.418180 0.732731 0.071078 0.120462
2 0.307766 0.559117 0.071438 0.134864
2 0.514219 0.363166 0.058719 0.112038
2 0.340320 0.307446 0.053328 0.105109
4 0.207695 0.265448 0.064828 0.127473
4 0.159344 0.457649 0.075000 0.131114
4 0.306383 0.869375 0.058922 0.133967
4 0.380563 0.537649 0.069437 0.095136
4 0.298445 0.403424 0.053609 0.125272
4 0.403672 0.319266 0.068281 0.108696
1 0.334875 0.156291 0.063594 0.104103
1 0.542383 0.252038 0.055672 0.105978
1 0.591617 0.365761 0.064172 0.098641
1 0.562656 0.451848 0.054188 0.100000
1 0.562914 0.589416 0.068953 0.118886
1 0.220594 0.827391 0.080469 0.134239
1 0.249117 0.655761 0.074172 0.121739
1 0.246914 0.518125 0.059172 0.120543
3 0.275734 0.292310 0.066969 0.119783
3 0.227758 0.390516 0.065141 0.125815
3 0.178203 0.581834 0.073875 0.127310
3 0.172703 0.703315 0.077656 0.128696
3 0.301203 0.727677 0.079219 0.121005
3 0.380219 0.858329 0.074094 0.136549
3 0.472352 0.833288 0.082734 0.118750
3 0.510188 0.519715 0.051875 0.127310
3 0.447297 0.486413 0.072969 0.088098
3 0.449750 0.392717 0.072344 0.086793
3 0.369586 0.220054 0.074016 0.083370
