0 0.335922 0.239742 0.075094 0.116929
0 0.316797 0.347405 0.071531 0.131766
0 0.357906 0.441223 0.077844 0.134837
0 0.412969 0.627500 0.072719 0.115978
0 0.673961 0.415408 0.065391 0.136793
0 0.608062 0.604959 0.071844 0.140190
0 0.546695 0.561549 0.066672 0.124565
0 0.502500 0.850258 0.080219 0.148397
0 0.427094 0.871793 0.076781 0.139130
3 0.449547 0.085639 0.077094 0.108886
3 0.391492 0.165734 0.077109 0.120380
3 0.447109 0.300720 0.062781 0.129158
3 0.430641 0.412418 0.068812 0.122500
3 0.560344 0.152921 0.074875 0.133234
3 0.601320 0.226223 0.075797 0.128533
3 0.660656 0.295122 0.071063 0.121821
3 0.490656 0.507500 0.076438 0.118370
3 0.483727 0.625041 0.070234 0.126766
3 0.357133 0.679918 0.071953 0.124185
3 0.362805 0.798791 0.080578 0.121332
4 0.557227 0.447418 0.069922 0.122065
4 0.622180 0.492568 0.072922 0.128016
4 0.654672 0.709511 0.078906 0.139348
4 0.348773 0.558886 0.077016 0.125272
4 0.502648 0.292717 0.075391 0.127228
4 0.518195 0.231970 0.076047 0.107527
2 0.526977 0.031848 0.077016 0.060870
2 0.513648 0.121644 0.072266 0.134212
2 0.382219 0.326739 0.076375 0.133043
2 0.450891 0.742242 0.075875 0.134375
2 0.574797 0.792853 0.077812 0.140924
2 0.270500 0.570992 0.078469 0.135679
1 0.252977 0.457147 0.079172 0.118967
1 0.282516 0.705272 0.080438 0.140489
1 0.537875 0.679565 0.068594 0.124185
1 0.456930 0.184389 0.072859 0.118071
1 0.582875 0.087717 0.072219 0.110163
1 0.617891 0.368438 0.060969 0.134321
1 0.559766 0.341522 0.064813 0.128967
1 0.495641 0.394742 0.076844 0.103614
2 0.414938 0.515543 0.076156 0.116739
