0 0.643820 0.161780 0.062859 0.137962
0 0.550609 0.115027 0.068125 0.099946
0 0.583867 0.194307 0.064516 0.122092
0 0.615852 0.275734 0.066828 0.117174
0 0.739633 0.519524 0.059609 0.116114
0 0.743437 0.639361 0.063281 0.127364
0 0.513969 0.628193 0.081188 0.093560
0 0.510820 0.425679 0.071766 0.121196
0 0.425992 0.168913 0.064141 0.130380
2 0.589813 0.599212 0.070031 0.132228
2 0.687234 0.687649 0.068750 0.128668
2 0.631938 0.696984 0.069875 0.132283
2 0.559539 0.700245 0.071078 0.120489
2 0.468172 0.531644 0.071438 0.134864
2 0.647977 0.369266 0.059391 0.128696
2 0.492766 0.311168 0.056719 0.112935
4 0.375797 0.250870 0.064812 0.127446
4 0.337688 0.431685 0.075000 0.128804
4 0.465844 0.819715 0.064281 0.131114
4 0.529781 0.526182 0.067437 0.104701
4 0.460039 0.400462 0.053609 0.125272
4 0.552328 0.325340 0.064906 0.122908
1 0.484719 0.131250 0.063594 0.104076
1 0.672984 0.246562 0.063156 0.132147
1 0.714781 0.361087 0.070969 0.128315
1 0.689930 0.464402 0.059578 0.115435
1 0.691078 0.573152 0.067656 0.105815
1 0.384125 0.750802 0.080469 0.134266
1 0.416031 0.618084 0.074187 0.132473
1 0.414711 0.495870 0.066047 0.120543
3 0.440109 0.291114 0.066969 0.119783
3 0.399117 0.377935 0.067203 0.125815
3 0.358727 0.544959 0.073859 0.127310
3 0.352641 0.662228 0.077656 0.128696
3 0.464172 0.691033 0.079219 0.121033
3 0.523273 0.810217 0.076078 0.133696
3 0.606266 0.801359 0.084125 0.118750
3 0.642391 0.528003 0.051875 0.127310
3 0.590719 0.493560 0.072969 0.096304
3 0.588406 0.399796 0.072344 0.100951
3 0.521609 0.228899 0.074031 0.083397
