3 0.426055 0.216755 0.055703 0.089083
4 0.541089 0.126630 0.061813 0.086574
3 0.513195 0.204870 0.049297 0.086870
4 0.462682 0.130824 0.056802 0.101815
0 0.208990 0.219676 0.046375 0.090667
0 0.264755 0.254991 0.053156 0.085907
0 0.293901 0.180940 0.055281 0.083787
0 0.345315 0.290894 0.065005 0.083306
1 0.294117 0.351250 0.043745 0.079944
1 0.219404 0.279417 0.041797 0.086130
0 0.256982 0.121838 0.049286 0.058361
0 0.303648 0.115162 0.042526 0.068731
1 0.246560 0.179847 0.043495 0.082472
3 0.337904 0.078074 0.051224 0.069185
3 0.393844 0.055921 0.057990 0.071769
1 0.344307 0.338375 0.045448 0.095139
4 0.285216 0.048574 0.056411 0.075685
4 0.466500 0.433792 0.049240 0.085861
2 0.510466 0.300954 0.044505 0.097222
1 0.391570 0.186810 0.045453 0.099324
3 0.467260 0.335282 0.053979 0.085861
3 0.345914 0.430398 0.059661 0.094278
4 0.340938 0.532787 0.071969 0.112796
1 0.407906 0.378028 0.044510 0.094278
1 0.258948 0.551144 0.073865 0.121213
3 0.596299 0.583060 0.065203 0.097194
3 0.485578 0.516227 0.071521 0.115120
3 0.846263 0.901389 0.084318 0.125222
1 0.227669 0.939120 0.076099 0.121759
4 0.340956 0.520380 0.062828 0.101389
0 0.290125 0.300000 0.044865 0.087500
3 0.640060 0.346481 0.057568 0.110259
1 0.564737 0.499972 0.048141 0.083907
1 0.524310 0.579190 0.055245 0.094769
1 0.555737 0.315426 0.055630 0.102907
2 0.465443 0.235648 0.057625 0.086778
2 0.231745 0.365324 0.053354 0.096259
2 0.331651 0.191403 0.054229 0.086065
2 0.373727 0.158245 0.049609 0.082917
2 0.443753 0.488667 0.059745 0.095704
3 0.377523 0.411199 0.059016 0.099491
3 0.535547 0.398218 0.063312 0.103065
3 0.432401 0.281171 0.056219 0.088824
