0 0.459406 0.212609 0.062875 0.137989
0 0.370266 0.166101 0.068125 0.098832
0 0.401719 0.238818 0.064500 0.122092
0 0.437375 0.322323 0.069625 0.124375
0 0.554539 0.546712 0.059609 0.116141
0 0.564234 0.659443 0.063281 0.127364
0 0.335023 0.673274 0.081203 0.093560
0 0.337578 0.472853 0.071750 0.121196
0 0.246070 0.234103 0.064141 0.130380
2 0.419844 0.644715 0.070031 0.132255
2 0.512266 0.707908 0.068750 0.128696
2 0.455781 0.724063 0.069875 0.132255
2 0.386313 0.750489 0.071094 0.120489
2 0.294516 0.591929 0.071438 0.134837
2 0.470930 0.414701 0.059391 0.128696
2 0.321109 0.366223 0.056719 0.112935
4 0.198891 0.315367 0.064813 0.127473
4 0.165242 0.488424 0.075016 0.128804
4 0.289359 0.855163 0.064281 0.131141
4 0.357508 0.577296 0.067453 0.104701
4 0.280359 0.455679 0.053594 0.125272
4 0.372219 0.372228 0.064906 0.122935
1 0.308469 0.200992 0.063594 0.104103
1 0.501766 0.309470 0.063156 0.132147
1 0.542023 0.412989 0.070953 0.128315
1 0.525039 0.506386 0.059578 0.115435
1 0.514258 0.614592 0.065516 0.107989
1 0.228484 0.809511 0.080469 0.134239
1 0.239430 0.676209 0.074172 0.132473
1 0.232219 0.549647 0.066031 0.120543
3 0.264492 0.343668 0.066953 0.119783
3 0.224984 0.430109 0.067219 0.125815
3 0.184961 0.606440 0.073859 0.127337
3 0.177750 0.720163 0.077656 0.128696
3 0.284344 0.744565 0.079219 0.121033
3 0.350273 0.843315 0.078172 0.133696
3 0.430461 0.831304 0.084141 0.118750
3 0.466016 0.559905 0.051875 0.127310
3 0.411062 0.530584 0.072969 0.096277
3 0.410328 0.441182 0.072344 0.100951
3 0.339008 0.277378 0.074016 0.083397
