0 0.537461 0.230965 0.062859 0.123723
0 0.450695 0.189538 0.068109 0.098859
0 0.482258 0.259307 0.064516 0.122092
0 0.514539 0.337147 0.069641 0.124402
0 0.631891 0.566223 0.058219 0.116141
0 0.636383 0.677187 0.065297 0.127364
0 0.419492 0.677242 0.081203 0.093560
0 0.415336 0.487147 0.071766 0.121196
0 0.329992 0.241902 0.064141 0.130380
2 0.490891 0.650068 0.072000 0.133397
2 0.581875 0.729769 0.068750 0.118071
2 0.528547 0.735109 0.069875 0.132283
2 0.464258 0.754878 0.064203 0.120571
2 0.379805 0.599022 0.071422 0.134837
2 0.546711 0.431902 0.059391 0.128696
2 0.399664 0.383872 0.060141 0.114103
4 0.284078 0.322962 0.060656 0.127446
4 0.247859 0.500245 0.075000 0.128804
4 0.375516 0.855652 0.064281 0.131141
4 0.433266 0.584701 0.067437 0.104728
4 0.362500 0.467228 0.053594 0.125272
4 0.453430 0.383859 0.064922 0.122935
1 0.385047 0.220299 0.063594 0.104076
1 0.567172 0.332541 0.063156 0.132147
1 0.605359 0.422160 0.070969 0.128288
1 0.584781 0.515598 0.059594 0.115435
1 0.586789 0.618139 0.065516 0.108016
1 0.297953 0.820299 0.080469 0.134239
1 0.321219 0.679864 0.074187 0.132500
1 0.317859 0.554674 0.066031 0.120543
3 0.344953 0.359090 0.066969 0.119755
3 0.304984 0.444103 0.067219 0.125815
3 0.268328 0.608207 0.073875 0.127337
3 0.261539 0.720163 0.075672 0.128696
3 0.371672 0.746114 0.079219 0.121033
3 0.431156 0.848628 0.078156 0.133723
3 0.505523 0.837663 0.078766 0.110380
3 0.539422 0.573492 0.051875 0.127310
3 0.490461 0.546739 0.068203 0.102174
3 0.491891 0.460693 0.072344 0.100951
3 0.424234 0.297921 0.074031 0.083397
