0 0.518406 0.241005 0.066906 0.123696
0 0.429625 0.200761 0.068125 0.098859
0 0.462547 0.272323 0.064500 0.122092
0 0.494656 0.351332 0.069625 0.124402
0 0.611844 0.578043 0.058219 0.116141
0 0.617008 0.691359 0.065297 0.127337
0 0.395367 0.689959 0.081203 0.093560
0 0.394609 0.497772 0.071750 0.121196
0 0.310445 0.259348 0.064141 0.130380
2 0.477297 0.662188 0.072000 0.133397
2 0.568969 0.742052 0.068750 0.118071
2 0.515039 0.746046 0.069859 0.132255
2 0.446586 0.769361 0.064203 0.120571
2 0.356016 0.608478 0.071438 0.134837
2 0.531586 0.443723 0.059391 0.128696
2 0.379055 0.398247 0.060141 0.114103
4 0.263687 0.338329 0.060656 0.127473
4 0.226906 0.508505 0.075000 0.128804
4 0.353359 0.877636 0.064281 0.131141
4 0.415422 0.601834 0.067437 0.104701
4 0.342109 0.481413 0.053594 0.125272
4 0.435078 0.396848 0.064906 0.122935
1 0.374625 0.225815 0.063594 0.104076
1 0.560828 0.338736 0.063156 0.132147
1 0.599922 0.433193 0.070969 0.128288
1 0.572516 0.533560 0.059594 0.115435
1 0.568773 0.632908 0.065516 0.107989
1 0.295781 0.834728 0.080469 0.134239
1 0.305586 0.697880 0.074172 0.132500
1 0.312195 0.571114 0.066047 0.120543
3 0.323203 0.371508 0.066969 0.119755
3 0.283234 0.457120 0.067219 0.125815
3 0.242500 0.624171 0.073875 0.127310
3 0.239453 0.736712 0.075687 0.128696
3 0.347438 0.764606 0.079219 0.121005
3 0.411102 0.865177 0.078172 0.133723
3 0.485297 0.854497 0.078750 0.110353
3 0.522781 0.584144 0.051875 0.127310
3 0.469398 0.559158 0.068203 0.102174
3 0.471156 0.474280 0.072344 0.100951
3 0.403680 0.307826 0.074016 0.083370
