0 0.518086 0.221508 0.062859 0.123723
0 0.431328 0.179497 0.068125 0.098832
0 0.461523 0.255177 0.064516 0.122092
0 0.494016 0.328628 0.069625 0.124375
0 0.610836 0.559130 0.059609 0.116141
0 0.614984 0.670666 0.063281 0.127364
0 0.398086 0.669266 0.081203 0.093587
0 0.393242 0.477690 0.071766 0.121196
0 0.310445 0.236291 0.064141 0.130408
2 0.473227 0.642378 0.072016 0.133397
2 0.563531 0.716386 0.068750 0.127337
2 0.507219 0.728315 0.069875 0.132283
2 0.439234 0.746943 0.071094 0.120462
2 0.351422 0.591033 0.071438 0.134837
2 0.524617 0.420082 0.059391 0.128696
2 0.377352 0.378356 0.060141 0.114103
4 0.266234 0.320598 0.060656 0.127446
4 0.225203 0.497880 0.075000 0.128804
4 0.349281 0.851630 0.064281 0.131141
4 0.414406 0.583818 0.067438 0.104701
4 0.340758 0.462500 0.053609 0.125272
4 0.434742 0.384429 0.064922 0.122935
1 0.364594 0.203655 0.063594 0.104103
1 0.547578 0.319253 0.063156 0.132147
1 0.589047 0.417826 0.070969 0.128315
1 0.563000 0.507554 0.059594 0.115435
1 0.562664 0.609565 0.065516 0.107989
1 0.281672 0.802799 0.080469 0.134239
1 0.300492 0.668927 0.074172 0.132473
1 0.293727 0.544918 0.066047 0.120543
3 0.322664 0.349035 0.066953 0.119755
3 0.284391 0.437255 0.067219 0.125815
3 0.244547 0.609389 0.073875 0.127310
3 0.238797 0.716617 0.077656 0.128723
3 0.348969 0.740679 0.079219 0.121033
3 0.406680 0.842717 0.078172 0.133696
3 0.486305 0.832092 0.084141 0.118750
3 0.519719 0.564633 0.051875 0.127310
3 0.469398 0.539647 0.068203 0.102174
3 0.471156 0.452405 0.072344 0.100951
3 0.405391 0.290380 0.074031 0.083370
