0 0.507211 0.234416 0.062859 0.123723
0 0.420109 0.194185 0.068125 0.098859
0 0.452422 0.267813 0.064500 0.122092
0 0.485703 0.347622 0.069625 0.124375
0 0.602719 0.571549 0.058219 0.116141
0 0.609266 0.680476 0.063281 0.127364
0 0.386484 0.687133 0.081187 0.093560
0 0.383148 0.489158 0.071766 0.121196
0 0.300648 0.251495 0.064141 0.130380
2 0.473961 0.656943 0.072016 0.133397
2 0.558773 0.738139 0.068734 0.118071
2 0.499859 0.740720 0.069875 0.132255
2 0.433211 0.760136 0.065859 0.121522
2 0.340594 0.609647 0.071438 0.134837
2 0.519664 0.435951 0.059391 0.128696
2 0.366695 0.389783 0.060141 0.114130
4 0.253109 0.336481 0.060656 0.127473
4 0.217484 0.508179 0.075000 0.128804
4 0.341188 0.870774 0.064281 0.131114
4 0.404867 0.593302 0.067453 0.104701
4 0.330313 0.471196 0.053594 0.125272
4 0.424695 0.393899 0.064922 0.122908
1 0.358984 0.223437 0.063594 0.104103
1 0.548594 0.337867 0.063156 0.132147
1 0.592445 0.431413 0.070953 0.128315
1 0.578336 0.518560 0.059578 0.115435
1 0.562547 0.624443 0.065531 0.108016
1 0.268187 0.831889 0.080469 0.134266
1 0.294031 0.697894 0.074187 0.132473
1 0.289852 0.570924 0.066047 0.120543
3 0.309609 0.365326 0.066969 0.119783
3 0.270813 0.450272 0.067219 0.125815
3 0.235844 0.624389 0.073875 0.127310
3 0.228437 0.728193 0.075687 0.128723
3 0.338031 0.755095 0.079219 0.121005
3 0.397266 0.857486 0.078156 0.133723
3 0.477148 0.846576 0.078766 0.110380
3 0.511766 0.580000 0.051875 0.127337
3 0.461008 0.553750 0.068203 0.102174
3 0.461844 0.464348 0.072344 0.100978
3 0.392625 0.300625 0.074031 0.083370
