0 0.530016 0.162921 0.063625 0.109538
0 0.428273 0.122052 0.068109 0.095462
0 0.462922 0.198981 0.061719 0.124538
0 0.505781 0.292867 0.070844 0.127799
0 0.656039 0.553804 0.059609 0.116141
0 0.667297 0.696087 0.063281 0.127337
0 0.386875 0.696685 0.078594 0.095815
0 0.385125 0.463505 0.067750 0.121196
0 0.285273 0.184293 0.061359 0.120924
2 0.484156 0.656073 0.070781 0.132255
2 0.598875 0.757391 0.068750 0.128696
2 0.527969 0.764334 0.068469 0.118125
2 0.447742 0.791861 0.071078 0.120462
2 0.328719 0.594280 0.071438 0.134864
2 0.544328 0.395870 0.058719 0.128696
2 0.365000 0.339538 0.056719 0.112935
4 0.225367 0.275285 0.064828 0.127473
4 0.174117 0.475774 0.075016 0.131114
4 0.323469 0.924592 0.062250 0.145870
4 0.403672 0.581671 0.069437 0.095136
4 0.316625 0.435353 0.053594 0.125272
4 0.430969 0.344266 0.068281 0.108696
1 0.356266 0.154878 0.063594 0.104103
1 0.574430 0.277323 0.060141 0.122310
1 0.623164 0.394905 0.070953 0.128288
1 0.595570 0.493370 0.059578 0.115435
1 0.595219 0.617432 0.068969 0.118886
1 0.238672 0.879633 0.080469 0.134266
1 0.266164 0.701427 0.074172 0.132473
1 0.264820 0.541386 0.059172 0.120543
3 0.297375 0.312405 0.066969 0.119755
3 0.244828 0.411033 0.067219 0.125815
3 0.194242 0.612323 0.073859 0.127310
3 0.185438 0.753261 0.077656 0.128696
3 0.322781 0.782052 0.079219 0.121005
3 0.403648 0.914470 0.076078 0.136549
3 0.500898 0.898288 0.082734 0.118750
3 0.541469 0.564049 0.051875 0.127337
3 0.476531 0.528424 0.072969 0.096304
3 0.475797 0.421481 0.072344 0.100951
3 0.394172 0.241318 0.074031 0.083397
