0 0.620711 0.193682 0.062859 0.137962
0 0.529875 0.145489 0.068125 0.099402
0 0.562797 0.224443 0.064500 0.122092
0 0.594742 0.311726 0.069641 0.124375
0 0.718898 0.553505 0.059609 0.116141
0 0.725078 0.676291 0.063281 0.127364
0 0.496641 0.662473 0.081187 0.093587
0 0.488742 0.458179 0.071766 0.121196
0 0.406289 0.202609 0.064141 0.130380
2 0.576891 0.626997 0.070031 0.132255
2 0.671938 0.718383 0.068750 0.128668
2 0.612227 0.725937 0.069859 0.132255
2 0.543570 0.743682 0.071078 0.120462
2 0.453219 0.574796 0.071438 0.134864
2 0.633367 0.409457 0.059391 0.128696
2 0.481219 0.345435 0.056719 0.112935
4 0.357437 0.292242 0.064812 0.127473
4 0.317297 0.464185 0.075000 0.128804
4 0.448516 0.846902 0.064281 0.131141
4 0.510406 0.566372 0.067438 0.104701
4 0.438625 0.437092 0.053594 0.125272
4 0.531937 0.355489 0.064906 0.122935
1 0.463312 0.175571 0.063594 0.104076
1 0.661766 0.296780 0.063156 0.132147
1 0.701531 0.401875 0.070969 0.128315
1 0.675664 0.500462 0.059578 0.115435
1 0.669664 0.605652 0.067641 0.105815
1 0.378688 0.800448 0.080469 0.134266
1 0.402102 0.652364 0.074172 0.132500
1 0.398570 0.535761 0.066047 0.120543
3 0.419375 0.323030 0.066969 0.119755
3 0.375672 0.412201 0.067219 0.125815
3 0.336297 0.582785 0.073875 0.127310
3 0.333266 0.705978 0.077656 0.128696
3 0.440375 0.734769 0.079219 0.121005
3 0.505945 0.840951 0.076078 0.133696
3 0.584516 0.830897 0.084125 0.118750
3 0.622344 0.556359 0.051875 0.127337
3 0.570328 0.521929 0.072969 0.096304
3 0.571406 0.429946 0.072344 0.100978
3 0.502578 0.261997 0.074031 0.083397
