0 0.641102 0.148764 0.062859 0.137962
0 0.551289 0.100842 0.068109 0.099946
0 0.583867 0.177758 0.064516 0.122092
0 0.610414 0.262731 0.066828 0.117201
0 0.739633 0.507704 0.059609 0.116114
0 0.741391 0.632255 0.063281 0.127337
0 0.514648 0.619918 0.081203 0.093587
0 0.512180 0.418587 0.071766 0.121196
0 0.423961 0.159470 0.064141 0.130408
2 0.588453 0.586807 0.070031 0.132255
2 0.685875 0.678193 0.068750 0.128668
2 0.623781 0.683981 0.069875 0.132255
2 0.557164 0.690204 0.071078 0.120462
2 0.467828 0.523370 0.071437 0.134837
2 0.646961 0.357446 0.059391 0.128696
2 0.490734 0.302880 0.056719 0.112935
4 0.375797 0.239049 0.064812 0.127446
4 0.334297 0.417500 0.075000 0.128804
4 0.463125 0.800802 0.064281 0.131114
4 0.528422 0.521454 0.067437 0.104701
4 0.454328 0.391943 0.053594 0.125299
4 0.550969 0.307609 0.064906 0.122935
1 0.484047 0.126522 0.063594 0.104076
1 0.670266 0.244769 0.063156 0.132147
1 0.714102 0.357541 0.070953 0.128288
1 0.688227 0.457908 0.059578 0.115435
1 0.689719 0.562500 0.067656 0.105815
1 0.383453 0.741345 0.080469 0.134266
1 0.414336 0.605679 0.074172 0.132500
1 0.413695 0.488179 0.066047 0.120543
3 0.437391 0.274565 0.066969 0.119783
3 0.393680 0.367283 0.067203 0.125815
3 0.355328 0.534334 0.073875 0.127310
3 0.350609 0.650408 0.077656 0.128696
3 0.458734 0.685122 0.079219 0.121005
3 0.521914 0.793668 0.076078 0.133696
3 0.604906 0.787174 0.084125 0.118750
3 0.640359 0.510258 0.051875 0.127310
3 0.588688 0.487649 0.072969 0.096277
3 0.587719 0.392704 0.072344 0.100951
3 0.520250 0.214715 0.074031 0.083397
