3 0.399784 0.200259 0.057568 0.089074
4 0.546203 0.132019 0.061812 0.086574
3 0.451242 0.205995 0.049297 0.086861
4 0.465427 0.130824 0.051312 0.101815
0 0.207500 0.207500 0.046375 0.090667
0 0.260289 0.243347 0.053161 0.085917
0 0.291451 0.172222 0.055286 0.083796
0 0.348005 0.236597 0.065000 0.083306
1 0.317852 0.373556 0.043745 0.079944
1 0.219404 0.262537 0.041797 0.086130
0 0.255492 0.107551 0.049286 0.058361
0 0.303648 0.111894 0.042526 0.068731
1 0.244109 0.162421 0.043490 0.082472
3 0.338883 0.067657 0.051224 0.069185
3 0.394219 0.050630 0.057990 0.071759
1 0.320005 0.269699 0.045448 0.095139
4 0.285216 0.041630 0.056411 0.075685
4 0.397253 0.356889 0.049245 0.085852
2 0.504708 0.283403 0.044510 0.101139
3 0.600359 0.585569 0.065198 0.097194
3 0.486875 0.521644 0.071521 0.115120
3 0.849930 0.915898 0.084318 0.121074
1 0.227669 0.939120 0.076099 0.121759
4 0.340956 0.520380 0.062828 0.101389
0 0.268344 0.307574 0.044865 0.087500
3 0.650430 0.343222 0.053151 0.110259
1 0.564138 0.493907 0.048141 0.083907
1 0.529323 0.565773 0.055250 0.094769
1 0.552122 0.298449 0.059391 0.108046
2 0.461180 0.247620 0.057630 0.086778
2 0.229714 0.414704 0.053354 0.096259
2 0.292745 0.242671 0.055812 0.088880
2 0.340201 0.225454 0.051224 0.085704
2 0.443753 0.488667 0.059745 0.095704
3 0.350904 0.416690 0.059016 0.099491
3 0.541820 0.381241 0.059693 0.097093
3 0.410516 0.263028 0.056219 0.088833
