0 0.536773 0.243370 0.064891 0.123696
0 0.449336 0.207269 0.068109 0.098832
0 0.481578 0.277052 0.064500 0.122092
0 0.512156 0.357840 0.069625 0.124375
0 0.630875 0.581005 0.058219 0.116141
0 0.638758 0.696101 0.065297 0.127364
0 0.415758 0.692622 0.081203 0.093560
0 0.415336 0.502500 0.071766 0.121196
0 0.330836 0.263478 0.064141 0.130380
2 0.491023 0.660000 0.072016 0.133370
2 0.588000 0.744402 0.068750 0.118043
2 0.529984 0.747812 0.069875 0.132255
2 0.465789 0.767582 0.064203 0.120598
2 0.377086 0.609660 0.071422 0.134864
2 0.549086 0.446087 0.059391 0.128696
2 0.400008 0.395679 0.060141 0.114130
4 0.281703 0.344239 0.060656 0.127446
4 0.245453 0.515435 0.075000 0.128804
4 0.375453 0.880584 0.064281 0.131114
4 0.433266 0.601250 0.067437 0.104728
4 0.358766 0.482582 0.053594 0.125272
4 0.453430 0.400992 0.064922 0.122908
1 0.391281 0.226997 0.063594 0.104103
1 0.576281 0.340639 0.063156 0.132147
1 0.611477 0.434375 0.070953 0.128315
1 0.584070 0.533859 0.059578 0.115435
1 0.586445 0.632622 0.065516 0.108016
1 0.309094 0.834728 0.080469 0.134239
1 0.325977 0.697880 0.074172 0.132500
1 0.319898 0.572690 0.066047 0.120543
3 0.341211 0.382133 0.066953 0.119755
3 0.301242 0.459239 0.067203 0.125815
3 0.263906 0.627717 0.073875 0.127337
3 0.258141 0.737283 0.075687 0.128696
3 0.367875 0.768247 0.079219 0.121005
3 0.427414 0.868723 0.078172 0.133696
3 0.505359 0.857459 0.078750 0.110353
3 0.542484 0.589457 0.051875 0.127337
3 0.489102 0.563288 0.068203 0.102174
3 0.487125 0.474878 0.072344 0.100951
3 0.423391 0.311671 0.074031 0.083397
