3 0.430831 0.245037 0.052516 0.089074
4 0.543479 0.150954 0.061812 0.086574
3 0.523878 0.225352 0.049297 0.086870
4 0.465141 0.152921 0.057802 0.101824
0 0.210615 0.232944 0.046375 0.090667
0 0.269625 0.267685 0.053156 0.085907
0 0.296576 0.190444 0.055286 0.083796
0 0.478313 0.418801 0.059406 0.079472
1 0.261094 0.503917 0.050854 0.091500
1 0.219404 0.297843 0.041797 0.086130
0 0.258602 0.137421 0.049286 0.058361
0 0.303648 0.118727 0.042526 0.068731
1 0.249234 0.198861 0.043490 0.082481
3 0.336841 0.089435 0.051224 0.069185
3 0.393474 0.062472 0.057990 0.071759
1 0.342255 0.391755 0.045448 0.095139
4 0.285216 0.056148 0.056411 0.075685
4 0.508995 0.473569 0.049240 0.085861
2 0.516745 0.320097 0.044510 0.092954
1 0.391570 0.200282 0.045453 0.099324
3 0.491477 0.338889 0.053974 0.085852
3 0.473398 0.863310 0.059661 0.103435
4 0.348958 0.517343 0.071969 0.112796
1 0.448875 0.482824 0.048271 0.094278
1 0.296625 0.743597 0.073865 0.121213
3 0.594216 0.586065 0.065203 0.107259
3 0.489044 0.549764 0.049755 0.093250
3 0.847211 0.915889 0.084318 0.127815
1 0.227669 0.939120 0.076099 0.121759
4 0.340956 0.520380 0.062828 0.101389
0 0.352490 0.282519 0.049625 0.093407
3 0.642109 0.346778 0.058833 0.110259
1 0.570721 0.517194 0.048141 0.083907
1 0.526104 0.580250 0.055250 0.094759
1 0.559685 0.333944 0.051526 0.097296
2 0.471070 0.255130 0.053474 0.086778
2 0.261034 0.348069 0.059964 0.096250
2 0.336656 0.208380 0.051510 0.081222
2 0.380552 0.171171 0.046844 0.078120
2 0.443753 0.488667 0.059745 0.095704
3 0.406565 0.405218 0.059016 0.099491
3 0.539638 0.413625 0.063307 0.103065
3 0.437758 0.291907 0.056224 0.088833
