0 0.520664 0.224810 0.063609 0.109511
0 0.436422 0.189674 0.068125 0.094076
0 0.463266 0.258682 0.061719 0.124538
0 0.495258 0.328315 0.066078 0.103152
0 0.613438 0.527636 0.059625 0.116141
0 0.623812 0.638003 0.063281 0.127364
0 0.403859 0.637595 0.080625 0.101712
0 0.399313 0.458370 0.071750 0.121196
0 0.320125 0.239035 0.061375 0.120951
2 0.482266 0.609307 0.070781 0.132255
2 0.572016 0.687052 0.068750 0.128668
2 0.515094 0.691196 0.069875 0.132283
2 0.450680 0.707514 0.071078 0.120462
2 0.357375 0.562364 0.071438 0.134837
2 0.527344 0.410625 0.058719 0.128696
2 0.384422 0.361386 0.056719 0.112935
4 0.273844 0.317649 0.064812 0.127473
4 0.236078 0.467106 0.075000 0.131114
4 0.356164 0.820951 0.062234 0.145870
4 0.419469 0.553003 0.069437 0.095136
4 0.348570 0.439484 0.053609 0.125272
4 0.439430 0.366440 0.073047 0.108696
1 0.381406 0.213397 0.063594 0.104076
1 0.552000 0.307486 0.063156 0.133234
1 0.593805 0.399511 0.070953 0.128315
1 0.573539 0.473777 0.059578 0.115435
1 0.568375 0.579620 0.068969 0.118859
1 0.288125 0.771563 0.080469 0.134266
1 0.311477 0.631685 0.074172 0.132500
1 0.314008 0.523641 0.066047 0.120543
3 0.331023 0.343139 0.066953 0.119755
3 0.293078 0.415761 0.067219 0.125815
3 0.256992 0.572160 0.073859 0.127310
3 0.249047 0.684022 0.077656 0.128696
3 0.355406 0.700870 0.079219 0.121033
3 0.416883 0.807323 0.076078 0.136549
3 0.497039 0.790217 0.082734 0.118750
3 0.527531 0.536264 0.051875 0.127310
3 0.475516 0.511277 0.072969 0.096304
3 0.472859 0.428764 0.072344 0.100951
3 0.410484 0.288614 0.074031 0.083370
