0 0.528961 0.229185 0.062859 0.123696
0 0.438461 0.184226 0.068109 0.098832
0 0.472406 0.255761 0.064500 0.122120
0 0.502313 0.335965 0.069625 0.124375
0 0.620008 0.563261 0.059609 0.116141
0 0.622453 0.673628 0.063281 0.127364
0 0.405219 0.675476 0.081187 0.093560
0 0.402086 0.481223 0.071766 0.121196
0 0.316570 0.239837 0.064141 0.130380
2 0.477977 0.644144 0.072016 0.133397
2 0.571688 0.721060 0.068750 0.123370
2 0.517078 0.728899 0.069875 0.132255
2 0.452859 0.742758 0.066281 0.121766
2 0.359078 0.595476 0.071438 0.134864
2 0.530055 0.420082 0.059391 0.128696
2 0.383016 0.384457 0.060125 0.114130
4 0.271844 0.320598 0.060656 0.127446
4 0.232687 0.500842 0.075000 0.128804
4 0.357094 0.853995 0.064281 0.131141
4 0.421031 0.586481 0.067438 0.104701
4 0.348570 0.466630 0.053609 0.125272
4 0.441312 0.384837 0.064906 0.122935
1 0.373266 0.204538 0.063594 0.104076
1 0.556750 0.319253 0.063156 0.132147
1 0.598563 0.420190 0.070969 0.128315
1 0.568602 0.514647 0.059578 0.115435
1 0.571836 0.612228 0.065516 0.107989
1 0.282187 0.802799 0.080469 0.134239
1 0.307625 0.670693 0.074188 0.132473
1 0.298828 0.548451 0.066031 0.120543
3 0.332719 0.353764 0.066969 0.119755
3 0.289687 0.438207 0.067219 0.125815
3 0.250664 0.611168 0.073859 0.127337
3 0.246625 0.717799 0.077656 0.128696
3 0.353391 0.743043 0.079219 0.121033
3 0.416195 0.849226 0.078172 0.133723
3 0.490719 0.833261 0.084125 0.118750
3 0.528891 0.570543 0.051875 0.127337
3 0.476867 0.541413 0.068203 0.102174
3 0.476938 0.456549 0.072344 0.100978
3 0.411500 0.290380 0.074031 0.083370
