3 0.344836 0.195208 0.050922 0.089083
4 0.443547 0.101676 0.061813 0.086574
3 0.428820 0.191630 0.049297 0.086870
4 0.368021 0.117074 0.057802 0.101815
0 0.113687 0.182306 0.046375 0.090667
0 0.180026 0.236231 0.053156 0.090926
0 0.217706 0.089685 0.058620 0.071981
0 0.394310 0.400190 0.052693 0.074880
1 0.171440 0.488403 0.055745 0.100472
1 0.134354 0.245056 0.041792 0.086130
0 0.160523 0.085097 0.049286 0.058361
0 0.196461 0.141968 0.042526 0.068731
1 0.150247 0.143181 0.043495 0.082472
3 0.244432 0.037815 0.050292 0.065833
3 0.298427 0.042903 0.057990 0.068009
1 0.255878 0.367509 0.052099 0.093463
4 0.193630 0.042023 0.056417 0.073991
4 0.425568 0.465824 0.049240 0.085852
2 0.407315 0.234745 0.044495 0.084787
1 0.303768 0.152111 0.038849 0.087574
3 0.399799 0.323782 0.053974 0.085861
3 0.475378 0.902028 0.059661 0.104352
4 0.260180 0.494259 0.065714 0.095667
1 0.359641 0.463708 0.048271 0.094269
1 0.238552 0.786435 0.077625 0.114407
3 0.392549 0.866056 0.065453 0.097389
3 0.505620 0.574556 0.065198 0.107259
3 0.397346 0.521653 0.049755 0.093250
3 0.724367 0.858630 0.091130 0.103241
1 0.227669 0.939120 0.076099 0.121759
4 0.340956 0.520380 0.062828 0.101389
0 0.261667 0.268491 0.052833 0.092185
3 0.546857 0.322273 0.058828 0.110269
1 0.472151 0.504505 0.048135 0.083898
1 0.447302 0.558782 0.055250 0.094769
1 0.458750 0.268588 0.047583 0.094491
2 0.637917 0.227199 0.050979 0.086787
2 0.171102 0.303181 0.049984 0.079361
2 0.244331 0.171718 0.050172 0.078806
2 0.278062 0.123986 0.045458 0.075731
2 0.443753 0.488667 0.059745 0.095704
3 0.307617 0.402116 0.059016 0.099491
3 0.452414 0.381292 0.063307 0.103065
3 0.354146 0.284407 0.056219 0.088833
