3 0.433063 0.327222 0.050917 0.089074
4 0.544427 0.233028 0.061813 0.086574
3 0.515513 0.310120 0.049297 0.086870
4 0.455630 0.246495 0.057802 0.101824
0 0.217010 0.326583 0.046375 0.090667
0 0.275284 0.371653 0.053161 0.090917
0 0.300646 0.303333 0.048021 0.071981
0 0.489846 0.532056 0.052693 0.074889
1 0.273331 0.617829 0.045609 0.088324
1 0.232344 0.388565 0.041792 0.086130
0 0.265477 0.231884 0.049286 0.058361
0 0.314102 0.229431 0.042526 0.068731
1 0.250935 0.287912 0.043495 0.082472
3 0.346206 0.205880 0.050286 0.065833
3 0.396313 0.182421 0.057990 0.071769
1 0.354091 0.524356 0.047339 0.093454
4 0.296578 0.164079 0.056417 0.079009
4 0.528693 0.583667 0.049240 0.085852
2 0.512203 0.376384 0.044510 0.090824
1 0.400896 0.297065 0.038854 0.087574
3 0.487057 0.451968 0.053979 0.085861
3 0.475378 0.902028 0.059661 0.104352
4 0.356021 0.639370 0.063458 0.087574
1 0.457208 0.589898 0.048271 0.094278
1 0.331234 0.908718 0.077625 0.116213
3 0.598044 0.690241 0.065203 0.107259
3 0.491414 0.652458 0.049755 0.093250
3 0.833044 0.953093 0.084318 0.093815
1 0.227669 0.939120 0.076099 0.121759
4 0.340956 0.520380 0.062828 0.101389
0 0.360552 0.415079 0.050604 0.094213
3 0.638492 0.448597 0.058828 0.110269
1 0.569628 0.624551 0.048141 0.083898
1 0.537969 0.688606 0.055250 0.094769
1 0.551490 0.399606 0.049469 0.094491
2 0.471786 0.323139 0.050979 0.086778
2 0.265206 0.461264 0.054266 0.089491
2 0.341367 0.294310 0.050151 0.078806
2 0.380177 0.260125 0.045458 0.075731
2 0.443753 0.488667 0.059745 0.095704
3 0.406878 0.549995 0.059016 0.099491
3 0.540703 0.495486 0.063313 0.103065
3 0.447133 0.415667 0.056224 0.088833
