0 0.533703 0.233913 0.066906 0.123696
0 0.447969 0.187758 0.068125 0.098832
0 0.481234 0.264035 0.064500 0.122092
0 0.512844 0.341291 0.069625 0.124375
0 0.630195 0.566821 0.058234 0.116141
0 0.637063 0.680720 0.065313 0.127364
0 0.418797 0.681386 0.077094 0.093587
0 0.415680 0.490707 0.071766 0.121196
0 0.331523 0.250462 0.064141 0.130380
2 0.485641 0.650068 0.072000 0.133397
2 0.581891 0.734361 0.068750 0.118071
2 0.526625 0.741332 0.066406 0.132228
2 0.460281 0.762024 0.064187 0.120571
2 0.366547 0.600204 0.071438 0.134864
2 0.540586 0.437228 0.059391 0.128696
2 0.394570 0.386236 0.060141 0.114103
4 0.283062 0.331236 0.060656 0.127473
4 0.245484 0.502201 0.075000 0.128804
4 0.373406 0.863451 0.064281 0.131141
4 0.433266 0.587649 0.067437 0.104701
4 0.360125 0.470190 0.053594 0.125272
4 0.453766 0.387989 0.064906 0.122935
1 0.382781 0.216372 0.063594 0.104103
1 0.565250 0.329878 0.063156 0.132147
1 0.605703 0.426685 0.070969 0.128315
1 0.575852 0.533261 0.059578 0.115435
1 0.578633 0.629660 0.065516 0.108016
1 0.290000 0.822908 0.080469 0.134239
1 0.318430 0.684361 0.074172 0.132473
1 0.311195 0.564647 0.066047 0.120543
3 0.342914 0.360856 0.066953 0.119755
3 0.301250 0.448832 0.067219 0.125815
3 0.266977 0.618261 0.073859 0.127337
3 0.261203 0.726060 0.075687 0.128696
3 0.366344 0.753043 0.075813 0.122283
3 0.426398 0.859864 0.078172 0.133696
3 0.506375 0.844457 0.078750 0.110380
3 0.542484 0.574090 0.051875 0.127310
3 0.489102 0.546141 0.068203 0.102174
3 0.489844 0.463641 0.072344 0.100978
3 0.424406 0.303397 0.074031 0.083370
