3 0.338018 0.162213 0.050922 0.089074
4 0.442307 0.092861 0.061813 0.086574
3 0.420185 0.181931 0.049297 0.086861
4 0.368021 0.117074 0.057802 0.101815
0 0.113687 0.158065 0.046375 0.090667
0 0.195760 0.254880 0.053156 0.090926
0 0.217706 0.071500 0.058620 0.071981
0 0.387320 0.375042 0.052693 0.074880
1 0.172898 0.453481 0.055745 0.100481
1 0.132258 0.217083 0.041797 0.086130
0 0.157799 0.069343 0.049286 0.058352
0 0.197143 0.128634 0.042526 0.068731
1 0.148201 0.123787 0.043495 0.082481
3 0.242385 0.032972 0.050292 0.065833
3 0.298427 0.031181 0.057990 0.062361
1 0.253607 0.356398 0.052099 0.093463
4 0.193107 0.034847 0.056411 0.069694
4 0.417992 0.453199 0.049245 0.085861
2 0.388565 0.195347 0.044495 0.084787
1 0.299221 0.144704 0.038849 0.087574
3 0.394586 0.298829 0.053974 0.085861
3 0.475378 0.902028 0.059661 0.104352
4 0.255409 0.473648 0.065714 0.095667
1 0.356229 0.461111 0.048271 0.094278
1 0.229687 0.741588 0.077625 0.114398
3 0.380732 0.832111 0.065453 0.097389
3 0.494904 0.544884 0.065203 0.107269
3 0.390529 0.510542 0.049755 0.093250
3 0.706539 0.835255 0.091130 0.103231
1 0.227669 0.939120 0.076099 0.121759
4 0.340956 0.520380 0.062828 0.101389
0 0.258599 0.250106 0.052833 0.092176
3 0.536273 0.318810 0.058828 0.110269
1 0.458451 0.488231 0.048141 0.083907
1 0.431654 0.548625 0.055245 0.094769
1 0.441138 0.256468 0.045318 0.094491
2 0.737708 0.191940 0.050979 0.086787
2 0.167430 0.281736 0.049984 0.079361
2 0.240820 0.149866 0.050172 0.078806
2 0.273138 0.117255 0.045453 0.075731
2 0.443753 0.488667 0.059745 0.095704
3 0.303721 0.394329 0.059016 0.099491
3 0.451440 0.365708 0.063307 0.103065
3 0.340818 0.276324 0.056219 0.088833
