0 0.528148 0.127011 0.065984 0.109511
0 0.436117 0.088927 0.068109 0.095462
0 0.467758 0.157826 0.060266 0.126359
0 0.503242 0.240476 0.070859 0.127799
0 0.637063 0.468274 0.059687 0.119266
0 0.645375 0.592500 0.063281 0.130978
0 0.405586 0.595652 0.079297 0.095815
0 0.401172 0.393614 0.067750 0.121196
0 0.308547 0.153193 0.061375 0.130679
2 0.485172 0.567120 0.071719 0.115652
2 0.586297 0.640476 0.068750 0.110734
2 0.522164 0.652636 0.056016 0.112826
2 0.454281 0.677310 0.066250 0.118859
2 0.355086 0.517486 0.061203 0.129212
2 0.539766 0.333111 0.055938 0.119810
2 0.381609 0.288859 0.051750 0.102554
4 0.256555 0.238166 0.066484 0.127473
4 0.219391 0.415951 0.074219 0.123152
4 0.353797 0.791590 0.057656 0.126875
4 0.421234 0.501413 0.069437 0.101087
4 0.340586 0.375353 0.053609 0.120652
4 0.439867 0.291753 0.067234 0.120408
1 0.369578 0.126236 0.063594 0.104103
1 0.566672 0.224266 0.055656 0.105978
1 0.612203 0.324171 0.065312 0.106440
1 0.582594 0.421073 0.052469 0.095571
1 0.588406 0.530190 0.065625 0.104837
1 0.275984 0.744321 0.061906 0.100217
1 0.302781 0.602391 0.072813 0.111141
1 0.300063 0.472976 0.056406 0.118288
3 0.322789 0.270951 0.066953 0.125163
3 0.280430 0.355924 0.065141 0.128804
3 0.239383 0.530285 0.072328 0.115136
3 0.234281 0.650747 0.077656 0.122201
3 0.351352 0.671766 0.079234 0.119022
3 0.420961 0.781277 0.073672 0.130978
3 0.502313 0.766141 0.076719 0.104891
3 0.536141 0.481481 0.051875 0.132310
3 0.479906 0.457310 0.072969 0.093370
3 0.479000 0.363668 0.072344 0.091576
3 0.407047 0.199620 0.074594 0.087500
