0 0.530164 0.097622 0.065984 0.112255
0 0.437016 0.058940 0.068125 0.097011
0 0.469031 0.131277 0.063031 0.128152
0 0.505148 0.216522 0.070859 0.127826
0 0.640039 0.448791 0.060703 0.119266
0 0.647172 0.573804 0.063281 0.130978
0 0.406250 0.575394 0.080625 0.095788
0 0.401734 0.369076 0.067750 0.121196
0 0.307312 0.124565 0.061375 0.130652
2 0.485398 0.546087 0.071734 0.115652
2 0.586859 0.620802 0.068750 0.110734
2 0.522609 0.630747 0.054688 0.105571
2 0.454766 0.654185 0.063906 0.112500
2 0.354969 0.493832 0.059844 0.130978
2 0.541891 0.308573 0.055937 0.119810
2 0.381234 0.270870 0.051750 0.108207
4 0.256664 0.210503 0.066484 0.127473
4 0.219563 0.392310 0.074219 0.127989
4 0.354203 0.770285 0.057656 0.127255
4 0.420672 0.479783 0.069437 0.101087
4 0.340922 0.351060 0.053594 0.125815
4 0.441320 0.267595 0.067234 0.120408
1 0.369016 0.095462 0.063594 0.104076
1 0.568469 0.198750 0.055656 0.105978
1 0.614219 0.299239 0.065313 0.106467
1 0.584828 0.401630 0.048438 0.101467
1 0.587969 0.509742 0.065625 0.104864
1 0.274602 0.722283 0.061453 0.097880
1 0.301938 0.578043 0.072812 0.111141
1 0.299266 0.453111 0.056406 0.118288
3 0.323797 0.242514 0.066969 0.125136
3 0.280211 0.330435 0.065141 0.128804
3 0.238430 0.509552 0.072766 0.114973
3 0.233609 0.628356 0.077656 0.122962
3 0.351016 0.650571 0.079219 0.119022
3 0.421641 0.760978 0.074063 0.130978
3 0.502656 0.746549 0.076719 0.104891
3 0.536594 0.460856 0.051875 0.132310
3 0.480031 0.436168 0.072969 0.098641
3 0.480000 0.340516 0.072344 0.091576
3 0.407484 0.174973 0.074594 0.091576
