0 0.541570 0.241522 0.063609 0.109511
0 0.447641 0.195978 0.068125 0.094076
0 0.480258 0.270883 0.061703 0.124538
0 0.514250 0.354959 0.062063 0.106603
0 0.641594 0.597527 0.059625 0.116141
0 0.649297 0.718152 0.063281 0.127337
0 0.413547 0.711753 0.080625 0.101712
0 0.410297 0.508750 0.071750 0.121196
0 0.323648 0.262038 0.061359 0.120924
2 0.495891 0.676807 0.070781 0.132255
2 0.592578 0.764783 0.068750 0.128696
2 0.527266 0.761413 0.069875 0.132283
2 0.461898 0.788111 0.071078 0.120462
2 0.367234 0.621467 0.071438 0.134837
2 0.543391 0.447853 0.059219 0.128696
2 0.391500 0.396576 0.056719 0.112935
4 0.271031 0.345149 0.064812 0.127473
4 0.230984 0.523261 0.075000 0.131141
4 0.359477 0.910285 0.062234 0.145625
4 0.429508 0.616834 0.069422 0.095136
4 0.355367 0.492065 0.053609 0.125272
4 0.449664 0.402799 0.073047 0.108696
1 0.379781 0.217011 0.063594 0.104076
1 0.575266 0.347432 0.063156 0.132147
1 0.617844 0.442962 0.070969 0.128315
1 0.589508 0.531793 0.059578 0.115435
1 0.591477 0.647867 0.068953 0.118886
1 0.287953 0.851277 0.080469 0.134239
1 0.315773 0.715910 0.074172 0.132473
1 0.313617 0.580082 0.066047 0.120543
3 0.333055 0.374769 0.066953 0.119755
3 0.292750 0.462446 0.067219 0.125815
3 0.251672 0.643655 0.073875 0.127310
3 0.244062 0.760353 0.077656 0.128696
3 0.359812 0.792405 0.079219 0.121005
3 0.426078 0.894660 0.076094 0.136549
3 0.507867 0.885272 0.082734 0.118750
3 0.544172 0.611916 0.051875 0.127310
3 0.491141 0.567432 0.072969 0.096277
3 0.488828 0.485503 0.072344 0.100951
3 0.420773 0.314130 0.074016 0.083370
