0 0.568383 0.210829 0.062859 0.137962
0 0.476523 0.164130 0.068109 0.098859
0 0.509445 0.238030 0.064516 0.122092
0 0.543766 0.321780 0.069625 0.124375
0 0.667586 0.560897 0.059609 0.116141
0 0.672406 0.677174 0.063281 0.127337
0 0.442602 0.676073 0.081203 0.093560
0 0.440141 0.475924 0.071750 0.121196
0 0.353273 0.222120 0.064141 0.130380
2 0.525242 0.642948 0.070016 0.132255
2 0.622656 0.727840 0.068750 0.128668
2 0.566344 0.734823 0.069875 0.132255
2 0.493609 0.760231 0.071094 0.120462
2 0.402578 0.593696 0.071438 0.134837
2 0.581367 0.414769 0.059391 0.128668
2 0.425828 0.369674 0.056719 0.112935
4 0.304766 0.308791 0.064812 0.127473
4 0.265305 0.490788 0.075016 0.128804
4 0.398391 0.867582 0.064281 0.131141
4 0.456375 0.581155 0.067438 0.104701
4 0.384258 0.455408 0.053609 0.125272
4 0.479602 0.372622 0.064922 0.122908
1 0.419813 0.188573 0.063594 0.104103
1 0.609938 0.309198 0.063156 0.132147
1 0.651742 0.414864 0.070953 0.128315
1 0.626383 0.511114 0.059578 0.115435
1 0.622086 0.614810 0.067641 0.105815
1 0.328937 0.816753 0.080469 0.134266
1 0.351461 0.684878 0.074172 0.132473
1 0.352180 0.558505 0.066047 0.120543
3 0.364664 0.340761 0.066953 0.119783
3 0.325719 0.429918 0.067219 0.125815
3 0.287023 0.605258 0.073859 0.127310
3 0.278906 0.724293 0.077656 0.128696
3 0.391437 0.747174 0.079219 0.121033
3 0.456305 0.858084 0.078172 0.133723
3 0.535914 0.845679 0.084141 0.118750
3 0.571031 0.568764 0.051875 0.127310
3 0.518672 0.539062 0.072969 0.096277
3 0.518391 0.445910 0.072344 0.100951
3 0.449906 0.277378 0.074031 0.083397
