0 0.507211 0.231386 0.062859 0.123696
0 0.420109 0.191481 0.068125 0.098832
0 0.450789 0.264497 0.064516 0.122092
0 0.484734 0.343899 0.069625 0.124375
0 0.601547 0.569185 0.058219 0.116141
0 0.609000 0.679062 0.063281 0.127364
0 0.386094 0.683410 0.081187 0.093560
0 0.382180 0.485462 0.071766 0.121196
0 0.299477 0.250815 0.064141 0.130380
2 0.473469 0.655122 0.072000 0.133397
2 0.558773 0.734823 0.068734 0.118071
2 0.499062 0.738954 0.069875 0.132255
2 0.433961 0.757405 0.065453 0.121277
2 0.339773 0.607283 0.071422 0.134837
2 0.518883 0.435625 0.059391 0.128696
2 0.366695 0.387405 0.060141 0.114103
4 0.252719 0.333437 0.060656 0.127473
4 0.216906 0.505462 0.075000 0.128804
4 0.340922 0.868641 0.064281 0.131141
4 0.404266 0.591997 0.067437 0.104701
4 0.330414 0.469837 0.053609 0.125272
4 0.424094 0.391535 0.064906 0.122908
1 0.359516 0.222921 0.063594 0.104103
1 0.548828 0.336970 0.063156 0.132147
1 0.592445 0.430829 0.070953 0.128288
1 0.577703 0.517473 0.059594 0.115435
1 0.561977 0.623451 0.065516 0.107989
1 0.265734 0.829049 0.080469 0.134239
1 0.294305 0.695054 0.074172 0.132500
1 0.287680 0.566196 0.066047 0.120543
3 0.309609 0.362704 0.066969 0.119755
3 0.270969 0.448179 0.067219 0.125815
3 0.235297 0.618723 0.073875 0.127337
3 0.226266 0.726766 0.075687 0.128696
3 0.336938 0.751793 0.079219 0.121033
3 0.396680 0.855122 0.078172 0.133723
3 0.477148 0.843981 0.078766 0.110353
3 0.510953 0.577636 0.051875 0.127337
3 0.460555 0.551658 0.068203 0.102174
3 0.461703 0.462704 0.072344 0.100951
3 0.392766 0.299049 0.074031 0.083370
