3 0.344078 0.321134 0.050917 0.089083
4 0.446646 0.238861 0.061812 0.086574
3 0.434956 0.318898 0.049297 0.086870
4 0.378250 0.262528 0.057802 0.101815
0 0.136417 0.351602 0.046375 0.090667
0 0.177818 0.362616 0.053156 0.090917
0 0.208044 0.320491 0.058620 0.071981
0 0.396128 0.542208 0.052693 0.074880
1 0.186549 0.661546 0.053495 0.088315
1 0.146208 0.415222 0.041792 0.086130
0 0.169841 0.258431 0.049286 0.058361
0 0.217826 0.252671 0.042526 0.068731
1 0.168885 0.313282 0.043490 0.082472
3 0.263409 0.183727 0.050286 0.065843
3 0.307802 0.162333 0.057990 0.071759
1 0.263758 0.540171 0.052099 0.093454
4 0.194750 0.145560 0.056417 0.079009
4 0.438445 0.610773 0.049245 0.085861
2 0.417539 0.381699 0.044505 0.090824
1 0.309451 0.322486 0.038849 0.087583
3 0.401672 0.450227 0.053979 0.085861
3 0.475378 0.902028 0.059661 0.104352
4 0.276992 0.675676 0.063453 0.087574
1 0.368729 0.622727 0.048271 0.094269
1 0.245826 0.919231 0.077630 0.114407
3 0.407247 0.980639 0.065453 0.038722
3 0.512331 0.689801 0.065203 0.107269
3 0.405302 0.680403 0.049760 0.093250
3 0.743362 0.965366 0.084318 0.069269
1 0.227669 0.939120 0.076099 0.121759
4 0.340956 0.520380 0.062828 0.101389
0 0.266893 0.420602 0.050599 0.094222
3 0.552862 0.474366 0.058828 0.110269
1 0.481893 0.617639 0.048141 0.083907
1 0.453471 0.713472 0.055245 0.094759
1 0.464904 0.400403 0.049474 0.094491
2 0.395250 0.328991 0.050979 0.086778
2 0.183323 0.475458 0.049990 0.079361
2 0.261560 0.282190 0.050172 0.078806
2 0.293023 0.238458 0.045453 0.075731
2 0.443753 0.488667 0.059745 0.095704
3 0.326451 0.559986 0.059016 0.099491
3 0.453549 0.500486 0.063307 0.103065
3 0.356729 0.425824 0.056219 0.088833
