3 0.316937 0.291421 0.055667 0.099176
4 0.506547 0.189435 0.061813 0.086574
3 0.365331 0.248806 0.049297 0.086870
4 0.413706 0.202926 0.048318 0.101815
0 0.130646 0.254926 0.046375 0.072185
0 0.195484 0.295329 0.053156 0.085917
0 0.226112 0.233167 0.062536 0.083796
0 0.299164 0.202625 0.065005 0.081602
1 0.225810 0.400602 0.043339 0.077778
1 0.144982 0.327681 0.041797 0.072639
0 0.186815 0.161116 0.049286 0.058361
0 0.240331 0.178463 0.042526 0.068722
1 0.174461 0.223801 0.043495 0.082472
3 0.286940 0.113986 0.051224 0.069194
3 0.343760 0.121069 0.057990 0.071769
1 0.246229 0.315912 0.040604 0.076491
4 0.223372 0.093685 0.056411 0.084426
3 0.434289 0.973694 0.067318 0.052611
3 0.485505 0.626588 0.071521 0.115120
3 0.818284 0.949477 0.084203 0.078046
1 0.227669 0.939120 0.076099 0.121759
4 0.275727 0.627130 0.062828 0.101389
0 0.178635 0.384259 0.044865 0.087500
3 0.196995 0.515671 0.053146 0.103787
1 0.386076 0.526907 0.048141 0.083907
1 0.376318 0.510523 0.055271 0.079380
1 0.417344 0.432829 0.062229 0.109157
2 0.402630 0.320352 0.057219 0.099574
2 0.174734 0.607875 0.053354 0.096250
2 0.155479 0.445875 0.055813 0.102324
2 0.275203 0.414699 0.048396 0.075083
2 0.320583 0.481796 0.054312 0.088204
3 0.245737 0.481278 0.050516 0.088889
3 0.312125 0.575296 0.053594 0.100352
3 0.345102 0.344741 0.056224 0.088833
