0 0.307125 0.284905 0.075094 0.116929
0 0.283039 0.402785 0.068141 0.131766
0 0.328344 0.505734 0.077844 0.134837
0 0.381156 0.700340 0.072719 0.115951
0 0.650766 0.485462 0.065406 0.136793
0 0.576055 0.688899 0.071859 0.128179
0 0.515367 0.639742 0.066672 0.124592
0 0.466336 0.923397 0.080234 0.140543
0 0.387305 0.939008 0.076766 0.117364
3 0.427109 0.121522 0.077094 0.118207
3 0.363883 0.201753 0.077109 0.120353
3 0.418469 0.356726 0.062781 0.129158
3 0.400313 0.476073 0.068813 0.122527
3 0.541414 0.207459 0.074859 0.133234
3 0.582891 0.283315 0.075812 0.128533
3 0.642703 0.356454 0.071063 0.121821
3 0.460547 0.578098 0.076437 0.118370
3 0.448961 0.697663 0.070234 0.126793
3 0.320422 0.751780 0.071937 0.124212
3 0.324461 0.870340 0.080578 0.121332
4 0.531367 0.523804 0.069922 0.122065
4 0.595914 0.569660 0.072922 0.128016
4 0.623500 0.798397 0.078906 0.139348
4 0.313203 0.627527 0.077000 0.125272
4 0.480008 0.363370 0.075391 0.127228
4 0.498117 0.282880 0.076047 0.107554
2 0.511242 0.049049 0.077016 0.098098
2 0.495695 0.163981 0.072266 0.134212
2 0.353344 0.377867 0.076375 0.133071
2 0.416195 0.819280 0.075859 0.134375
2 0.541211 0.870802 0.077828 0.140951
2 0.235258 0.634755 0.078453 0.135652
1 0.217570 0.512527 0.079172 0.118967
1 0.247430 0.770734 0.080422 0.140489
1 0.505719 0.761902 0.068594 0.124185
1 0.435219 0.234660 0.072875 0.118071
1 0.567344 0.129701 0.072219 0.123967
1 0.593984 0.439198 0.060969 0.134321
1 0.535203 0.401168 0.064812 0.128967
1 0.469047 0.463274 0.076844 0.103614
2 0.382711 0.586807 0.076141 0.116712
