3 0.318146 0.268847 0.055667 0.099176
4 0.517833 0.183704 0.061812 0.086574
3 0.372992 0.215130 0.049297 0.086870
4 0.428216 0.196481 0.048318 0.101815
0 0.151406 0.248741 0.046375 0.072185
0 0.215635 0.292259 0.053156 0.085907
0 0.244940 0.220421 0.055286 0.083787
0 0.324961 0.185426 0.065005 0.081611
1 0.217664 0.406292 0.043745 0.079935
1 0.168008 0.307440 0.041797 0.072639
0 0.214107 0.142079 0.049286 0.058361
0 0.260888 0.150519 0.042526 0.068722
1 0.195190 0.212440 0.043495 0.082472
3 0.294096 0.102519 0.051224 0.069185
3 0.352729 0.090255 0.057990 0.071769
1 0.267719 0.287662 0.044479 0.081657
4 0.243583 0.072185 0.056417 0.084426
3 0.433383 0.978185 0.065505 0.043630
3 0.492156 0.589505 0.071521 0.115120
3 0.822010 0.962269 0.084302 0.072185
1 0.227669 0.939120 0.076099 0.121759
4 0.286065 0.614875 0.062828 0.101380
0 0.205589 0.353981 0.044865 0.087500
3 0.284096 0.470731 0.053151 0.110259
1 0.441711 0.514278 0.048141 0.083907
1 0.385510 0.492875 0.061302 0.094769
1 0.428026 0.412782 0.067469 0.111324
2 0.416641 0.307815 0.057625 0.105315
2 0.241844 0.658389 0.053354 0.096259
2 0.191302 0.427069 0.055812 0.102324
2 0.274943 0.376162 0.048396 0.077231
2 0.326320 0.456528 0.059745 0.095704
3 0.280299 0.465324 0.050516 0.086037
3 0.318378 0.542000 0.057630 0.089648
3 0.354169 0.305333 0.056224 0.088833
