0 0.509234 0.177758 0.067438 0.120136
0 0.412281 0.138193 0.068531 0.102908
0 0.447336 0.213614 0.063328 0.126141
0 0.483477 0.304905 0.071453 0.127038
0 0.615703 0.549144 0.058406 0.117745
0 0.623953 0.673302 0.063031 0.130353
0 0.379305 0.679212 0.080172 0.092663
0 0.376719 0.468492 0.070750 0.121005
0 0.282500 0.205353 0.059313 0.128913
2 0.462562 0.636821 0.058937 0.103533
2 0.566492 0.731318 0.066422 0.110299
2 0.500039 0.741264 0.050516 0.110462
2 0.428352 0.763139 0.063672 0.117038
2 0.327641 0.596196 0.060031 0.130978
2 0.519164 0.399620 0.059234 0.122717
2 0.355281 0.358207 0.051625 0.113424
4 0.231055 0.298886 0.063922 0.127228
4 0.191953 0.489769 0.074406 0.127745
4 0.328594 0.881046 0.052500 0.128560
4 0.393109 0.579620 0.069094 0.101087
4 0.314609 0.445965 0.053594 0.125897
4 0.418039 0.356793 0.066797 0.119620
1 0.345375 0.176481 0.062688 0.104158
1 0.547859 0.291481 0.055219 0.106060
1 0.592273 0.395897 0.062922 0.100217
1 0.562078 0.487921 0.043094 0.102908
1 0.566125 0.608967 0.062688 0.099076
1 0.245656 0.828410 0.052719 0.087745
1 0.278172 0.682568 0.065906 0.113505
1 0.275359 0.553750 0.056469 0.107283
3 0.296953 0.333016 0.065563 0.126196
3 0.252586 0.427704 0.065141 0.128560
3 0.213086 0.608940 0.068922 0.122989
3 0.206625 0.733003 0.074438 0.120951
3 0.324813 0.755815 0.076500 0.109022
3 0.395148 0.870707 0.070047 0.130000
3 0.477617 0.854973 0.076391 0.101250
3 0.514492 0.559891 0.052953 0.124185
3 0.457516 0.533111 0.072750 0.098451
3 0.457445 0.436033 0.071828 0.091522
3 0.384680 0.260842 0.074172 0.089022
