0 0.535453 0.174742 0.063625 0.109538
0 0.447305 0.134511 0.068109 0.094076
0 0.477875 0.201345 0.061719 0.124538
0 0.512375 0.280802 0.070844 0.127799
0 0.639383 0.488492 0.059609 0.116114
0 0.648266 0.607432 0.063281 0.127364
0 0.411172 0.610693 0.080625 0.101712
0 0.408461 0.417283 0.071766 0.121196
0 0.325375 0.186658 0.061375 0.120924
2 0.499109 0.571427 0.070781 0.132255
2 0.591906 0.653370 0.068750 0.128696
2 0.533609 0.665476 0.069875 0.132255
2 0.464727 0.682323 0.071078 0.120462
2 0.369953 0.524538 0.071438 0.134837
2 0.548445 0.357038 0.058703 0.128696
2 0.392266 0.312500 0.056719 0.112935
4 0.274867 0.264443 0.064828 0.127473
4 0.235742 0.428111 0.075016 0.131114
4 0.362242 0.800679 0.062234 0.145870
4 0.431711 0.515938 0.069422 0.095136
4 0.356047 0.397568 0.053594 0.125299
4 0.449320 0.324769 0.073047 0.108668
1 0.385141 0.144837 0.063594 0.104076
1 0.575453 0.265530 0.063156 0.133234
1 0.619258 0.358614 0.070953 0.128315
1 0.590164 0.436114 0.059578 0.115435
1 0.593516 0.540611 0.068969 0.118886
1 0.287000 0.758533 0.080469 0.134239
1 0.311367 0.604497 0.074172 0.132473
1 0.314805 0.481087 0.066047 0.120543
3 0.338156 0.293791 0.066969 0.119755
3 0.294102 0.381467 0.067203 0.125815
3 0.253203 0.541726 0.073875 0.127310
3 0.245938 0.656929 0.077656 0.128696
3 0.362391 0.680598 0.079219 0.121033
3 0.427070 0.791997 0.076078 0.136549
3 0.509961 0.777636 0.082734 0.118750
3 0.544516 0.500068 0.051875 0.127310
3 0.491484 0.472867 0.072969 0.096277
3 0.488828 0.388573 0.072344 0.100951
3 0.420000 0.238967 0.074031 0.083370
