0 0.311695 0.205394 0.075078 0.116929
0 0.290492 0.323274 0.071516 0.131766
0 0.332000 0.431046 0.077844 0.134864
0 0.383437 0.616875 0.072719 0.115978
0 0.650766 0.409932 0.065406 0.136766
0 0.578344 0.611440 0.071844 0.140217
0 0.521086 0.558247 0.066672 0.124592
0 0.472047 0.841861 0.080219 0.148397
0 0.391305 0.858465 0.076766 0.139158
3 0.428250 0.055530 0.077094 0.111060
3 0.368453 0.136168 0.077125 0.120380
3 0.424188 0.283179 0.062781 0.129130
3 0.401461 0.396576 0.068797 0.122500
3 0.541172 0.134769 0.074875 0.133234
3 0.584031 0.207772 0.075813 0.128533
3 0.643852 0.284905 0.071078 0.121821
3 0.466266 0.494620 0.076438 0.118370
3 0.452398 0.618166 0.070234 0.126766
3 0.324992 0.666304 0.071953 0.124185
3 0.330164 0.788859 0.080578 0.121304
4 0.532508 0.443315 0.069922 0.122065
4 0.597055 0.484198 0.072922 0.128016
4 0.628078 0.706970 0.078906 0.139321
4 0.317773 0.548016 0.077016 0.125272
4 0.483430 0.285870 0.075391 0.127228
4 0.501539 0.209348 0.076047 0.107554
2 0.513523 0.013967 0.077016 0.027935
2 0.496844 0.095734 0.072281 0.134185
2 0.357914 0.306318 0.076359 0.133071
2 0.421906 0.731834 0.075875 0.134375
2 0.544070 0.786318 0.077828 0.140951
2 0.243258 0.558234 0.078453 0.135652
1 0.223289 0.442962 0.079172 0.118967
1 0.254289 0.688247 0.080422 0.140462
1 0.510297 0.682405 0.068594 0.124158
1 0.439789 0.165095 0.072859 0.118071
1 0.567906 0.063125 0.072219 0.123967
1 0.595133 0.359688 0.060984 0.134321
1 0.535781 0.325639 0.064812 0.128940
1 0.474766 0.393057 0.076844 0.103614
2 0.387281 0.507310 0.076156 0.116739
