0 0.506422 0.182446 0.065406 0.120109
0 0.410727 0.142731 0.065859 0.101658
0 0.444734 0.216929 0.060375 0.123424
0 0.481336 0.306889 0.069859 0.122418
0 0.612445 0.548899 0.058172 0.113342
0 0.620961 0.671332 0.061484 0.126630
0 0.377945 0.679212 0.077453 0.092663
0 0.374828 0.470204 0.069656 0.119864
0 0.282727 0.209049 0.058422 0.127717
2 0.462000 0.636821 0.060062 0.103533
2 0.563234 0.727242 0.061719 0.106060
2 0.497453 0.736943 0.049875 0.109647
2 0.426797 0.756372 0.059656 0.100245
2 0.327055 0.596196 0.061203 0.130978
2 0.516039 0.400598 0.056547 0.125326
2 0.355578 0.362554 0.051063 0.107554
4 0.230953 0.301264 0.062813 0.125734
4 0.191961 0.489511 0.075516 0.126304
4 0.328594 0.879837 0.052500 0.127065
4 0.392570 0.579620 0.070172 0.101087
4 0.314609 0.448614 0.053594 0.126467
4 0.416711 0.359171 0.064141 0.114864
1 0.347133 0.191087 0.057297 0.104511
1 0.543367 0.299103 0.052547 0.106467
1 0.590477 0.403125 0.058891 0.096630
1 0.559078 0.496495 0.043844 0.091957
1 0.562094 0.613777 0.059125 0.103315
1 0.246781 0.828410 0.050281 0.087745
1 0.278453 0.684769 0.061969 0.108125
1 0.276133 0.555095 0.056891 0.108505
3 0.296484 0.335380 0.063312 0.127011
3 0.252586 0.430856 0.065141 0.127147
3 0.213367 0.610380 0.068922 0.124022
3 0.206906 0.733736 0.075000 0.119484
3 0.323672 0.754837 0.074281 0.107717
3 0.394164 0.867772 0.068453 0.124130
3 0.474148 0.853832 0.074422 0.098967
3 0.511906 0.559891 0.050969 0.124185
3 0.455266 0.533682 0.071438 0.097310
3 0.454781 0.437826 0.068719 0.091196
3 0.383430 0.264198 0.071672 0.087962
