0 0.578234 0.208465 0.062875 0.137962
0 0.487734 0.162351 0.068125 0.098832
0 0.519297 0.234497 0.064500 0.122092
0 0.553625 0.321182 0.069625 0.124375
0 0.677438 0.561495 0.059625 0.116141
0 0.682266 0.679538 0.063281 0.127337
0 0.454156 0.674293 0.081187 0.093587
0 0.451016 0.472364 0.071750 0.121196
0 0.363805 0.220340 0.064141 0.130408
2 0.533734 0.640584 0.070031 0.132255
2 0.632516 0.728437 0.068750 0.128668
2 0.574164 0.735408 0.069859 0.132283
2 0.503805 0.753736 0.071078 0.120462
2 0.412203 0.590353 0.071438 0.134837
2 0.591898 0.415353 0.059391 0.128696
2 0.438063 0.363750 0.056719 0.112935
4 0.313938 0.305829 0.064812 0.127473
4 0.277875 0.486060 0.075000 0.128804
4 0.410281 0.864035 0.064281 0.131114
4 0.467586 0.579389 0.067453 0.104701
4 0.395125 0.452459 0.053594 0.125299
4 0.490477 0.370842 0.064922 0.122935
1 0.427641 0.189171 0.063594 0.104103
1 0.619797 0.305639 0.063156 0.132147
1 0.658883 0.408967 0.070953 0.128315
1 0.636570 0.509321 0.059578 0.115435
1 0.633641 0.613043 0.067656 0.105815
1 0.337906 0.813451 0.080469 0.134239
1 0.360641 0.678370 0.074188 0.132500
1 0.357961 0.551413 0.066047 0.120543
3 0.375539 0.340761 0.066953 0.119783
3 0.335906 0.428152 0.067219 0.125815
3 0.295859 0.602894 0.073875 0.127310
3 0.289094 0.720734 0.077656 0.128696
3 0.402656 0.743030 0.079219 0.121005
3 0.467180 0.855136 0.078172 0.133696
3 0.544758 0.843913 0.084141 0.118750
3 0.580891 0.566413 0.051875 0.127337
3 0.528875 0.538478 0.072969 0.096304
3 0.527906 0.445312 0.072344 0.100951
3 0.459422 0.275598 0.074031 0.083370
