0 0.522508 0.223872 0.062859 0.123723
0 0.436758 0.183043 0.068109 0.098859
0 0.464930 0.255761 0.064516 0.122120
0 0.497031 0.326807 0.069625 0.124375
0 0.614563 0.556168 0.058219 0.116141
0 0.619563 0.670082 0.064281 0.127337
0 0.403523 0.668981 0.081203 0.093560
0 0.400383 0.475924 0.071766 0.121196
0 0.317586 0.236291 0.064141 0.130408
2 0.479336 0.640611 0.072016 0.133397
2 0.565570 0.718981 0.068734 0.118071
2 0.510281 0.726535 0.069875 0.132255
2 0.447094 0.749253 0.064187 0.120571
2 0.359078 0.590149 0.071438 0.134864
2 0.528695 0.423043 0.059391 0.128696
2 0.380633 0.376182 0.060141 0.114103
4 0.270141 0.319416 0.060656 0.127473
4 0.233016 0.492554 0.075000 0.128804
4 0.356078 0.848071 0.064281 0.131141
4 0.417633 0.580557 0.067453 0.104701
4 0.348234 0.460734 0.053594 0.125272
4 0.439156 0.376753 0.064906 0.122908
1 0.371562 0.213995 0.063594 0.104076
1 0.558797 0.326345 0.063156 0.132147
1 0.597539 0.417826 0.070953 0.128315
1 0.570898 0.512283 0.059578 0.115435
1 0.568484 0.616114 0.065531 0.107989
1 0.278781 0.800448 0.080469 0.134266
1 0.308133 0.668628 0.074172 0.132473
1 0.302914 0.548451 0.066047 0.120543
3 0.327961 0.350829 0.066953 0.119755
3 0.288328 0.435842 0.067219 0.125815
3 0.251680 0.598166 0.073859 0.127310
3 0.247266 0.711875 0.075687 0.128696
3 0.353719 0.737731 0.079219 0.121005
3 0.413820 0.841535 0.078172 0.133723
3 0.490398 0.828492 0.078766 0.110353
3 0.526844 0.564633 0.051875 0.127310
3 0.474148 0.537283 0.068203 0.102174
3 0.473875 0.449457 0.072344 0.100978
3 0.408437 0.289796 0.074031 0.083397
