0 0.518086 0.220910 0.062859 0.123723
0 0.428945 0.175951 0.068109 0.098859
0 0.460172 0.242758 0.064500 0.122092
0 0.491430 0.324144 0.069641 0.124375
0 0.605727 0.559728 0.058234 0.116141
0 0.614984 0.669851 0.063281 0.127364
0 0.395703 0.667201 0.081188 0.093587
0 0.394602 0.475326 0.071766 0.121196
0 0.308414 0.239837 0.064141 0.130380
2 0.475031 0.641793 0.072000 0.133370
2 0.562734 0.719973 0.068750 0.118043
2 0.505859 0.727432 0.069875 0.132255
2 0.444156 0.749253 0.064187 0.120571
2 0.351594 0.588383 0.071438 0.134864
2 0.521898 0.422446 0.059391 0.128696
2 0.374180 0.375584 0.060141 0.114103
4 0.263016 0.318247 0.060656 0.127473
4 0.222828 0.487228 0.075000 0.128804
4 0.348938 0.849266 0.064281 0.131141
4 0.407438 0.579389 0.067437 0.104701
4 0.338375 0.457174 0.053594 0.125272
4 0.432703 0.376168 0.064906 0.122935
1 0.363750 0.218709 0.063594 0.104103
1 0.550641 0.329878 0.063156 0.132147
1 0.592445 0.426101 0.070953 0.128288
1 0.569625 0.512283 0.059594 0.115435
1 0.566586 0.617120 0.065516 0.107989
1 0.270625 0.803995 0.080469 0.134239
1 0.299469 0.669524 0.074188 0.132473
1 0.297930 0.548451 0.066047 0.120543
3 0.320484 0.350231 0.066969 0.119755
3 0.281539 0.435842 0.067203 0.125815
3 0.241141 0.599334 0.073875 0.127310
3 0.236734 0.710707 0.075687 0.128696
3 0.349313 0.737133 0.079219 0.121005
3 0.406008 0.839755 0.078172 0.133696
3 0.483938 0.829076 0.078750 0.110380
3 0.515977 0.564633 0.051891 0.127310
3 0.466672 0.539049 0.068219 0.102174
3 0.466734 0.448274 0.072344 0.100951
3 0.401297 0.288030 0.074031 0.083397
