0 0.535078 0.242188 0.062875 0.123723
0 0.450016 0.198410 0.068125 0.098832
0 0.481242 0.266399 0.064516 0.122092
0 0.514539 0.350149 0.069641 0.124375
0 0.630211 0.581005 0.059609 0.116141
0 0.640125 0.693723 0.063281 0.127337
0 0.414055 0.694389 0.081203 0.093560
0 0.413930 0.496929 0.071766 0.121196
0 0.330164 0.255190 0.064141 0.130380
2 0.495648 0.664253 0.072016 0.133397
2 0.587313 0.741440 0.068750 0.118043
2 0.525719 0.746209 0.069875 0.132255
2 0.463047 0.760774 0.066281 0.121766
2 0.372188 0.603750 0.071438 0.134837
2 0.545078 0.435462 0.059375 0.128696
2 0.400680 0.389769 0.060141 0.114103
4 0.282719 0.343057 0.060656 0.127473
4 0.239141 0.513234 0.075000 0.128804
4 0.369328 0.878804 0.064281 0.131141
4 0.432586 0.601834 0.067453 0.104701
4 0.358766 0.478451 0.053594 0.125272
4 0.449016 0.400992 0.064906 0.122908
1 0.386469 0.220584 0.063594 0.104103
1 0.571031 0.331739 0.063156 0.132120
1 0.610250 0.436386 0.070969 0.128315
1 0.583227 0.522935 0.059578 0.115435
1 0.577953 0.630543 0.065531 0.107989
1 0.292719 0.829402 0.080469 0.134239
1 0.318836 0.697092 0.074172 0.132500
1 0.317695 0.569049 0.066047 0.120543
3 0.340195 0.371495 0.066953 0.119783
3 0.300563 0.459484 0.067219 0.125815
3 0.261531 0.633628 0.073875 0.127310
3 0.258484 0.735516 0.075687 0.128696
3 0.366984 0.763139 0.079219 0.121005
3 0.427078 0.870503 0.078156 0.133723
3 0.503656 0.857446 0.078750 0.110380
3 0.543156 0.589457 0.051875 0.127337
3 0.492508 0.565054 0.068203 0.102174
3 0.488484 0.471916 0.072344 0.100951
3 0.425094 0.308111 0.074031 0.083397
