0 0.531039 0.226753 0.063609 0.109538
0 0.443219 0.186522 0.068125 0.094076
0 0.477031 0.259552 0.061719 0.124538
0 0.508359 0.340584 0.062062 0.106603
0 0.628852 0.560897 0.059609 0.116141
0 0.638078 0.678356 0.063281 0.127364
0 0.412359 0.684579 0.080625 0.101712
0 0.408422 0.485571 0.071750 0.121196
0 0.321641 0.247527 0.061375 0.120924
2 0.490953 0.650041 0.070781 0.132255
2 0.583750 0.733451 0.068750 0.128696
2 0.525906 0.734226 0.069875 0.132255
2 0.456797 0.758764 0.071094 0.120462
2 0.364289 0.601766 0.071422 0.134837
2 0.540938 0.430734 0.058719 0.128696
2 0.386063 0.372636 0.056719 0.112935
4 0.274633 0.331970 0.064828 0.127473
4 0.239664 0.502215 0.075016 0.131114
4 0.359938 0.864321 0.062250 0.145870
4 0.426617 0.588764 0.069422 0.095136
4 0.353875 0.471155 0.053594 0.125299
4 0.446273 0.380924 0.073047 0.108696
1 0.379031 0.222853 0.063594 0.104076
1 0.566281 0.331535 0.063156 0.132147
1 0.604000 0.411916 0.070969 0.128288
1 0.580164 0.506766 0.059578 0.115435
1 0.582812 0.615367 0.068969 0.118886
1 0.287297 0.817731 0.080469 0.134266
1 0.311703 0.674239 0.074187 0.132500
1 0.308352 0.550815 0.066047 0.120543
3 0.333398 0.356141 0.066953 0.119783
3 0.292406 0.442935 0.067219 0.125815
3 0.255188 0.611943 0.073875 0.127310
3 0.246156 0.730788 0.077656 0.128696
3 0.359828 0.752188 0.079219 0.121005
3 0.423359 0.862459 0.076094 0.136549
3 0.501570 0.841549 0.082734 0.118750
3 0.538406 0.574090 0.051875 0.127310
3 0.484016 0.539647 0.072969 0.096304
3 0.485094 0.454185 0.072344 0.100978
3 0.412859 0.292745 0.074031 0.083370
