4 0.535078 0.296766 0.074688 0.105163
0 0.330687 0.297840 0.086281 0.120625
0 0.303242 0.428111 0.076953 0.138832
0 0.352406 0.531522 0.082656 0.140924
0 0.413367 0.736807 0.075422 0.128505
0 0.700250 0.501223 0.068188 0.147337
0 0.625906 0.723655 0.076531 0.150734
0 0.561219 0.669633 0.074219 0.139973
0 0.510805 0.955394 0.087609 0.089212
0 0.420664 0.970625 0.084266 0.058750
3 0.454875 0.137120 0.077094 0.116087
3 0.389531 0.218492 0.077125 0.120353
3 0.452922 0.374701 0.072969 0.127989
3 0.431875 0.499660 0.072219 0.127364
3 0.574648 0.214796 0.074859 0.133234
3 0.621500 0.294687 0.078562 0.127418
3 0.685609 0.369878 0.075125 0.121821
3 0.497438 0.602405 0.082406 0.136223
3 0.488891 0.737473 0.077000 0.148098
3 0.349695 0.795720 0.082734 0.133505
3 0.351828 0.930815 0.086563 0.131250
4 0.569664 0.542717 0.073359 0.129185
4 0.643617 0.589171 0.077641 0.146875
4 0.680711 0.838546 0.087641 0.158342
4 0.337672 0.662038 0.086594 0.144293
4 0.517672 0.368234 0.079469 0.131848
2 0.540352 0.058533 0.077016 0.105217
2 0.526773 0.177894 0.072266 0.134212
2 0.379898 0.399728 0.079766 0.142446
2 0.454336 0.866399 0.087422 0.153397
2 0.592586 0.924049 0.083328 0.151902
2 0.252164 0.674348 0.085984 0.150815
1 0.233562 0.541834 0.086594 0.118940
1 0.264969 0.824837 0.089188 0.161250
1 0.552047 0.806495 0.072063 0.154946
1 0.465016 0.254837 0.076906 0.118043
1 0.601047 0.146929 0.072219 0.118533
1 0.635094 0.455204 0.060969 0.142582
1 0.572195 0.416277 0.074359 0.136087
1 0.504500 0.484905 0.078906 0.103614
2 0.417219 0.612541 0.078125 0.127201
