0 0.527141 0.234307 0.066906 0.123723
0 0.439813 0.190136 0.068125 0.098859
0 0.472625 0.264035 0.064500 0.122092
0 0.503219 0.341875 0.069625 0.124402
0 0.620336 0.569185 0.058234 0.116141
0 0.625852 0.684266 0.065297 0.127337
0 0.407937 0.681386 0.081188 0.093587
0 0.405484 0.494239 0.071750 0.121196
0 0.320914 0.250707 0.064141 0.130380
2 0.484437 0.653030 0.072000 0.133397
2 0.570672 0.735530 0.068750 0.118071
2 0.518125 0.741141 0.066406 0.132228
2 0.454117 0.761467 0.064203 0.120598
2 0.359750 0.599226 0.071438 0.134864
2 0.535320 0.437826 0.059391 0.128696
2 0.386633 0.387024 0.060141 0.114103
4 0.274336 0.331236 0.060672 0.127473
4 0.239406 0.506141 0.075000 0.128804
4 0.362641 0.867391 0.064281 0.131141
4 0.423070 0.592785 0.067453 0.104701
4 0.352422 0.474918 0.053594 0.125272
4 0.443344 0.391929 0.064906 0.122935
1 0.376328 0.216372 0.063594 0.104103
1 0.560156 0.329878 0.063156 0.132147
1 0.599680 0.427283 0.070953 0.128315
1 0.573586 0.532473 0.059578 0.115435
1 0.573531 0.631875 0.065531 0.107989
1 0.282859 0.822908 0.080469 0.134239
1 0.312656 0.686073 0.074187 0.132473
1 0.312211 0.564946 0.066047 0.120543
3 0.334984 0.362840 0.066969 0.119755
3 0.293773 0.449239 0.067203 0.125815
3 0.257117 0.620340 0.073859 0.127310
3 0.252023 0.727255 0.075672 0.128696
3 0.358031 0.754239 0.075813 0.122283
3 0.417898 0.861046 0.078172 0.133723
3 0.497078 0.847989 0.078750 0.110380
3 0.532969 0.575272 0.051875 0.127337
3 0.480273 0.548913 0.068203 0.102174
3 0.478984 0.463641 0.072344 0.100978
3 0.413531 0.302215 0.074031 0.083397
