0 0.332031 0.227446 0.080875 0.128804
0 0.312758 0.340639 0.071516 0.131766
0 0.358836 0.436957 0.077828 0.140924
0 0.416094 0.625639 0.072719 0.126060
0 0.689000 0.396073 0.065406 0.136766
0 0.620844 0.597812 0.071844 0.140190
0 0.558883 0.552785 0.066672 0.124592
0 0.513906 0.851848 0.080219 0.155598
0 0.431094 0.883071 0.081562 0.147500
3 0.450797 0.073342 0.077094 0.108859
3 0.390891 0.149932 0.077125 0.120353
3 0.447156 0.292541 0.062781 0.129158
3 0.431867 0.403274 0.068797 0.122527
3 0.566148 0.133139 0.074859 0.133234
3 0.609406 0.204103 0.075812 0.128533
3 0.672703 0.274117 0.071062 0.121821
3 0.496586 0.498166 0.076422 0.118342
3 0.488664 0.620815 0.070234 0.126793
3 0.355391 0.682011 0.071937 0.124185
3 0.362375 0.808220 0.080563 0.129538
4 0.566633 0.441087 0.069922 0.122065
4 0.633789 0.470992 0.072922 0.128016
4 0.672891 0.708696 0.078906 0.139348
4 0.347164 0.563152 0.077016 0.125272
4 0.509375 0.282486 0.075406 0.127201
4 0.525898 0.224090 0.076047 0.107527
2 0.530492 0.022717 0.077016 0.045435
2 0.520320 0.101644 0.072266 0.134212
2 0.381992 0.311861 0.076359 0.133071
2 0.459086 0.750503 0.077953 0.134375
2 0.590977 0.796821 0.077828 0.145652
2 0.263852 0.571332 0.078453 0.135652
1 0.246805 0.456726 0.079172 0.118940
1 0.278188 0.709253 0.080437 0.148342
1 0.548562 0.679457 0.068594 0.134946
1 0.464133 0.176440 0.072859 0.118043
1 0.589500 0.067663 0.072219 0.110163
1 0.626484 0.354144 0.060969 0.134321
1 0.568109 0.326712 0.064812 0.128967
1 0.502875 0.384905 0.076844 0.103614
2 0.418953 0.509090 0.076156 0.116712
