0 0.533031 0.233913 0.066906 0.123696
0 0.447289 0.188356 0.068109 0.098832
0 0.480219 0.264633 0.064500 0.122092
0 0.511992 0.341590 0.069641 0.124375
0 0.628492 0.567989 0.058234 0.116141
0 0.636039 0.680720 0.065297 0.127364
0 0.417102 0.681386 0.079141 0.093587
0 0.413813 0.491277 0.071750 0.121196
0 0.330508 0.250462 0.064141 0.130380
2 0.485766 0.650068 0.072000 0.133397
2 0.579500 0.734946 0.068750 0.118043
2 0.525438 0.741033 0.066406 0.132228
2 0.460820 0.762147 0.064203 0.120598
2 0.365187 0.600014 0.071437 0.134864
2 0.538727 0.437527 0.059391 0.128696
2 0.393383 0.386236 0.060141 0.114103
4 0.281867 0.330068 0.060672 0.127473
4 0.244578 0.503179 0.075000 0.128804
4 0.371250 0.864239 0.064281 0.131141
4 0.431227 0.588546 0.067453 0.104701
4 0.358766 0.471359 0.053594 0.125272
4 0.451562 0.388886 0.064906 0.122935
1 0.382094 0.216372 0.063594 0.104103
1 0.564750 0.329878 0.063156 0.132147
1 0.604172 0.426984 0.070969 0.128315
1 0.575398 0.533098 0.059578 0.115435
1 0.577609 0.630109 0.065531 0.107989
1 0.288469 0.822908 0.080469 0.134239
1 0.318805 0.684035 0.074172 0.132473
1 0.311398 0.564728 0.066047 0.120543
3 0.341328 0.361264 0.066969 0.119755
3 0.299891 0.448832 0.067219 0.125815
3 0.264594 0.617079 0.073875 0.127310
3 0.259164 0.726658 0.075672 0.128696
3 0.366828 0.753043 0.075812 0.122283
3 0.425375 0.859864 0.078156 0.133696
3 0.505352 0.844457 0.078766 0.110380
3 0.540109 0.574090 0.051875 0.127310
3 0.488086 0.546739 0.068203 0.102174
3 0.488484 0.463641 0.072344 0.100978
3 0.422375 0.303098 0.074031 0.083370
