0 0.513312 0.237459 0.066906 0.123723
0 0.426227 0.194851 0.068109 0.098832
0 0.458297 0.264334 0.064500 0.122092
0 0.490578 0.344538 0.069625 0.124402
0 0.608781 0.575380 0.058219 0.116141
0 0.617938 0.686454 0.065313 0.127364
0 0.395828 0.686332 0.081188 0.093587
0 0.392063 0.494837 0.071750 0.121196
0 0.306211 0.252541 0.064141 0.130408
2 0.466086 0.662486 0.072016 0.133397
2 0.561781 0.736563 0.068750 0.118071
2 0.506492 0.742894 0.069297 0.132255
2 0.442219 0.767188 0.064187 0.120571
2 0.350070 0.607147 0.071422 0.134837
2 0.523570 0.437826 0.059391 0.128696
2 0.372930 0.388601 0.060141 0.114103
4 0.261484 0.337160 0.060656 0.127473
4 0.223164 0.508505 0.075016 0.128804
4 0.347242 0.872908 0.064297 0.131141
4 0.411773 0.596209 0.067453 0.104701
4 0.336562 0.476875 0.053594 0.125272
4 0.431109 0.397636 0.064906 0.122935
1 0.362734 0.223451 0.063594 0.104076
1 0.552672 0.329878 0.063156 0.132147
1 0.592758 0.427283 0.070953 0.128315
1 0.570414 0.531359 0.059578 0.115435
1 0.566102 0.633342 0.065516 0.107989
1 0.277172 0.821726 0.080469 0.134266
1 0.301852 0.696114 0.074172 0.132500
1 0.294750 0.571223 0.066031 0.120543
3 0.321711 0.362758 0.066953 0.119755
3 0.279844 0.451793 0.067219 0.125815
3 0.242500 0.621807 0.073875 0.127310
3 0.236391 0.734918 0.075687 0.128696
3 0.343867 0.761902 0.075828 0.122283
3 0.407703 0.863397 0.078156 0.133696
3 0.482586 0.851549 0.078766 0.110380
3 0.516312 0.579416 0.051875 0.127310
3 0.467695 0.557364 0.068203 0.102174
3 0.465719 0.468370 0.072344 0.100978
3 0.401641 0.305761 0.074031 0.083370
