0 0.485461 0.210245 0.062859 0.137989
0 0.398023 0.168261 0.068109 0.098859
0 0.430266 0.239796 0.064500 0.122092
0 0.462547 0.320598 0.069625 0.124402
0 0.581727 0.546332 0.059609 0.116141
0 0.589828 0.657867 0.063281 0.127364
0 0.364445 0.664837 0.081203 0.093587
0 0.365383 0.467065 0.071766 0.121196
0 0.276461 0.230380 0.064141 0.130380
2 0.440969 0.641182 0.070031 0.132255
2 0.531594 0.704198 0.068750 0.128668
2 0.473578 0.722989 0.069875 0.132283
2 0.411031 0.739851 0.071094 0.120462
2 0.320328 0.589565 0.071438 0.134837
2 0.489961 0.411807 0.059391 0.128668
2 0.342914 0.367310 0.060141 0.114130
4 0.230391 0.302867 0.060656 0.127473
4 0.195641 0.486658 0.075000 0.128804
4 0.318359 0.848071 0.064281 0.131141
4 0.379234 0.577024 0.067438 0.104701
4 0.308469 0.451277 0.053594 0.125272
4 0.400078 0.372609 0.064906 0.122935
1 0.333156 0.203356 0.063594 0.104103
1 0.519375 0.308601 0.063156 0.132147
1 0.557102 0.410734 0.070953 0.128315
1 0.531906 0.509918 0.059594 0.115435
1 0.529695 0.608682 0.065516 0.108016
1 0.244797 0.802799 0.080469 0.134239
1 0.266844 0.673057 0.074188 0.132473
1 0.262117 0.542554 0.066047 0.120543
3 0.292625 0.345489 0.066969 0.119783
3 0.248914 0.432283 0.067203 0.125815
3 0.211922 0.602894 0.073875 0.127310
3 0.205156 0.713071 0.077656 0.128696
3 0.313969 0.735951 0.079219 0.121033
3 0.382219 0.835041 0.078156 0.133723
3 0.452656 0.823804 0.084125 0.118750
3 0.489469 0.553995 0.051875 0.127337
3 0.436094 0.527242 0.072969 0.096277
3 0.437516 0.439416 0.072344 0.100951
3 0.372086 0.278560 0.074016 0.083370
