0 0.521531 0.227935 0.063625 0.109511
0 0.436164 0.191984 0.068109 0.094076
0 0.464547 0.264307 0.061719 0.124538
0 0.495828 0.332717 0.065500 0.103641
0 0.613930 0.542133 0.059609 0.116114
0 0.625734 0.651481 0.063281 0.127364
0 0.402516 0.651073 0.080625 0.101712
0 0.398883 0.467826 0.071766 0.121196
0 0.316539 0.244579 0.061359 0.120951
2 0.481719 0.622255 0.070781 0.132228
2 0.571891 0.699416 0.068750 0.128668
2 0.514172 0.704280 0.069875 0.132255
2 0.449688 0.721861 0.071094 0.120462
2 0.357109 0.576997 0.071438 0.134864
2 0.526828 0.421372 0.058719 0.128668
2 0.383820 0.371658 0.056703 0.112935
4 0.267734 0.326508 0.064812 0.127473
4 0.229625 0.483655 0.075000 0.131114
4 0.354945 0.832147 0.062234 0.145870
4 0.420438 0.562405 0.069437 0.095136
4 0.348438 0.453179 0.053594 0.125272
4 0.439148 0.372745 0.073047 0.108696
1 0.380859 0.226291 0.063594 0.104103
1 0.551383 0.318261 0.063141 0.132989
1 0.596344 0.408886 0.070969 0.128315
1 0.573430 0.483750 0.059578 0.115435
1 0.569359 0.589117 0.068969 0.118886
1 0.284672 0.794144 0.080469 0.134266
1 0.303641 0.651440 0.074187 0.132500
1 0.296477 0.530842 0.066047 0.120543
3 0.327555 0.352120 0.066953 0.119783
3 0.288680 0.433397 0.067203 0.125815
3 0.249055 0.588954 0.073859 0.127310
3 0.242531 0.697690 0.077656 0.128696
3 0.355172 0.721236 0.079219 0.121005
3 0.415008 0.824633 0.076078 0.136549
3 0.492070 0.805707 0.082734 0.118750
3 0.525844 0.548288 0.051875 0.127337
3 0.475141 0.521712 0.072969 0.096304
3 0.473922 0.441345 0.072344 0.100951
3 0.410297 0.292486 0.074031 0.083397
