0 0.456383 0.214185 0.062859 0.137989
0 0.368156 0.167147 0.068125 0.098859
0 0.399906 0.239878 0.064500 0.122092
0 0.434898 0.322758 0.069641 0.124375
0 0.552422 0.553016 0.059625 0.116141
0 0.562719 0.661019 0.063281 0.127364
0 0.334250 0.673954 0.081188 0.093560
0 0.334367 0.473723 0.071766 0.121196
0 0.244133 0.234783 0.064141 0.130380
2 0.418172 0.644715 0.070031 0.132255
2 0.509156 0.716019 0.068750 0.128668
2 0.454047 0.729660 0.069875 0.132255
2 0.385570 0.750489 0.071078 0.120489
2 0.293609 0.595082 0.071438 0.134837
2 0.470930 0.415136 0.059391 0.128696
2 0.321156 0.369375 0.056719 0.112935
4 0.198109 0.318071 0.064813 0.127446
4 0.162766 0.493152 0.075000 0.128804
4 0.286937 0.855163 0.064281 0.131141
4 0.357094 0.577649 0.067437 0.104701
4 0.276898 0.458261 0.053609 0.125272
4 0.371313 0.373274 0.064906 0.122908
1 0.307250 0.202568 0.063594 0.104103
1 0.501266 0.312052 0.063156 0.132147
1 0.540289 0.413859 0.070953 0.128315
1 0.524523 0.506386 0.059578 0.115435
1 0.513867 0.614592 0.065516 0.107989
1 0.228484 0.812133 0.080469 0.134266
1 0.238227 0.678832 0.074172 0.132500
1 0.231320 0.549647 0.066047 0.120543
3 0.261563 0.346943 0.066969 0.119755
3 0.223234 0.432120 0.067219 0.125815
3 0.179828 0.609592 0.073875 0.127337
3 0.173813 0.723315 0.077656 0.128696
3 0.282797 0.745910 0.079219 0.121005
3 0.346648 0.844891 0.078172 0.133696
3 0.427133 0.833397 0.084141 0.118750
3 0.465563 0.563057 0.051875 0.127310
3 0.409844 0.532677 0.072969 0.096277
3 0.408516 0.442758 0.072344 0.100951
3 0.336406 0.280340 0.074031 0.083397
