0 0.531156 0.231563 0.066906 0.123723
0 0.445086 0.191304 0.068109 0.098859
0 0.478531 0.267323 0.066531 0.122038
0 0.510375 0.340693 0.069625 0.124375
0 0.628836 0.569185 0.058234 0.116141
0 0.634344 0.680720 0.065313 0.127364
0 0.414383 0.683750 0.077078 0.093587
0 0.410180 0.490707 0.071766 0.121196
0 0.326758 0.246929 0.064141 0.130380
2 0.484531 0.650068 0.072000 0.133397
2 0.585063 0.733166 0.068750 0.118071
2 0.527813 0.741929 0.066406 0.132228
2 0.455383 0.760965 0.064203 0.120571
2 0.366937 0.604198 0.071438 0.134864
2 0.542352 0.437337 0.059391 0.128696
2 0.395023 0.389769 0.060141 0.114103
4 0.278297 0.333601 0.060656 0.127473
4 0.243125 0.500245 0.075000 0.128804
4 0.368516 0.869837 0.064281 0.131141
4 0.428984 0.587649 0.067437 0.104701
4 0.357953 0.468533 0.053594 0.125272
4 0.448266 0.390122 0.064906 0.122908
1 0.381766 0.217541 0.063594 0.104103
1 0.564688 0.330584 0.063156 0.132147
1 0.605187 0.426101 0.070969 0.128288
1 0.575570 0.536875 0.059578 0.115435
1 0.578688 0.628084 0.065531 0.108016
1 0.292375 0.819946 0.080469 0.134239
1 0.315023 0.687323 0.074172 0.132473
1 0.309367 0.564130 0.066047 0.120543
3 0.339516 0.362649 0.066969 0.119755
3 0.300563 0.446467 0.067219 0.125815
3 0.260250 0.620394 0.073875 0.127310
3 0.256922 0.731386 0.075687 0.128696
3 0.361977 0.753043 0.075828 0.122283
3 0.424555 0.858791 0.078172 0.133723
3 0.502094 0.844457 0.078750 0.110380
3 0.536375 0.579416 0.051875 0.127310
3 0.484211 0.552527 0.068203 0.102174
3 0.484750 0.464524 0.072344 0.100951
3 0.419516 0.302323 0.074031 0.083397
