0 0.524687 0.146481 0.066969 0.124375
0 0.425758 0.104253 0.070391 0.103125
0 0.461156 0.179674 0.064781 0.128152
0 0.497375 0.270734 0.071438 0.127826
0 0.633805 0.518329 0.060703 0.119266
0 0.641297 0.645897 0.063281 0.130978
0 0.392969 0.649497 0.080625 0.093614
0 0.390461 0.436549 0.069984 0.121196
0 0.292844 0.171277 0.061375 0.130652
2 0.479148 0.613804 0.067453 0.107174
2 0.584109 0.695109 0.063500 0.103424
2 0.517781 0.708383 0.055344 0.106766
2 0.443125 0.729742 0.065219 0.111929
2 0.339953 0.564130 0.059844 0.130978
2 0.533984 0.366848 0.057250 0.124402
2 0.369266 0.328424 0.052719 0.114402
4 0.241867 0.266848 0.066484 0.127446
4 0.203625 0.455802 0.074219 0.128016
4 0.341563 0.855204 0.057656 0.128832
4 0.407836 0.550163 0.069422 0.101087
4 0.328000 0.412745 0.053594 0.125815
4 0.431133 0.325068 0.067234 0.120408
1 0.357156 0.144579 0.063594 0.104103
1 0.561250 0.253043 0.055656 0.105978
1 0.610289 0.364103 0.071547 0.106467
1 0.578766 0.461902 0.048438 0.101467
1 0.582219 0.580557 0.065625 0.104864
1 0.259609 0.796386 0.059687 0.088587
1 0.285516 0.654321 0.072812 0.111141
1 0.288016 0.511902 0.056406 0.113207
3 0.309359 0.298967 0.067906 0.125815
3 0.265367 0.393505 0.065141 0.128804
3 0.223438 0.581318 0.074531 0.128832
3 0.218922 0.706821 0.077656 0.126087
3 0.337031 0.727473 0.079219 0.119022
3 0.409453 0.844918 0.074063 0.130978
3 0.493313 0.828207 0.076719 0.104891
3 0.530422 0.530448 0.051875 0.132310
3 0.472125 0.500326 0.072969 0.098641
3 0.471656 0.402391 0.072344 0.091576
3 0.396641 0.227065 0.074594 0.091576
