0 0.527422 0.153601 0.066000 0.109538
0 0.433711 0.116970 0.068109 0.095462
0 0.466094 0.186046 0.057937 0.124538
0 0.501625 0.266277 0.070844 0.127826
0 0.635375 0.490666 0.058656 0.119266
0 0.645484 0.613886 0.063281 0.129946
0 0.404148 0.621359 0.078266 0.095815
0 0.399656 0.419321 0.067750 0.121196
0 0.307875 0.180557 0.061375 0.125788
2 0.485570 0.589728 0.074516 0.119511
2 0.588703 0.663546 0.068750 0.110734
2 0.524563 0.677649 0.057344 0.118125
2 0.453945 0.703655 0.070547 0.122799
2 0.353406 0.543274 0.062562 0.127473
2 0.537187 0.357174 0.055938 0.115924
2 0.379852 0.309063 0.052203 0.101005
4 0.254961 0.268546 0.065641 0.127473
4 0.217125 0.442622 0.073719 0.120299
4 0.352258 0.818166 0.057109 0.128397
4 0.420172 0.525000 0.069437 0.100598
4 0.339133 0.399185 0.053609 0.120380
4 0.437945 0.317188 0.067766 0.114538
1 0.369656 0.162079 0.063594 0.104103
1 0.566172 0.254538 0.055656 0.105978
1 0.609641 0.350951 0.063594 0.102554
1 0.582938 0.435842 0.055344 0.091630
1 0.588844 0.556671 0.066469 0.103016
1 0.274500 0.770462 0.059719 0.096576
1 0.301000 0.632636 0.073156 0.109076
1 0.299500 0.490530 0.056406 0.115408
3 0.320211 0.298791 0.066953 0.121277
3 0.278414 0.383003 0.065141 0.127310
3 0.238453 0.554633 0.072156 0.118995
3 0.232875 0.678003 0.077656 0.122201
3 0.349609 0.696196 0.079219 0.117609
3 0.419875 0.806712 0.073688 0.130978
3 0.502266 0.789918 0.076719 0.104891
3 0.535953 0.510476 0.051875 0.131060
3 0.479172 0.484402 0.072969 0.088098
3 0.477828 0.393614 0.072344 0.090380
3 0.405719 0.225231 0.074313 0.083397
