0 0.527602 0.184823 0.062859 0.137962
0 0.433703 0.139851 0.068125 0.099973
0 0.467172 0.219361 0.061719 0.124538
0 0.503703 0.312962 0.066844 0.117174
0 0.631109 0.565815 0.059625 0.116141
0 0.637516 0.686834 0.063281 0.127364
0 0.399078 0.692283 0.078531 0.098207
0 0.395117 0.476223 0.071766 0.121196
0 0.297945 0.205571 0.064141 0.130380
2 0.480672 0.632582 0.070031 0.132228
2 0.581375 0.737595 0.068750 0.128668
2 0.519109 0.743383 0.069875 0.132255
2 0.450289 0.762296 0.071078 0.120462
2 0.347187 0.596060 0.071438 0.134837
2 0.538977 0.403967 0.059391 0.128696
2 0.376547 0.361413 0.056719 0.112935
4 0.246656 0.296372 0.064812 0.127473
4 0.205500 0.489293 0.075000 0.128804
4 0.345203 0.894185 0.064281 0.131141
4 0.411945 0.585435 0.067453 0.104728
4 0.332094 0.449810 0.053594 0.125272
4 0.434539 0.363152 0.073047 0.122935
1 0.366844 0.157378 0.063594 0.104103
1 0.569594 0.289701 0.063156 0.132120
1 0.612664 0.401277 0.070953 0.128315
1 0.580523 0.495870 0.059578 0.115435
1 0.581641 0.619239 0.067656 0.105815
1 0.270344 0.794715 0.080469 0.134266
1 0.290383 0.678668 0.074172 0.132500
1 0.289820 0.541957 0.066047 0.120543
3 0.316406 0.329742 0.066969 0.119755
3 0.269641 0.425788 0.067219 0.125815
3 0.228391 0.613818 0.073875 0.127310
3 0.224359 0.740992 0.077656 0.128723
3 0.340641 0.767568 0.079219 0.121005
3 0.410445 0.879647 0.076078 0.133696
3 0.493758 0.869022 0.082734 0.118750
3 0.531781 0.568777 0.051875 0.127337
3 0.477219 0.541617 0.072969 0.096277
3 0.475359 0.449660 0.072344 0.100951
3 0.401195 0.266141 0.074016 0.083370
