0 0.546289 0.129851 0.062859 0.137962
0 0.450016 0.080761 0.068125 0.099946
0 0.486375 0.156427 0.061719 0.124538
0 0.521039 0.250313 0.066828 0.117201
0 0.647867 0.502976 0.059609 0.116114
0 0.653375 0.623383 0.063281 0.127364
0 0.415414 0.619334 0.081203 0.093560
0 0.411930 0.410897 0.071766 0.121196
0 0.319961 0.143505 0.064141 0.130380
2 0.496359 0.592133 0.070031 0.132255
2 0.593438 0.681155 0.068750 0.128668
2 0.531687 0.681617 0.069875 0.132255
2 0.462008 0.700258 0.071078 0.120462
2 0.366563 0.536372 0.071437 0.134864
2 0.556555 0.352704 0.059391 0.128668
2 0.392859 0.301114 0.056719 0.112935
4 0.271469 0.228995 0.064812 0.127446
4 0.230313 0.422826 0.075000 0.128804
4 0.360844 0.813804 0.064281 0.131141
4 0.432250 0.524416 0.067438 0.104701
4 0.354016 0.389239 0.053594 0.125272
4 0.454094 0.301685 0.066906 0.122935
1 0.383109 0.120313 0.063594 0.104103
1 0.582578 0.250394 0.063156 0.132147
1 0.625062 0.355761 0.070969 0.128315
1 0.593758 0.453777 0.059578 0.115435
1 0.597961 0.561332 0.067641 0.105815
1 0.279969 0.763804 0.080469 0.134239
1 0.315781 0.623410 0.074187 0.132473
1 0.306984 0.494076 0.066031 0.120543
3 0.336625 0.267772 0.066969 0.119783
3 0.292078 0.360788 0.067219 0.125815
3 0.253031 0.542609 0.073875 0.127337
3 0.246281 0.662228 0.077656 0.128696
3 0.362219 0.691617 0.079219 0.121005
3 0.427438 0.801929 0.076094 0.133696
3 0.510773 0.797201 0.084141 0.118750
3 0.549953 0.506128 0.051875 0.127310
3 0.493188 0.474647 0.072969 0.096304
3 0.494953 0.382677 0.072344 0.100951
3 0.423406 0.200530 0.074031 0.083397
