3 0.417396 0.200259 0.057562 0.089074
4 0.543362 0.138750 0.061807 0.086574
3 0.463461 0.228722 0.049297 0.086870
4 0.464680 0.130824 0.052807 0.101815
0 0.207906 0.210824 0.046375 0.090667
0 0.261505 0.246523 0.053156 0.085917
0 0.292117 0.174602 0.055286 0.083796
0 0.345367 0.261847 0.065005 0.083306
1 0.288909 0.343255 0.043745 0.079935
1 0.219404 0.267139 0.041797 0.086130
0 0.255898 0.111449 0.049286 0.058361
0 0.303648 0.112787 0.042526 0.068722
1 0.244779 0.167171 0.043495 0.082472
3 0.338617 0.070500 0.051224 0.069185
3 0.394115 0.052069 0.057990 0.071769
1 0.326630 0.288431 0.045448 0.095139
4 0.285216 0.043523 0.056411 0.075676
4 0.411458 0.384083 0.049240 0.085852
2 0.506279 0.288190 0.044505 0.100065
3 0.593461 0.587736 0.065203 0.097194
3 0.481760 0.525681 0.071521 0.115120
3 0.843930 0.915898 0.084318 0.121074
1 0.227669 0.939120 0.076099 0.121759
4 0.340956 0.520380 0.062828 0.101389
0 0.274281 0.305509 0.044865 0.087500
3 0.640690 0.346106 0.053151 0.110269
1 0.560445 0.498454 0.048141 0.083907
1 0.524779 0.575366 0.055245 0.094769
1 0.553107 0.303074 0.058370 0.106648
2 0.464021 0.243972 0.057625 0.086778
2 0.219297 0.377106 0.053354 0.096250
2 0.319734 0.196792 0.055813 0.088880
2 0.362359 0.169394 0.051219 0.085713
2 0.443753 0.488667 0.059745 0.095704
3 0.358164 0.415190 0.059016 0.099491
3 0.534073 0.386060 0.063313 0.103065
3 0.414776 0.275653 0.056219 0.088824
