0 0.624117 0.128682 0.062859 0.137962
0 0.534297 0.075435 0.068125 0.099946
0 0.566539 0.154688 0.064516 0.122092
0 0.597156 0.243234 0.066844 0.117174
0 0.721281 0.491168 0.059625 0.116141
0 0.725078 0.609796 0.063281 0.127364
0 0.497656 0.595693 0.081188 0.093560
0 0.495875 0.395353 0.071750 0.121196
0 0.406961 0.133465 0.064141 0.130408
2 0.574516 0.563764 0.070031 0.132255
2 0.672609 0.658397 0.068750 0.128696
2 0.611547 0.656793 0.069875 0.132283
2 0.543906 0.670095 0.071094 0.120462
2 0.447094 0.505340 0.071438 0.134864
2 0.634445 0.346087 0.059391 0.128696
2 0.479516 0.286332 0.056719 0.112935
4 0.357781 0.218356 0.064812 0.127473
4 0.321383 0.399769 0.075016 0.128777
4 0.446812 0.780707 0.064281 0.131141
4 0.512109 0.501372 0.067437 0.104701
4 0.438633 0.373261 0.053609 0.125272
4 0.535000 0.291060 0.064906 0.122935
1 0.464000 0.102296 0.063594 0.104103
1 0.655047 0.234389 0.063156 0.132147
1 0.701594 0.337690 0.070969 0.128315
1 0.669195 0.433098 0.059578 0.115435
1 0.670687 0.544769 0.067656 0.105788
1 0.372578 0.733057 0.080469 0.134266
1 0.394961 0.587948 0.074172 0.132473
1 0.396367 0.460978 0.066047 0.120543
3 0.421414 0.259198 0.066953 0.119755
3 0.379406 0.341875 0.067219 0.125815
3 0.340031 0.519552 0.073875 0.127310
3 0.332937 0.635639 0.077656 0.128723
3 0.444797 0.662663 0.079219 0.121033
3 0.507977 0.775937 0.076078 0.133723
3 0.588594 0.771087 0.084125 0.118750
3 0.625750 0.493125 0.051875 0.127337
3 0.571016 0.459878 0.072969 0.096277
3 0.572422 0.366698 0.072344 0.100951
3 0.503266 0.192269 0.074031 0.083397
