0 0.637023 0.173601 0.062859 0.137962
0 0.547891 0.132758 0.068125 0.099973
0 0.581148 0.209660 0.064516 0.122092
0 0.612414 0.300503 0.069641 0.124375
0 0.733508 0.540802 0.059609 0.116114
0 0.737313 0.659443 0.063281 0.127364
0 0.512609 0.643560 0.081188 0.093587
0 0.506750 0.439864 0.071750 0.121196
0 0.424633 0.187826 0.064141 0.130380
2 0.589125 0.611617 0.070031 0.132255
2 0.690625 0.698288 0.068750 0.128696
2 0.626500 0.708804 0.069875 0.132283
2 0.558859 0.718573 0.071094 0.120462
2 0.465781 0.553505 0.071437 0.134837
2 0.644461 0.390543 0.059391 0.128696
2 0.490953 0.335190 0.056719 0.112935
4 0.372734 0.272731 0.064813 0.127473
4 0.334297 0.451780 0.075000 0.128777
4 0.461094 0.842174 0.064281 0.131141
4 0.527062 0.554552 0.067437 0.104701
4 0.453242 0.419361 0.053609 0.125299
4 0.550297 0.339524 0.064906 0.122908
1 0.484719 0.143071 0.063594 0.104076
1 0.676375 0.288519 0.063156 0.132147
1 0.715125 0.366997 0.070969 0.128288
1 0.687102 0.478804 0.059578 0.115435
1 0.689719 0.593234 0.067656 0.105815
1 0.385484 0.769715 0.080469 0.134266
1 0.414336 0.636019 0.074172 0.132473
1 0.416414 0.512989 0.066047 0.120543
3 0.433992 0.307677 0.066953 0.119755
3 0.390961 0.393288 0.067203 0.125815
3 0.352609 0.568016 0.073875 0.127337
3 0.348562 0.684701 0.077656 0.128696
3 0.458047 0.718220 0.079219 0.121005
3 0.521914 0.824986 0.076078 0.133723
3 0.602187 0.817908 0.084125 0.118750
3 0.641719 0.546902 0.051875 0.127337
3 0.585969 0.511291 0.072969 0.096277
3 0.584328 0.415177 0.072344 0.100951
3 0.518891 0.249008 0.074031 0.083397
