0 0.533414 0.186562 0.063609 0.109538
0 0.445266 0.145136 0.068125 0.094076
0 0.475156 0.215530 0.061719 0.124538
0 0.510539 0.289321 0.070859 0.127826
0 0.632250 0.505340 0.059625 0.116114
0 0.644203 0.607432 0.063281 0.127364
0 0.409641 0.616889 0.080625 0.101712
0 0.406836 0.426875 0.071766 0.121196
0 0.325375 0.196114 0.061375 0.120924
2 0.495125 0.573791 0.070781 0.132255
2 0.591391 0.653370 0.068750 0.128696
2 0.532328 0.666386 0.069875 0.132283
2 0.464055 0.682840 0.071078 0.120462
2 0.367922 0.529266 0.071437 0.134837
2 0.545500 0.366495 0.058719 0.128696
2 0.392734 0.318736 0.056719 0.112962
4 0.274531 0.274497 0.064812 0.127473
4 0.235742 0.442296 0.075016 0.131114
4 0.361828 0.802065 0.062250 0.145870
4 0.430188 0.522568 0.069438 0.095136
4 0.356047 0.405299 0.053594 0.125272
4 0.444914 0.336005 0.073047 0.108696
1 0.385484 0.158437 0.063594 0.104103
1 0.568312 0.272609 0.063156 0.133261
1 0.614875 0.364633 0.070969 0.128288
1 0.587633 0.440163 0.059578 0.115435
1 0.592500 0.551250 0.068969 0.118859
1 0.287734 0.759185 0.080469 0.134239
1 0.311703 0.611821 0.074187 0.132500
1 0.316367 0.491957 0.066047 0.120543
3 0.338156 0.308859 0.066969 0.119783
3 0.295125 0.388560 0.067219 0.125815
3 0.253375 0.550883 0.073875 0.127310
3 0.246609 0.661060 0.077656 0.128696
3 0.362578 0.683179 0.079219 0.121033
3 0.426445 0.792269 0.076078 0.136549
3 0.508602 0.778125 0.082734 0.118750
3 0.540438 0.505530 0.051875 0.127310
3 0.487813 0.479130 0.072969 0.096304
3 0.487125 0.402174 0.072344 0.100978
3 0.418297 0.247840 0.074031 0.083397
