3 0.405443 0.343356 0.050917 0.089083
4 0.513974 0.262602 0.061813 0.086574
3 0.495906 0.336532 0.049302 0.086861
4 0.433932 0.268593 0.057802 0.101815
0 0.193091 0.357056 0.046370 0.090667
0 0.252208 0.388190 0.053156 0.090917
0 0.278557 0.326449 0.057594 0.071991
0 0.457492 0.550292 0.052693 0.074880
1 0.251094 0.654250 0.048771 0.088315
1 0.209617 0.425324 0.041797 0.086130
0 0.244956 0.259644 0.049286 0.058361
0 0.289190 0.261157 0.042526 0.068722
1 0.231094 0.323787 0.043490 0.082481
3 0.322841 0.228926 0.050286 0.065833
3 0.370021 0.208292 0.057990 0.071769
1 0.327151 0.542597 0.047333 0.093454
4 0.268109 0.183722 0.056417 0.079000
4 0.501857 0.613602 0.049245 0.085852
2 0.486951 0.405944 0.044505 0.090833
1 0.379273 0.332139 0.038849 0.087574
3 0.469854 0.472449 0.053979 0.085861
3 0.475378 0.902028 0.059661 0.104352
4 0.333813 0.671639 0.063458 0.087574
1 0.430094 0.626769 0.048271 0.094278
1 0.316469 0.925444 0.077625 0.116222
3 0.477779 0.982241 0.065453 0.035519
3 0.572180 0.717412 0.065203 0.107269
3 0.469081 0.684699 0.049755 0.093250
3 0.812458 0.957111 0.084323 0.085778
1 0.227669 0.939120 0.076099 0.121759
4 0.340956 0.520380 0.062828 0.101389
0 0.333313 0.432171 0.050604 0.094213
3 0.616878 0.473917 0.058828 0.110259
1 0.541221 0.647699 0.048141 0.083898
1 0.513635 0.711986 0.055250 0.094769
1 0.529685 0.424931 0.049474 0.094491
2 0.447411 0.362630 0.050979 0.086778
2 0.238604 0.489028 0.049990 0.079352
2 0.309091 0.328542 0.050151 0.078806
2 0.347427 0.282569 0.045458 0.075731
2 0.443753 0.488667 0.059745 0.095704
3 0.386674 0.564023 0.059016 0.099491
3 0.517188 0.522708 0.063312 0.103065
3 0.412409 0.433903 0.056224 0.088824
