3 0.346352 0.264972 0.050922 0.089074
4 0.451187 0.170852 0.061812 0.086574
3 0.434273 0.249810 0.049297 0.086861
4 0.368781 0.194519 0.057802 0.101815
0 0.113687 0.268769 0.046375 0.090667
0 0.174083 0.312690 0.053156 0.090917
0 0.202930 0.238505 0.058620 0.071991
0 0.392716 0.490699 0.052693 0.074880
1 0.181245 0.575352 0.053490 0.088315
1 0.129391 0.348148 0.041792 0.086130
0 0.165523 0.172773 0.049286 0.058361
0 0.209268 0.160954 0.042526 0.068722
1 0.156612 0.238532 0.043495 0.082472
3 0.253297 0.126704 0.050292 0.065833
3 0.295703 0.118190 0.057990 0.071769
1 0.256258 0.457074 0.052099 0.093463
4 0.188182 0.092810 0.056417 0.079009
4 0.435719 0.534005 0.049240 0.085861
2 0.421799 0.347764 0.044505 0.090824
1 0.306497 0.241273 0.038849 0.087583
3 0.401104 0.394671 0.053979 0.085861
3 0.475378 0.902028 0.059661 0.104352
4 0.262409 0.594194 0.063453 0.087574
1 0.371003 0.550407 0.048276 0.094278
1 0.234081 0.866032 0.077630 0.114398
3 0.400617 0.948282 0.065453 0.083231
3 0.507026 0.627847 0.065198 0.107269
3 0.399393 0.608079 0.049755 0.093250
3 0.746315 0.926968 0.091130 0.103231
1 0.227669 0.939120 0.076099 0.121759
4 0.340956 0.520380 0.062828 0.101389
0 0.264846 0.347065 0.050599 0.094222
3 0.553620 0.396250 0.058833 0.110259
1 0.471935 0.569440 0.048141 0.083898
1 0.450062 0.652190 0.055250 0.094769
1 0.460169 0.356801 0.049474 0.094491
2 0.438328 0.297722 0.050979 0.086778
2 0.169685 0.406366 0.049984 0.079361
2 0.251273 0.240773 0.050172 0.078806
2 0.277911 0.189171 0.045458 0.075731
2 0.443753 0.488667 0.059745 0.095704
3 0.321451 0.484023 0.059016 0.099491
3 0.450708 0.464116 0.063312 0.103065
3 0.349531 0.366565 0.056219 0.088833
