0 0.316484 0.215149 0.075094 0.116929
0 0.296445 0.330380 0.071516 0.131739
0 0.340086 0.426712 0.077828 0.134837
0 0.392406 0.603397 0.072719 0.115978
0 0.651500 0.400027 0.065406 0.136793
0 0.583914 0.585666 0.071859 0.140190
0 0.527523 0.549565 0.066672 0.124565
0 0.476234 0.824144 0.080219 0.148397
0 0.400992 0.846535 0.076766 0.139158
3 0.433641 0.059402 0.077094 0.105163
3 0.373461 0.133111 0.077109 0.120353
3 0.429438 0.274959 0.062781 0.129158
3 0.409211 0.392568 0.068797 0.122527
3 0.542727 0.127405 0.074859 0.133234
3 0.585008 0.204375 0.075797 0.128533
3 0.641156 0.272704 0.071062 0.121821
3 0.469859 0.489212 0.076438 0.118370
3 0.461477 0.609783 0.070234 0.126793
3 0.333586 0.661481 0.071953 0.124212
3 0.341102 0.776658 0.080578 0.121304
4 0.537289 0.434647 0.069922 0.122065
4 0.601258 0.478736 0.072922 0.128016
4 0.629219 0.693057 0.078906 0.139321
4 0.326148 0.547500 0.077016 0.125272
4 0.482750 0.273288 0.075406 0.127228
4 0.503883 0.210856 0.076047 0.107527
2 0.513523 0.017812 0.077016 0.035625
2 0.497820 0.096671 0.072266 0.134212
2 0.361500 0.301345 0.076375 0.133071
2 0.428359 0.725014 0.075875 0.134375
2 0.549672 0.772147 0.077813 0.140924
2 0.247828 0.548302 0.078469 0.135679
1 0.232430 0.435870 0.079172 0.118967
1 0.264898 0.678329 0.080422 0.140462
1 0.516328 0.666386 0.068594 0.124185
1 0.442570 0.158859 0.072859 0.118043
1 0.568531 0.064022 0.072219 0.110163
1 0.596000 0.353030 0.060969 0.134321
1 0.540359 0.324239 0.064813 0.128967
1 0.475906 0.386427 0.076844 0.103614
2 0.395516 0.499932 0.076156 0.116712
