0 0.542250 0.242826 0.063625 0.109511
0 0.447977 0.197147 0.068109 0.094076
0 0.479922 0.273057 0.061719 0.124538
0 0.513563 0.353193 0.062063 0.106603
0 0.642445 0.602255 0.059609 0.116141
0 0.650312 0.722092 0.063281 0.127337
0 0.413719 0.715014 0.080625 0.101712
0 0.410234 0.510788 0.071750 0.121196
0 0.323547 0.263315 0.061375 0.120924
2 0.496063 0.676997 0.070781 0.132255
2 0.592750 0.768030 0.068750 0.128668
2 0.527266 0.764361 0.069875 0.132255
2 0.461781 0.792649 0.071094 0.120462
2 0.367234 0.625014 0.071438 0.134864
2 0.544328 0.452011 0.059375 0.128696
2 0.392188 0.398641 0.056719 0.112935
4 0.270609 0.346427 0.064813 0.127473
4 0.230305 0.527405 0.075016 0.131114
4 0.358117 0.915951 0.062234 0.145543
4 0.429508 0.621861 0.069422 0.095136
4 0.355367 0.497391 0.053609 0.125272
4 0.450344 0.404565 0.073063 0.108696
1 0.379828 0.216345 0.063594 0.104103
1 0.575375 0.348899 0.063156 0.132147
1 0.618805 0.445516 0.070953 0.128315
1 0.589680 0.534742 0.059578 0.115462
1 0.592500 0.652894 0.068969 0.118886
1 0.287391 0.858370 0.080469 0.134239
1 0.316461 0.721522 0.074172 0.132500
1 0.312430 0.583913 0.066047 0.120543
3 0.332039 0.376236 0.066953 0.119755
3 0.290367 0.466576 0.067203 0.125815
3 0.251328 0.646617 0.073875 0.127310
3 0.242547 0.765082 0.077656 0.128696
3 0.359703 0.796046 0.079219 0.121005
3 0.426078 0.897921 0.076094 0.136549
3 0.508383 0.890000 0.082734 0.118750
3 0.544516 0.616250 0.051875 0.127337
3 0.491484 0.569198 0.072969 0.096277
3 0.488937 0.489253 0.072344 0.100951
3 0.421016 0.315204 0.074031 0.083397
