0 0.613922 0.113302 0.062875 0.137962
0 0.517984 0.065380 0.068125 0.099946
0 0.552602 0.144647 0.064516 0.122120
0 0.583906 0.236726 0.066844 0.117201
0 0.707687 0.479334 0.059625 0.116114
0 0.714203 0.601535 0.063281 0.127364
0 0.486102 0.586834 0.081203 0.093560
0 0.480242 0.384321 0.071766 0.121196
0 0.394727 0.125190 0.064141 0.130380
2 0.561945 0.561970 0.070016 0.132255
2 0.657328 0.645095 0.068750 0.128668
2 0.589125 0.655611 0.069875 0.132255
2 0.527258 0.664198 0.071078 0.120462
2 0.437922 0.500910 0.071437 0.134864
2 0.620445 0.331440 0.059391 0.128696
2 0.463883 0.275109 0.056703 0.112935
4 0.345891 0.205937 0.064813 0.127473
4 0.306430 0.395041 0.075016 0.128777
4 0.433906 0.773614 0.064281 0.131141
4 0.497836 0.494280 0.067453 0.104701
4 0.428773 0.366168 0.053609 0.125272
4 0.523781 0.279239 0.064906 0.122935
1 0.449375 0.096970 0.063594 0.104103
1 0.643078 0.215231 0.063156 0.132147
1 0.688273 0.327989 0.070953 0.128315
1 0.656961 0.423641 0.059578 0.115435
1 0.654375 0.534130 0.067656 0.105815
1 0.363734 0.734239 0.080469 0.134239
1 0.383070 0.586766 0.074172 0.132500
1 0.379023 0.453886 0.066047 0.120543
3 0.405445 0.248560 0.066953 0.119783
3 0.364461 0.336549 0.067203 0.125815
3 0.323383 0.513057 0.073859 0.127310
3 0.319344 0.623234 0.077656 0.128696
3 0.432906 0.655571 0.079219 0.121033
3 0.492008 0.770027 0.076078 0.133696
3 0.575000 0.764701 0.084125 0.118750
3 0.614531 0.479524 0.051875 0.127310
3 0.556734 0.448641 0.072969 0.096304
3 0.558500 0.359606 0.072344 0.100951
3 0.489672 0.185177 0.074031 0.083397
