0 0.507211 0.225883 0.062859 0.123723
0 0.421273 0.181019 0.068109 0.098832
0 0.451719 0.252731 0.064500 0.122092
0 0.483812 0.331712 0.069625 0.124402
0 0.600969 0.561916 0.058219 0.116114
0 0.609094 0.670082 0.063281 0.127337
0 0.385125 0.672432 0.081187 0.093560
0 0.384414 0.478859 0.071766 0.121196
0 0.300055 0.242364 0.064141 0.130380
2 0.471742 0.648723 0.072016 0.133370
2 0.559172 0.724402 0.068750 0.118043
2 0.496688 0.732745 0.069875 0.132283
2 0.437016 0.749253 0.064188 0.120571
2 0.341961 0.600299 0.071422 0.134837
2 0.517914 0.430054 0.059391 0.128696
2 0.368680 0.380421 0.060141 0.114103
4 0.253375 0.326291 0.060656 0.127473
4 0.216031 0.497364 0.075000 0.128804
4 0.339766 0.859321 0.064281 0.131141
4 0.404102 0.586155 0.067453 0.104701
4 0.330750 0.465109 0.053594 0.125272
4 0.422406 0.384606 0.064906 0.122908
1 0.361375 0.221073 0.063594 0.104103
1 0.549625 0.333872 0.063156 0.132147
1 0.592445 0.428764 0.070953 0.128288
1 0.572836 0.514266 0.059578 0.115435
1 0.560914 0.620163 0.065516 0.107989
1 0.264969 0.822894 0.080469 0.134266
1 0.294320 0.686073 0.074172 0.132473
1 0.286602 0.557745 0.066047 0.120543
3 0.310695 0.354715 0.066953 0.119755
3 0.271891 0.440571 0.067219 0.125815
3 0.233102 0.609198 0.073859 0.127310
3 0.228578 0.718967 0.075687 0.128696
3 0.338687 0.744375 0.079219 0.121033
3 0.398984 0.841929 0.078156 0.133696
3 0.477148 0.835190 0.078766 0.110380
3 0.511906 0.570312 0.051875 0.127310
3 0.459102 0.544457 0.068203 0.102174
3 0.461641 0.455666 0.072344 0.100951
3 0.393969 0.293220 0.074031 0.083397
