0 0.550828 0.106780 0.063625 0.109538
0 0.451547 0.059049 0.068125 0.094076
0 0.487625 0.139687 0.061719 0.124538
0 0.525148 0.223424 0.070859 0.127826
0 0.668016 0.469293 0.059625 0.116141
0 0.678609 0.596060 0.063281 0.127337
0 0.416094 0.595611 0.080625 0.101712
0 0.413836 0.382880 0.071766 0.121196
0 0.317969 0.121060 0.061375 0.120924
2 0.508906 0.564334 0.070781 0.132255
2 0.621469 0.651889 0.068750 0.128668
2 0.550375 0.662704 0.069875 0.132255
2 0.475063 0.683573 0.071094 0.120462
2 0.366812 0.503329 0.071438 0.134864
2 0.566000 0.319918 0.058719 0.128696
2 0.396531 0.262717 0.056719 0.112935
4 0.261844 0.206345 0.064812 0.127473
4 0.218523 0.401780 0.075016 0.131114
4 0.359938 0.811929 0.062250 0.145870
4 0.435195 0.494660 0.069422 0.095136
4 0.349586 0.346087 0.053609 0.125272
4 0.456805 0.269511 0.073047 0.108696
1 0.384672 0.091291 0.063594 0.104103
1 0.599250 0.224226 0.063156 0.133234
1 0.646984 0.320611 0.070969 0.128288
1 0.620180 0.414171 0.059578 0.115462
1 0.619125 0.533410 0.068969 0.118886
1 0.281000 0.763234 0.080469 0.134239
1 0.308789 0.595734 0.074172 0.132500
1 0.307367 0.460788 0.066047 0.120543
3 0.330273 0.238410 0.066953 0.119755
3 0.286219 0.337391 0.067219 0.125815
3 0.235906 0.520258 0.073875 0.127310
3 0.230719 0.646630 0.077656 0.128696
3 0.358406 0.675177 0.079219 0.121005
3 0.430945 0.800408 0.076078 0.136522
3 0.522180 0.783641 0.082734 0.118750
3 0.561844 0.477758 0.051875 0.127310
3 0.500859 0.440367 0.072969 0.096277
3 0.497672 0.343954 0.072344 0.100951
3 0.423469 0.169226 0.074031 0.083397
