0 0.565531 0.086685 0.063625 0.109511
0 0.461914 0.048818 0.068109 0.096440
0 0.500141 0.120367 0.061719 0.124538
0 0.540898 0.216033 0.070859 0.127826
0 0.690930 0.473030 0.059609 0.116114
0 0.701063 0.610190 0.063281 0.127337
0 0.424812 0.609796 0.080625 0.101712
0 0.420883 0.382337 0.071766 0.121196
0 0.320617 0.105095 0.061359 0.120951
2 0.520187 0.582079 0.070781 0.132255
2 0.633172 0.676304 0.068750 0.128696
2 0.559906 0.684375 0.068938 0.122826
2 0.482398 0.704769 0.071078 0.120462
2 0.367234 0.513899 0.071438 0.134864
2 0.578656 0.324946 0.058719 0.128696
2 0.395594 0.269212 0.056719 0.112935
4 0.263875 0.198845 0.064813 0.127473
4 0.215125 0.396970 0.075000 0.131114
4 0.364695 0.839484 0.062234 0.145870
4 0.441055 0.501889 0.069422 0.095136
4 0.354000 0.357323 0.053594 0.125299
4 0.465758 0.269022 0.073047 0.108696
1 0.388484 0.089457 0.063594 0.104076
1 0.607687 0.226182 0.063156 0.133234
1 0.655648 0.330367 0.070953 0.128288
1 0.629773 0.421658 0.059578 0.115435
1 0.627250 0.557935 0.068969 0.118859
1 0.276016 0.787853 0.080469 0.134239
1 0.300148 0.620448 0.074172 0.132473
1 0.306305 0.469864 0.066047 0.120543
3 0.334078 0.234389 0.066969 0.119755
3 0.286969 0.333016 0.067219 0.125815
3 0.235703 0.533139 0.073875 0.127310
3 0.224188 0.664592 0.077656 0.128696
3 0.361984 0.692989 0.079219 0.121033
3 0.440352 0.828179 0.076078 0.136522
3 0.538055 0.809239 0.082734 0.118750
3 0.578953 0.481101 0.051875 0.127310
3 0.512781 0.452976 0.072969 0.096277
3 0.511828 0.346223 0.072344 0.100978
3 0.428500 0.163519 0.074031 0.083397
