0 0.489922 0.142826 0.063625 0.109511
0 0.389531 0.105503 0.068125 0.095462
0 0.424859 0.172976 0.061719 0.124538
0 0.467719 0.259769 0.070844 0.127799
0 0.609820 0.488777 0.059609 0.116141
0 0.621094 0.612160 0.063281 0.127364
0 0.359672 0.623397 0.078594 0.095815
0 0.353859 0.416223 0.067750 0.121196
0 0.258086 0.163016 0.061359 0.120924
2 0.452219 0.590340 0.070781 0.132255
2 0.563531 0.675245 0.068750 0.128696
2 0.492289 0.694959 0.059641 0.118125
2 0.419195 0.710285 0.071078 0.120462
2 0.303344 0.543451 0.071438 0.134837
2 0.506609 0.348030 0.058719 0.112038
2 0.336469 0.305272 0.052656 0.103533
4 0.207922 0.257948 0.064813 0.127473
4 0.160297 0.443465 0.075000 0.131114
4 0.309531 0.845516 0.058906 0.133967
4 0.374445 0.521399 0.069422 0.095136
4 0.289438 0.396929 0.053594 0.125272
4 0.396984 0.308804 0.068281 0.108696
1 0.326359 0.153709 0.063594 0.104103
1 0.538062 0.249538 0.055656 0.105978
1 0.577484 0.348736 0.064187 0.098668
1 0.552328 0.444293 0.054188 0.100000
1 0.557156 0.561889 0.068969 0.118886
1 0.221687 0.807541 0.080469 0.134266
1 0.251211 0.639321 0.074172 0.121739
1 0.253945 0.504728 0.059172 0.120543
3 0.271539 0.288764 0.066953 0.119755
3 0.226805 0.383832 0.065141 0.125815
3 0.179289 0.563872 0.073859 0.127310
3 0.172531 0.690611 0.077656 0.128723
3 0.303078 0.707568 0.079219 0.121005
3 0.376141 0.829361 0.074094 0.136549
3 0.466242 0.808451 0.082734 0.118750
3 0.502719 0.505530 0.051875 0.127310
3 0.443219 0.476359 0.072969 0.088098
3 0.438203 0.383261 0.072344 0.086793
3 0.362563 0.217106 0.074031 0.083397
