0 0.543914 0.090856 0.062859 0.137962
0 0.447297 0.047038 0.068125 0.094076
0 0.482641 0.111508 0.061719 0.124538
0 0.515805 0.211902 0.066828 0.117174
0 0.649234 0.459239 0.059625 0.116141
0 0.654266 0.587446 0.063281 0.127337
0 0.409641 0.582622 0.080625 0.101712
0 0.407852 0.371902 0.071766 0.121196
0 0.314164 0.097418 0.061359 0.130380
2 0.498469 0.554416 0.070031 0.132255
2 0.596828 0.647826 0.068750 0.128696
2 0.531344 0.656807 0.069875 0.132255
2 0.461328 0.673655 0.071094 0.120462
2 0.363844 0.493804 0.071438 0.134837
2 0.552477 0.319620 0.059391 0.128696
2 0.392859 0.253247 0.056719 0.112962
4 0.263656 0.187622 0.064812 0.127473
4 0.224187 0.380856 0.075000 0.128777
4 0.359820 0.781291 0.062234 0.131114
4 0.425453 0.484823 0.067437 0.104701
4 0.346344 0.347283 0.053594 0.125272
4 0.451086 0.260462 0.073047 0.108696
1 0.383141 0.082867 0.063594 0.104103
1 0.582250 0.208139 0.063156 0.132147
1 0.626742 0.316576 0.070953 0.128315
1 0.599086 0.417908 0.059578 0.115435
1 0.600812 0.531780 0.068969 0.118886
1 0.277766 0.740747 0.080469 0.134266
1 0.306266 0.595041 0.074187 0.132473
1 0.304320 0.456250 0.066047 0.120543
3 0.328297 0.221970 0.066969 0.119755
3 0.284250 0.318234 0.067219 0.125815
3 0.243625 0.505965 0.073875 0.127310
3 0.235969 0.629538 0.077656 0.128696
3 0.358133 0.653791 0.079234 0.121005
3 0.423023 0.769429 0.076078 0.133696
3 0.506680 0.761168 0.082734 0.118750
3 0.549281 0.468886 0.051875 0.127337
3 0.490031 0.439348 0.072969 0.096304
3 0.489516 0.343071 0.072344 0.100978
3 0.414750 0.155489 0.074031 0.083370
