0 0.538570 0.088492 0.062859 0.137962
0 0.440273 0.046644 0.068109 0.091712
0 0.474969 0.116236 0.061719 0.124538
0 0.512156 0.205489 0.066844 0.117174
0 0.641984 0.458179 0.059625 0.116141
0 0.648344 0.583139 0.063281 0.127364
0 0.405406 0.581562 0.080625 0.101712
0 0.402758 0.365897 0.071766 0.121196
0 0.308383 0.096141 0.061359 0.130380
2 0.491312 0.552432 0.070031 0.132255
2 0.591391 0.639823 0.068750 0.128668
2 0.527500 0.649715 0.069875 0.132255
2 0.458609 0.673655 0.071094 0.120462
2 0.357211 0.490258 0.071422 0.134864
2 0.548398 0.314891 0.059391 0.128696
2 0.385672 0.252065 0.056719 0.112935
4 0.257141 0.194470 0.064812 0.127473
4 0.215742 0.378478 0.075016 0.128804
4 0.354430 0.782391 0.062234 0.131141
4 0.421813 0.485666 0.067438 0.104701
4 0.342891 0.347283 0.053594 0.125272
4 0.443180 0.265625 0.073047 0.108696
1 0.379797 0.080693 0.063594 0.104103
1 0.579422 0.202242 0.063156 0.132147
1 0.620578 0.310272 0.070969 0.128315
1 0.593234 0.409185 0.059594 0.115435
1 0.593281 0.529606 0.068969 0.118886
1 0.276750 0.734755 0.080469 0.134239
1 0.304906 0.595041 0.074187 0.132473
1 0.303070 0.456250 0.066047 0.120543
3 0.321844 0.226291 0.066969 0.119755
3 0.277289 0.322065 0.067203 0.125815
3 0.236766 0.504280 0.073875 0.127310
3 0.232734 0.622391 0.077656 0.128696
3 0.350562 0.651848 0.079219 0.121033
3 0.417922 0.771209 0.076094 0.133723
3 0.502258 0.755245 0.082734 0.118750
3 0.541312 0.462976 0.051875 0.127310
3 0.484000 0.439185 0.072969 0.096304
3 0.484422 0.338519 0.072344 0.100951
3 0.409562 0.160530 0.074031 0.083397
