0 0.536438 0.240611 0.062875 0.123723
0 0.450922 0.197351 0.068125 0.098832
0 0.482898 0.265883 0.064516 0.122092
0 0.514992 0.349103 0.069641 0.124402
0 0.632734 0.579647 0.059625 0.116141
0 0.640813 0.693723 0.063281 0.127337
0 0.417555 0.692024 0.081203 0.093560
0 0.417039 0.496603 0.071766 0.121196
0 0.331227 0.254158 0.064141 0.130380
2 0.496430 0.661549 0.072016 0.133370
2 0.586719 0.739606 0.068750 0.118071
2 0.527266 0.746046 0.069875 0.132255
2 0.463500 0.759402 0.066281 0.121739
2 0.372328 0.603750 0.071437 0.134837
2 0.546023 0.435462 0.059391 0.128696
2 0.401273 0.389443 0.060141 0.114103
4 0.283781 0.340177 0.060656 0.127473
4 0.247297 0.506141 0.075000 0.128804
4 0.370063 0.876440 0.064281 0.131141
4 0.435305 0.598302 0.067453 0.104701
4 0.362844 0.478451 0.053594 0.125272
4 0.454453 0.397446 0.064906 0.122935
1 0.386656 0.220231 0.063594 0.104103
1 0.571031 0.331399 0.063156 0.132147
1 0.610797 0.436155 0.070969 0.128288
1 0.583742 0.522935 0.059578 0.115435
1 0.579617 0.630951 0.065516 0.107989
1 0.293406 0.827432 0.080469 0.134266
1 0.319523 0.696304 0.074172 0.132500
1 0.318711 0.569239 0.066047 0.120543
3 0.342008 0.369660 0.066953 0.119755
3 0.302078 0.456848 0.067219 0.125815
3 0.264250 0.624171 0.073875 0.127310
3 0.260375 0.733424 0.076125 0.128696
3 0.368531 0.761454 0.079219 0.121005
3 0.427820 0.868777 0.078172 0.133696
3 0.505016 0.855761 0.078750 0.110380
3 0.544141 0.587432 0.051875 0.127310
3 0.492891 0.562011 0.068219 0.102174
3 0.490625 0.469878 0.072344 0.100951
3 0.425094 0.302201 0.074031 0.083370
