0 0.536102 0.230666 0.062859 0.123723
0 0.451031 0.191902 0.068125 0.098859
0 0.482602 0.258709 0.064516 0.122092
0 0.512500 0.344538 0.069625 0.124402
0 0.631570 0.565625 0.059609 0.116141
0 0.637063 0.683682 0.063281 0.127364
0 0.415758 0.680204 0.081203 0.093560
0 0.415164 0.482717 0.071766 0.121196
0 0.329820 0.245163 0.064141 0.130380
2 0.491008 0.652826 0.072016 0.133370
2 0.583070 0.728736 0.068734 0.118071
2 0.526930 0.740720 0.069859 0.132255
2 0.461516 0.751033 0.066281 0.121739
2 0.369266 0.597840 0.071438 0.134864
2 0.542180 0.425598 0.059391 0.128696
2 0.396273 0.382677 0.060141 0.114103
4 0.282375 0.328274 0.060656 0.127473
4 0.245594 0.501413 0.075000 0.128804
4 0.370688 0.865217 0.064281 0.131141
4 0.431562 0.588247 0.067437 0.104701
4 0.362500 0.467826 0.053594 0.125272
4 0.451734 0.392717 0.064906 0.122935
1 0.385500 0.218709 0.063594 0.104103
1 0.566953 0.326916 0.063156 0.132147
1 0.605359 0.425951 0.070969 0.128315
1 0.579477 0.517011 0.059578 0.115435
1 0.584414 0.621685 0.065516 0.107989
1 0.286609 0.808125 0.080469 0.134239
1 0.316117 0.676902 0.074172 0.132500
1 0.314289 0.556440 0.066047 0.120543
3 0.344273 0.362038 0.066953 0.119783
3 0.301922 0.439674 0.067219 0.125815
3 0.265445 0.616182 0.073859 0.127310
3 0.257656 0.724891 0.077656 0.128696
3 0.368508 0.751019 0.079234 0.121005
3 0.428430 0.858084 0.078172 0.133723
3 0.505016 0.844457 0.078750 0.110380
3 0.541469 0.577432 0.051875 0.127310
3 0.489789 0.548505 0.068203 0.102174
3 0.489844 0.464823 0.072344 0.100951
3 0.423734 0.299253 0.074031 0.083397
