0 0.528813 0.100747 0.066000 0.117745
0 0.433430 0.060856 0.068109 0.100082
0 0.466563 0.133614 0.063906 0.128152
0 0.502906 0.221196 0.070844 0.127826
0 0.637570 0.456590 0.060703 0.119266
0 0.645375 0.583152 0.063281 0.130978
0 0.402219 0.586304 0.080625 0.095815
0 0.398148 0.377255 0.067734 0.121196
0 0.303508 0.126902 0.061359 0.130652
2 0.483828 0.553098 0.071719 0.115652
2 0.586625 0.630543 0.068750 0.110761
2 0.522172 0.638899 0.054688 0.101658
2 0.451406 0.661196 0.063906 0.112500
2 0.351375 0.502011 0.059844 0.130978
2 0.538758 0.314416 0.055922 0.119810
2 0.377141 0.275217 0.051750 0.111304
4 0.252867 0.215965 0.066484 0.127473
4 0.214859 0.400489 0.074219 0.127989
4 0.350172 0.782351 0.057656 0.128016
4 0.416867 0.489130 0.069422 0.101087
4 0.337562 0.356902 0.053594 0.125815
4 0.438188 0.273057 0.067250 0.120408
1 0.365219 0.097024 0.063594 0.104103
1 0.566000 0.201495 0.055656 0.105978
1 0.610859 0.307812 0.065313 0.106440
1 0.583266 0.405924 0.048438 0.101467
1 0.586391 0.516753 0.065625 0.104864
1 0.271023 0.730095 0.060578 0.093234
1 0.296344 0.587799 0.072812 0.111141
1 0.296578 0.456223 0.056406 0.118261
3 0.319766 0.247582 0.066969 0.125163
3 0.275727 0.337826 0.065141 0.128804
3 0.234852 0.518723 0.073641 0.118478
3 0.230016 0.640041 0.077656 0.124538
3 0.346312 0.661467 0.079219 0.119022
3 0.417844 0.772283 0.074063 0.130978
3 0.499297 0.757853 0.076719 0.104891
3 0.535469 0.469796 0.051875 0.132310
3 0.476891 0.442391 0.072969 0.098641
3 0.476641 0.346739 0.072344 0.091576
3 0.404359 0.178872 0.074594 0.091603
