0 0.308922 0.245190 0.080875 0.128804
0 0.287609 0.360734 0.071531 0.131739
0 0.333352 0.460000 0.077828 0.140924
0 0.394109 0.647745 0.074969 0.128098
0 0.666063 0.414402 0.065406 0.136793
0 0.598648 0.621155 0.075359 0.140190
0 0.534617 0.573696 0.071703 0.130163
0 0.489242 0.879035 0.083922 0.155571
0 0.405945 0.909076 0.082922 0.147500
3 0.428031 0.088111 0.077094 0.108886
3 0.365742 0.165897 0.077109 0.120380
3 0.424500 0.303967 0.062781 0.129130
3 0.408078 0.418655 0.068812 0.122527
3 0.546648 0.152704 0.074859 0.133234
3 0.590094 0.226168 0.076813 0.128533
3 0.651289 0.292160 0.071078 0.121821
3 0.474070 0.519552 0.077578 0.124321
3 0.465789 0.643288 0.077016 0.131522
3 0.330977 0.699973 0.076016 0.131141
3 0.336203 0.834185 0.086563 0.134185
4 0.544195 0.456440 0.069922 0.122065
4 0.611367 0.498166 0.072922 0.128016
4 0.651953 0.730856 0.086313 0.150190
4 0.320937 0.580204 0.079594 0.139538
4 0.487422 0.291359 0.075406 0.127228
4 0.505508 0.231182 0.076047 0.107527
2 0.508062 0.031345 0.077000 0.062690
2 0.496867 0.121753 0.072266 0.134212
2 0.357812 0.330611 0.076375 0.133071
2 0.433953 0.774158 0.082000 0.134348
2 0.568094 0.819715 0.077813 0.152853
2 0.239281 0.592228 0.080469 0.140217
1 0.218961 0.476821 0.080484 0.118967
1 0.250844 0.733274 0.084812 0.148342
1 0.527445 0.705462 0.072047 0.134946
1 0.438086 0.192989 0.072859 0.118043
1 0.568328 0.087690 0.072219 0.110163
1 0.605750 0.369796 0.060969 0.135679
1 0.547719 0.347554 0.064812 0.128967
1 0.480102 0.405231 0.078891 0.103614
2 0.394797 0.532106 0.078125 0.121386
