0 0.527422 0.242188 0.066906 0.123723
0 0.438289 0.202541 0.068109 0.098832
0 0.472742 0.271427 0.064516 0.122092
0 0.501453 0.350448 0.069625 0.124375
0 0.623906 0.578940 0.058219 0.116141
0 0.627719 0.693438 0.065313 0.127364
0 0.406406 0.691128 0.081187 0.093560
0 0.405484 0.498967 0.071750 0.121196
0 0.321320 0.261712 0.064141 0.130380
2 0.482867 0.661182 0.072016 0.133397
2 0.578141 0.739090 0.068750 0.118071
2 0.523875 0.746929 0.069875 0.132283
2 0.456273 0.769361 0.064203 0.120571
2 0.367234 0.609660 0.071438 0.134864
2 0.539914 0.444321 0.059391 0.128696
2 0.388789 0.396861 0.060141 0.114103
4 0.272016 0.341875 0.060656 0.127446
4 0.236250 0.509402 0.075000 0.128804
4 0.366609 0.877038 0.064281 0.131141
4 0.423070 0.601236 0.067453 0.104701
4 0.350781 0.480815 0.053594 0.125272
4 0.444250 0.399810 0.064906 0.122935
1 0.385156 0.225231 0.063594 0.104103
1 0.569672 0.340530 0.063156 0.132147
1 0.607734 0.434375 0.070969 0.128315
1 0.582508 0.533614 0.059578 0.115435
1 0.578797 0.633356 0.065531 0.108016
1 0.307844 0.834728 0.080469 0.134239
1 0.316461 0.697880 0.074172 0.132500
1 0.317523 0.571522 0.066047 0.120543
3 0.333055 0.372092 0.066953 0.119783
3 0.293094 0.457120 0.067219 0.125815
3 0.255414 0.624769 0.073859 0.127310
3 0.250664 0.739076 0.075672 0.128696
3 0.358484 0.766671 0.079219 0.121005
3 0.421125 0.867541 0.078156 0.133723
3 0.495328 0.855679 0.078750 0.110380
3 0.533984 0.587092 0.051875 0.127337
3 0.479930 0.560924 0.068203 0.102174
3 0.479312 0.475177 0.072344 0.100951
3 0.411500 0.310489 0.074031 0.083370
