0 0.536438 0.225639 0.062875 0.123723
0 0.449336 0.188954 0.068109 0.098832
0 0.481242 0.255761 0.064516 0.122120
0 0.512500 0.334783 0.069625 0.124402
0 0.630188 0.565625 0.058219 0.116141
0 0.635023 0.675992 0.065297 0.127364
0 0.418812 0.674293 0.081187 0.093587
0 0.414992 0.487147 0.071766 0.121196
0 0.328461 0.240435 0.064141 0.130380
2 0.490211 0.648886 0.072016 0.133370
2 0.581203 0.728152 0.068750 0.118043
2 0.527953 0.733628 0.069875 0.132255
2 0.463406 0.752799 0.064187 0.120598
2 0.377422 0.596658 0.071438 0.134837
2 0.545008 0.427174 0.059391 0.128696
2 0.397969 0.379144 0.060125 0.114103
4 0.282719 0.321780 0.060656 0.127473
4 0.247297 0.499049 0.075000 0.128804
4 0.374766 0.852799 0.064281 0.131141
4 0.432586 0.584117 0.067453 0.104701
4 0.360805 0.465462 0.053609 0.125272
4 0.452406 0.382079 0.064906 0.122908
1 0.383453 0.219905 0.063594 0.104103
1 0.566266 0.331644 0.063156 0.132147
1 0.604000 0.420190 0.070969 0.128315
1 0.584242 0.513478 0.059578 0.115435
1 0.585430 0.616957 0.065516 0.107989
1 0.297141 0.819361 0.080469 0.134266
1 0.319859 0.678383 0.074187 0.132473
1 0.315820 0.553777 0.066047 0.120543
3 0.344953 0.358492 0.066969 0.119755
3 0.305320 0.442935 0.067203 0.125815
3 0.267648 0.606427 0.073859 0.127310
3 0.260523 0.717799 0.075672 0.128696
3 0.370781 0.744701 0.079219 0.121033
3 0.429797 0.842120 0.078156 0.133696
3 0.504328 0.835000 0.078750 0.110380
3 0.537047 0.571726 0.051875 0.127310
3 0.489102 0.540245 0.068203 0.102174
3 0.490531 0.458913 0.072344 0.100978
3 0.423734 0.296291 0.074031 0.083397
