0 0.523898 0.207840 0.063609 0.109538
0 0.439820 0.175870 0.068109 0.094076
0 0.470406 0.233247 0.061719 0.124538
0 0.503906 0.309620 0.068031 0.113315
0 0.622055 0.507704 0.059609 0.116114
0 0.629250 0.621617 0.063281 0.127364
0 0.410516 0.621834 0.080625 0.101712
0 0.405039 0.442174 0.071766 0.121196
0 0.326734 0.222120 0.061375 0.120924
2 0.485516 0.591535 0.070781 0.132255
2 0.577125 0.667554 0.068750 0.128696
2 0.525906 0.670978 0.069875 0.132283
2 0.460648 0.685476 0.071078 0.120462
2 0.364516 0.543451 0.071437 0.134837
2 0.535781 0.390136 0.058719 0.128696
2 0.386750 0.339538 0.056719 0.112935
4 0.278359 0.302649 0.064812 0.127473
4 0.239766 0.459932 0.075000 0.131114
4 0.359758 0.808967 0.062234 0.145870
4 0.423672 0.538709 0.069437 0.095136
4 0.353500 0.422636 0.053594 0.125272
4 0.444914 0.343098 0.073047 0.108696
1 0.384984 0.186019 0.063594 0.104103
1 0.564914 0.278519 0.063141 0.133234
1 0.599922 0.390639 0.070969 0.128288
1 0.575398 0.454348 0.059578 0.115435
1 0.578906 0.568981 0.068969 0.118886
1 0.290328 0.759076 0.080469 0.134239
1 0.312016 0.624864 0.074188 0.132500
1 0.314102 0.511603 0.066047 0.120543
3 0.336797 0.327772 0.066969 0.119783
3 0.295125 0.402962 0.067219 0.125815
3 0.257453 0.561916 0.073875 0.127310
3 0.250719 0.670842 0.077656 0.128696
3 0.356891 0.690258 0.079219 0.121005
3 0.421000 0.795503 0.076094 0.136549
3 0.500898 0.777717 0.082734 0.118750
3 0.535000 0.520897 0.051875 0.127337
3 0.479250 0.497092 0.072969 0.096304
3 0.480438 0.414497 0.072344 0.100951
3 0.414187 0.268179 0.074031 0.083370
