0 0.529305 0.151658 0.065766 0.109511
0 0.434437 0.116399 0.068125 0.095462
0 0.467078 0.188709 0.058312 0.124538
0 0.503164 0.268139 0.070859 0.127799
0 0.638078 0.491481 0.058750 0.118940
0 0.648422 0.613832 0.063281 0.128750
0 0.405578 0.622976 0.078594 0.095788
0 0.400594 0.418505 0.067750 0.121196
0 0.308063 0.180394 0.061375 0.120951
2 0.487430 0.589701 0.076672 0.124293
2 0.592016 0.664524 0.068750 0.112527
2 0.527711 0.678709 0.057578 0.118125
2 0.456133 0.705272 0.072359 0.120380
2 0.353734 0.543315 0.062562 0.128207
2 0.538398 0.355788 0.056203 0.112065
2 0.379984 0.311440 0.052656 0.103533
4 0.255797 0.270068 0.064812 0.127473
4 0.217516 0.443899 0.073375 0.123179
4 0.353430 0.819973 0.056797 0.130326
4 0.420406 0.524375 0.069437 0.099620
4 0.339828 0.398383 0.053594 0.125299
4 0.439328 0.317908 0.068281 0.108696
1 0.371375 0.167242 0.063594 0.104103
1 0.568547 0.258777 0.055656 0.105978
1 0.610852 0.350774 0.062109 0.098668
1 0.586453 0.430910 0.054188 0.094212
1 0.589766 0.559715 0.067469 0.100842
1 0.273813 0.774103 0.059844 0.097065
1 0.301203 0.633859 0.073563 0.106630
1 0.299492 0.489416 0.056672 0.113342
3 0.320836 0.297582 0.066953 0.117609
3 0.278555 0.383043 0.065141 0.125815
3 0.238516 0.556114 0.072187 0.121576
3 0.232500 0.678981 0.077656 0.122853
3 0.350172 0.696168 0.079219 0.116685
3 0.421625 0.808777 0.074094 0.131522
3 0.504570 0.790937 0.077328 0.106277
3 0.536922 0.515109 0.051875 0.129565
3 0.480281 0.487799 0.072969 0.088098
3 0.479641 0.397976 0.072344 0.088940
3 0.406594 0.226495 0.074031 0.083370
