0 0.551727 0.233261 0.062859 0.109511
0 0.452734 0.182962 0.068125 0.094076
0 0.487391 0.269008 0.061719 0.124538
0 0.523422 0.357323 0.062063 0.106603
0 0.660117 0.624130 0.059609 0.116141
0 0.666797 0.754307 0.063281 0.127364
0 0.413609 0.746916 0.080625 0.101712
0 0.413633 0.524973 0.071766 0.121196
0 0.320109 0.244864 0.061375 0.120924
2 0.498266 0.679280 0.070781 0.132255
2 0.604891 0.797065 0.068750 0.128696
2 0.536781 0.807812 0.069875 0.132255
2 0.464383 0.829973 0.071078 0.120489
2 0.366758 0.648764 0.071422 0.134864
2 0.557242 0.463234 0.059391 0.128696
2 0.391750 0.396019 0.056719 0.112962
4 0.262641 0.341291 0.064813 0.127473
4 0.220109 0.533342 0.075000 0.128804
4 0.357523 0.938818 0.062234 0.117908
4 0.430953 0.628750 0.068156 0.101304
4 0.352648 0.503886 0.053609 0.125272
4 0.457141 0.414022 0.073062 0.108696
1 0.380484 0.207812 0.063594 0.104103
1 0.584281 0.349389 0.063156 0.132147
1 0.628977 0.461712 0.070953 0.128315
1 0.600555 0.562962 0.059578 0.115435
1 0.598391 0.662554 0.068969 0.118859
1 0.284562 0.876101 0.080469 0.134266
1 0.311359 0.746576 0.074187 0.132500
1 0.304273 0.595136 0.066047 0.120543
3 0.329484 0.375747 0.066969 0.119755
3 0.284477 0.474266 0.067203 0.125815
3 0.239945 0.662269 0.073859 0.127310
3 0.230219 0.792418 0.077656 0.128696
3 0.357281 0.832867 0.079219 0.121005
3 0.425992 0.931372 0.076078 0.133723
3 0.514914 0.929022 0.082734 0.118750
3 0.558109 0.631427 0.051875 0.127310
3 0.495328 0.594620 0.072969 0.096304
3 0.497328 0.497921 0.072344 0.100951
3 0.421359 0.309592 0.074031 0.083370
