0 0.508578 0.153791 0.063625 0.109538
0 0.405164 0.114959 0.068109 0.095462
0 0.440922 0.186726 0.061719 0.124538
0 0.480039 0.282079 0.070859 0.127799
0 0.626469 0.526603 0.059625 0.116141
0 0.634344 0.663573 0.063281 0.127364
0 0.363078 0.660041 0.078594 0.095788
0 0.361672 0.438098 0.067750 0.121196
0 0.264711 0.174239 0.061359 0.120924
2 0.459859 0.624334 0.070781 0.132255
2 0.570656 0.720353 0.068750 0.128696
2 0.499422 0.720611 0.059625 0.118125
2 0.422258 0.752840 0.071078 0.120462
2 0.310141 0.573003 0.071438 0.134864
2 0.516813 0.375204 0.058719 0.120353
2 0.342125 0.316101 0.056031 0.111386
4 0.209508 0.268899 0.064828 0.127473
4 0.159016 0.462378 0.075000 0.131114
4 0.304695 0.887378 0.060578 0.139918
4 0.382266 0.553302 0.069437 0.095136
4 0.297086 0.417609 0.053609 0.125272
4 0.405937 0.327935 0.068281 0.108696
1 0.337719 0.157133 0.063594 0.104103
1 0.543828 0.252853 0.055656 0.105978
1 0.597289 0.373478 0.065141 0.102880
1 0.567273 0.463777 0.054203 0.100000
1 0.564836 0.598601 0.068953 0.118886
1 0.220156 0.839457 0.080469 0.134239
1 0.248148 0.668859 0.074172 0.121739
1 0.247102 0.525380 0.059172 0.120543
3 0.276187 0.301766 0.066969 0.119783
3 0.228086 0.392745 0.065141 0.125815
3 0.176906 0.588696 0.073875 0.127337
3 0.166406 0.717799 0.077656 0.128696
3 0.300703 0.744810 0.079219 0.121033
3 0.378859 0.877826 0.074094 0.136522
3 0.472008 0.855734 0.082734 0.118750
3 0.516828 0.537745 0.051875 0.127337
3 0.452063 0.500014 0.072969 0.088125
3 0.452125 0.405136 0.072344 0.093859
3 0.370492 0.227147 0.074016 0.083370
