4 0.538508 0.324538 0.078047 0.105163
0 0.332695 0.327962 0.086328 0.126576
0 0.305945 0.453533 0.079703 0.142391
0 0.353070 0.563438 0.085391 0.140897
0 0.411320 0.775163 0.075422 0.139022
0 0.705367 0.546671 0.070953 0.150734
0 0.629078 0.766603 0.076531 0.150761
0 0.563492 0.710992 0.074234 0.139973
0 0.511484 0.975027 0.087625 0.049946
0 0.420891 0.987038 0.084281 0.025924
3 0.461305 0.160761 0.079172 0.116087
3 0.394320 0.244497 0.081266 0.120353
3 0.454961 0.408438 0.072984 0.142255
3 0.432211 0.535136 0.072234 0.140380
3 0.582125 0.242772 0.074875 0.133207
3 0.628281 0.327188 0.081250 0.143995
3 0.693086 0.405910 0.075141 0.132418
3 0.499469 0.643791 0.082406 0.136223
3 0.489281 0.777622 0.080500 0.148071
3 0.346305 0.835910 0.082734 0.138234
3 0.348766 0.952582 0.086563 0.094837
4 0.574094 0.578832 0.074094 0.133804
4 0.645664 0.632323 0.077641 0.146875
4 0.680547 0.889076 0.087656 0.158370
4 0.338016 0.695693 0.086594 0.150136
4 0.520383 0.405462 0.079484 0.140163
2 0.546438 0.084552 0.080469 0.117038
2 0.532211 0.206644 0.072266 0.134212
2 0.382266 0.426304 0.081812 0.142446
2 0.451953 0.913098 0.087438 0.153370
2 0.591234 0.947690 0.083312 0.104620
2 0.251617 0.707215 0.085984 0.150842
1 0.233430 0.570679 0.086609 0.118967
1 0.262594 0.857459 0.089187 0.161223
1 0.552047 0.849633 0.072063 0.154973
1 0.469320 0.280856 0.076891 0.118071
1 0.609906 0.174130 0.077687 0.128043
1 0.643469 0.493030 0.060969 0.142582
1 0.578320 0.454103 0.074359 0.136087
1 0.508242 0.518505 0.078891 0.116467
2 0.415188 0.652079 0.078125 0.135353
