0 0.523898 0.158655 0.067234 0.124701
0 0.424594 0.116101 0.071031 0.103125
0 0.460313 0.192174 0.064781 0.128152
0 0.496438 0.283560 0.071625 0.127826
0 0.633430 0.533750 0.060703 0.119239
0 0.640641 0.661141 0.063281 0.130978
0 0.391469 0.664443 0.080625 0.092962
0 0.389281 0.451168 0.070625 0.121196
0 0.290883 0.183288 0.061359 0.130652
2 0.478258 0.629144 0.066234 0.104755
2 0.583453 0.710774 0.062000 0.101332
2 0.516656 0.725897 0.055531 0.109348
2 0.441719 0.747323 0.065594 0.111766
2 0.337719 0.579565 0.059844 0.130978
2 0.533516 0.380163 0.057625 0.125707
2 0.368195 0.342391 0.052984 0.114402
4 0.239820 0.279823 0.066484 0.127473
4 0.201750 0.469280 0.074219 0.128016
4 0.340266 0.872568 0.057656 0.128832
4 0.406344 0.564946 0.069437 0.101087
4 0.326227 0.427011 0.053609 0.125815
4 0.430008 0.338383 0.067234 0.120408
1 0.355953 0.157731 0.063594 0.104103
1 0.560602 0.267011 0.055672 0.105978
1 0.611086 0.377717 0.073328 0.106467
1 0.577922 0.476658 0.048438 0.101467
1 0.581469 0.596793 0.065625 0.104837
1 0.257375 0.813098 0.059687 0.088587
1 0.284031 0.670543 0.072813 0.111141
1 0.286344 0.526916 0.056406 0.111766
3 0.307531 0.312201 0.068187 0.125978
3 0.263695 0.407283 0.065141 0.128804
3 0.221203 0.596576 0.074531 0.130815
3 0.216781 0.722554 0.077656 0.126087
3 0.335734 0.743207 0.079219 0.119022
3 0.408156 0.862446 0.074063 0.130978
3 0.492578 0.845082 0.076719 0.104891
3 0.529312 0.545204 0.051875 0.132310
3 0.471656 0.515082 0.072969 0.098641
3 0.471187 0.416495 0.072344 0.091576
3 0.395344 0.239728 0.074594 0.091576
