3 0.387734 0.383736 0.051677 0.092120
4 0.560484 0.309435 0.063781 0.104444
3 0.438174 0.346648 0.049297 0.086870
4 0.480060 0.313435 0.048318 0.101815
0 0.225068 0.373810 0.046375 0.072176
0 0.279021 0.399463 0.053156 0.085907
0 0.305922 0.331708 0.040594 0.083787
0 0.374383 0.316310 0.058953 0.066602
1 0.325049 0.400880 0.042526 0.073463
1 0.237820 0.426940 0.041797 0.072639
0 0.281034 0.266329 0.058953 0.049787
0 0.334596 0.256676 0.042526 0.068722
1 0.266721 0.320431 0.043495 0.082472
3 0.364237 0.239449 0.051224 0.069194
3 0.412318 0.241597 0.057990 0.071769
1 0.344073 0.332120 0.034792 0.068722
4 0.306003 0.204801 0.047359 0.068324
3 0.437615 0.957218 0.073969 0.085565
3 0.542521 0.682764 0.071521 0.115120
3 0.804620 0.902588 0.083844 0.099565
1 0.304669 0.923273 0.078672 0.111083
4 0.354117 0.698153 0.062828 0.101380
0 0.267208 0.480546 0.044865 0.087500
3 0.284365 0.579176 0.053146 0.103796
1 0.397547 0.551903 0.067271 0.092787
1 0.444734 0.587190 0.058385 0.085046
1 0.475654 0.516931 0.051755 0.100565
2 0.469591 0.421532 0.056401 0.088083
2 0.262292 0.665009 0.053354 0.096259
2 0.235518 0.513125 0.047755 0.077269
2 0.308310 0.475204 0.042339 0.089074
2 0.351138 0.496130 0.048891 0.080704
3 0.324654 0.558333 0.050516 0.094593
3 0.386818 0.637241 0.047938 0.091741
3 0.416729 0.429773 0.056219 0.088824
