0 0.501094 0.212649 0.062875 0.123723
0 0.411953 0.168859 0.068125 0.098859
0 0.443852 0.247486 0.064516 0.122092
0 0.475125 0.320598 0.069625 0.124402
0 0.594867 0.552636 0.059609 0.116141
0 0.602062 0.664171 0.063281 0.127364
0 0.382453 0.665421 0.081188 0.093560
0 0.377617 0.475326 0.071766 0.121196
0 0.290742 0.230380 0.064141 0.130380
2 0.456375 0.639606 0.070031 0.132255
2 0.543828 0.708927 0.068750 0.128668
2 0.486484 0.725353 0.069875 0.132283
2 0.420547 0.741019 0.071094 0.120462
2 0.333016 0.588777 0.071438 0.134837
2 0.511023 0.418899 0.059391 0.128668
2 0.353109 0.372052 0.060125 0.114103
4 0.241258 0.314687 0.060672 0.127473
4 0.209578 0.487826 0.075000 0.128804
4 0.333641 0.850435 0.064281 0.131141
4 0.393164 0.578193 0.067453 0.104701
4 0.318664 0.456005 0.053609 0.125272
4 0.415031 0.372609 0.064906 0.122935
1 0.347438 0.202174 0.063594 0.104076
1 0.530250 0.315693 0.063156 0.132147
1 0.571375 0.409552 0.070969 0.128288
1 0.540742 0.508750 0.059578 0.115435
1 0.544648 0.613410 0.065516 0.108016
1 0.248422 0.799647 0.080469 0.134239
1 0.280445 0.675421 0.074172 0.132473
1 0.267563 0.546087 0.066031 0.120543
3 0.308250 0.344307 0.066969 0.119755
3 0.266578 0.432283 0.067219 0.125815
3 0.228914 0.604076 0.073859 0.127337
3 0.218750 0.715435 0.077656 0.128696
3 0.330281 0.735951 0.079219 0.121033
3 0.391734 0.836223 0.078156 0.133696
3 0.466930 0.828533 0.084141 0.118750
3 0.502375 0.561087 0.051875 0.127337
3 0.452063 0.531372 0.072969 0.096277
3 0.451109 0.444728 0.072344 0.100978
3 0.384312 0.283288 0.074031 0.083370
