0 0.520937 0.219620 0.063625 0.109511
0 0.436422 0.185082 0.068125 0.094076
0 0.463547 0.252269 0.061719 0.124538
0 0.495258 0.322908 0.066078 0.103152
0 0.614750 0.519633 0.059625 0.116114
0 0.623812 0.630014 0.063281 0.127364
0 0.405844 0.630204 0.080625 0.101712
0 0.400414 0.451114 0.071766 0.121196
0 0.322234 0.235774 0.061375 0.120951
2 0.483516 0.602486 0.070781 0.132255
2 0.572875 0.678682 0.068750 0.128668
2 0.516844 0.682418 0.069875 0.132283
2 0.451992 0.700258 0.071078 0.120462
2 0.358234 0.557432 0.071438 0.134864
2 0.528750 0.402745 0.058719 0.128696
2 0.385313 0.352976 0.056719 0.112962
4 0.273844 0.314198 0.064812 0.127473
4 0.237500 0.465149 0.075000 0.131114
4 0.357547 0.816359 0.062250 0.145870
4 0.419023 0.548818 0.069422 0.095136
4 0.349703 0.430611 0.053594 0.125299
4 0.440523 0.362228 0.073047 0.108696
1 0.381406 0.202079 0.063594 0.104103
1 0.553133 0.300095 0.063141 0.133234
1 0.592672 0.392120 0.070969 0.128315
1 0.574258 0.466304 0.059578 0.115435
1 0.568656 0.574688 0.068969 0.118886
1 0.288969 0.766753 0.080469 0.134266
1 0.312227 0.629715 0.074172 0.132473
1 0.315523 0.523641 0.066047 0.120543
3 0.334703 0.336236 0.066969 0.119755
3 0.293648 0.412799 0.067203 0.125815
3 0.257375 0.568220 0.073875 0.127310
3 0.249688 0.678967 0.077656 0.128696
3 0.356547 0.691671 0.079219 0.121005
3 0.417430 0.802120 0.076078 0.136522
3 0.498523 0.785408 0.082734 0.118750
3 0.527531 0.528383 0.051875 0.127310
3 0.476922 0.505367 0.072969 0.096277
3 0.473422 0.420394 0.072344 0.100951
3 0.410766 0.285163 0.074031 0.083370
