0 0.528961 0.242188 0.062859 0.123723
0 0.440500 0.199592 0.068125 0.098859
0 0.473539 0.275068 0.064516 0.122092
0 0.503375 0.351834 0.069625 0.124375
0 0.622055 0.582174 0.059609 0.116141
0 0.630609 0.691359 0.063281 0.127337
0 0.406508 0.693071 0.081203 0.093587
0 0.406164 0.497772 0.071766 0.121196
0 0.319289 0.255190 0.064141 0.130380
2 0.487492 0.663071 0.072016 0.133370
2 0.574406 0.739076 0.068750 0.118043
2 0.521828 0.746644 0.069875 0.132255
2 0.454891 0.765217 0.066281 0.121739
2 0.367234 0.603750 0.071438 0.134837
2 0.539914 0.436630 0.059391 0.128696
2 0.392867 0.393329 0.060141 0.114103
4 0.272523 0.341875 0.060672 0.127446
4 0.233797 0.512391 0.075000 0.128804
4 0.363211 0.878804 0.064297 0.131141
4 0.426469 0.601834 0.067437 0.104701
4 0.351969 0.476087 0.053594 0.125272
4 0.447656 0.400992 0.064906 0.122908
1 0.381078 0.220489 0.063594 0.104076
1 0.569672 0.332242 0.063156 0.132147
1 0.608414 0.436155 0.070953 0.128288
1 0.581898 0.522935 0.059578 0.115435
1 0.573805 0.629565 0.065516 0.107989
1 0.288297 0.832351 0.080469 0.134266
1 0.317141 0.699063 0.074188 0.132473
1 0.315141 0.568560 0.066031 0.120543
3 0.331453 0.373193 0.066969 0.119755
3 0.291391 0.457120 0.067219 0.125815
3 0.256094 0.631264 0.073875 0.127310
3 0.249648 0.734348 0.075672 0.128696
3 0.359500 0.760774 0.079219 0.121005
3 0.418578 0.869307 0.078156 0.133723
3 0.494828 0.857446 0.078750 0.110380
3 0.532000 0.588601 0.051875 0.127310
3 0.478914 0.560924 0.068203 0.102174
3 0.480000 0.471916 0.072344 0.100951
3 0.414219 0.312840 0.074031 0.083397
