0 0.465750 0.210245 0.062875 0.137989
0 0.374570 0.170041 0.068109 0.098832
0 0.405117 0.241590 0.064516 0.122092
0 0.439781 0.321780 0.069625 0.124375
0 0.561562 0.551440 0.059625 0.116141
0 0.567406 0.662976 0.063281 0.127364
0 0.342016 0.677840 0.081188 0.093560
0 0.338195 0.481223 0.071766 0.121196
0 0.249273 0.230380 0.064141 0.130380
2 0.424656 0.644715 0.070031 0.132255
2 0.517992 0.721929 0.068734 0.128696
2 0.458625 0.732459 0.069875 0.132255
2 0.392680 0.751671 0.071078 0.120462
2 0.296953 0.598302 0.071438 0.134864
2 0.477039 0.412989 0.059391 0.128696
2 0.324219 0.373804 0.056719 0.112935
4 0.205875 0.321780 0.064813 0.127473
4 0.167094 0.497880 0.075000 0.128804
4 0.293203 0.863451 0.064281 0.131141
4 0.356461 0.578193 0.067453 0.104701
4 0.284000 0.458370 0.053594 0.125272
4 0.379688 0.378533 0.064906 0.122935
1 0.315484 0.205720 0.063594 0.104103
1 0.507141 0.314524 0.063156 0.132147
1 0.548945 0.416644 0.070953 0.128288
1 0.523758 0.506386 0.059578 0.115435
1 0.521156 0.606236 0.067656 0.105788
1 0.230531 0.820543 0.080469 0.134239
1 0.243742 0.684878 0.074172 0.132473
1 0.245586 0.557120 0.066047 0.120543
3 0.264078 0.351399 0.066969 0.119755
3 0.224219 0.434647 0.067219 0.125815
3 0.185414 0.614715 0.073859 0.127310
3 0.180688 0.727255 0.077656 0.128696
3 0.289492 0.750136 0.079234 0.121033
3 0.357750 0.853954 0.078156 0.133723
3 0.434992 0.837989 0.084141 0.118750
3 0.472469 0.566997 0.051875 0.127310
3 0.415813 0.537283 0.072969 0.096304
3 0.415078 0.449457 0.072344 0.100978
3 0.344898 0.280924 0.074016 0.083370
