0 0.529305 0.184226 0.062859 0.137962
0 0.432852 0.140734 0.068109 0.099946
0 0.466492 0.219660 0.061703 0.124538
0 0.503195 0.322133 0.066828 0.117201
0 0.632016 0.576060 0.059625 0.116141
0 0.637969 0.697079 0.063281 0.127364
0 0.396703 0.705571 0.078531 0.098207
0 0.395281 0.478397 0.071750 0.121196
0 0.299586 0.205571 0.064141 0.130380
2 0.480148 0.630584 0.070016 0.132255
2 0.582219 0.747052 0.068750 0.128668
2 0.520641 0.755788 0.069875 0.132283
2 0.447906 0.770883 0.071094 0.120462
2 0.345391 0.603913 0.071438 0.134837
2 0.538383 0.418614 0.059391 0.128696
2 0.375672 0.363940 0.056719 0.112935
4 0.244047 0.300312 0.064813 0.127473
4 0.204141 0.499946 0.075000 0.128804
4 0.343500 0.903940 0.064281 0.131141
4 0.411602 0.596671 0.067453 0.104701
4 0.335320 0.459565 0.053609 0.125272
4 0.433992 0.362486 0.073047 0.122908
1 0.367344 0.152826 0.063594 0.104076
1 0.569375 0.291304 0.063156 0.132120
1 0.612930 0.401386 0.070953 0.128315
1 0.580102 0.491332 0.059578 0.115435
1 0.581773 0.620272 0.067641 0.105815
1 0.270859 0.791807 0.080469 0.134266
1 0.290039 0.684579 0.074172 0.132473
1 0.289992 0.548451 0.066047 0.120543
3 0.313688 0.337609 0.066969 0.119783
3 0.271000 0.432880 0.067219 0.125815
3 0.227711 0.626834 0.073859 0.127310
3 0.223687 0.754592 0.077656 0.128696
3 0.340469 0.770693 0.079219 0.121005
3 0.410445 0.894280 0.076078 0.133723
3 0.494180 0.875516 0.082734 0.118750
3 0.532625 0.580299 0.051875 0.127337
3 0.477219 0.549497 0.072969 0.096277
3 0.477172 0.450448 0.072344 0.100951
3 0.402328 0.265109 0.074031 0.083370
