0 0.527602 0.161780 0.062859 0.137962
0 0.433023 0.110299 0.068109 0.099946
0 0.466328 0.184796 0.061719 0.124538
0 0.500305 0.280462 0.066828 0.117174
0 0.634961 0.532527 0.059609 0.116141
0 0.640797 0.657079 0.063281 0.127364
0 0.397031 0.652976 0.078531 0.098234
0 0.393242 0.442228 0.071766 0.121196
0 0.299586 0.173641 0.064141 0.130380
2 0.482766 0.614579 0.070031 0.132255
2 0.582219 0.701834 0.068750 0.128668
2 0.519109 0.707622 0.069875 0.132255
2 0.448414 0.723302 0.071078 0.120462
2 0.351609 0.555272 0.071438 0.134837
2 0.538211 0.375163 0.059391 0.128696
2 0.376328 0.329293 0.056719 0.112935
4 0.245984 0.267405 0.064812 0.127473
4 0.207875 0.457690 0.075000 0.128804
4 0.348266 0.855163 0.064281 0.131141
4 0.412195 0.551005 0.067453 0.104728
4 0.333625 0.414647 0.053594 0.125272
4 0.435398 0.334783 0.073047 0.122935
1 0.366969 0.136861 0.063594 0.104103
1 0.568984 0.268437 0.063156 0.132147
1 0.610117 0.364633 0.070953 0.128288
1 0.581523 0.474457 0.059578 0.115435
1 0.580281 0.580245 0.067656 0.105815
1 0.269266 0.782704 0.080469 0.134266
1 0.289953 0.645870 0.074187 0.132500
1 0.290336 0.512989 0.066047 0.120543
3 0.311648 0.299389 0.066953 0.119755
3 0.269305 0.395652 0.067203 0.125815
3 0.228906 0.578071 0.073875 0.127337
3 0.222828 0.704783 0.077656 0.128696
3 0.343187 0.731209 0.079219 0.121005
3 0.413164 0.845666 0.076078 0.133723
3 0.492742 0.829728 0.082734 0.118750
3 0.532969 0.539810 0.051875 0.127337
3 0.475859 0.506563 0.072969 0.096277
3 0.476266 0.415177 0.072344 0.100951
3 0.401312 0.225367 0.074031 0.083397
