0 0.540891 0.240231 0.063625 0.109538
0 0.447297 0.194783 0.068125 0.094076
0 0.480594 0.268709 0.061719 0.124538
0 0.514922 0.356753 0.062063 0.106603
0 0.640742 0.592799 0.059609 0.116141
0 0.648281 0.714212 0.063281 0.127337
0 0.413375 0.708519 0.080625 0.101712
0 0.410352 0.506712 0.071766 0.121196
0 0.323758 0.260761 0.061359 0.120924
2 0.495719 0.676644 0.070781 0.132255
2 0.592414 0.761522 0.068734 0.128696
2 0.527266 0.758451 0.069875 0.132283
2 0.462008 0.783573 0.071078 0.120462
2 0.367234 0.617921 0.071438 0.134864
2 0.542461 0.443723 0.059047 0.128696
2 0.390828 0.394511 0.056719 0.112935
4 0.271437 0.343872 0.064813 0.127473
4 0.231664 0.519117 0.075016 0.131114
4 0.360836 0.904620 0.062234 0.145707
4 0.429508 0.611834 0.069422 0.095136
4 0.355367 0.486766 0.053609 0.125272
4 0.448984 0.401005 0.073062 0.108696
1 0.379719 0.217663 0.063594 0.104076
1 0.575156 0.345992 0.063156 0.132147
1 0.616875 0.440421 0.070969 0.128288
1 0.589336 0.528832 0.059578 0.115435
1 0.590461 0.642853 0.068953 0.118859
1 0.288516 0.844185 0.080469 0.134239
1 0.315102 0.710285 0.074172 0.132473
1 0.314805 0.576223 0.066047 0.120543
3 0.334078 0.373274 0.066969 0.119755
3 0.295125 0.458315 0.067219 0.125815
3 0.252016 0.640707 0.073875 0.127337
3 0.245594 0.755625 0.077656 0.128696
3 0.359906 0.788764 0.079219 0.121005
3 0.426078 0.891413 0.076094 0.136522
3 0.507352 0.880543 0.082734 0.118750
3 0.543844 0.607582 0.051875 0.127337
3 0.490797 0.565652 0.072969 0.096304
3 0.488719 0.481766 0.072344 0.100978
3 0.420531 0.313057 0.074031 0.083397
