3 0.345891 0.155505 0.053208 0.084065
4 0.527091 0.139833 0.063786 0.104444
3 0.415458 0.146731 0.058948 0.097593
4 0.448326 0.126745 0.043495 0.082472
0 0.174971 0.130750 0.053474 0.082481
0 0.233763 0.165694 0.053161 0.085907
0 0.266141 0.112343 0.040594 0.083796
0 0.346844 0.096014 0.058958 0.075213
1 0.280638 0.180014 0.042526 0.067009
1 0.184953 0.174000 0.040594 0.096222
0 0.243427 0.045134 0.058958 0.060139
0 0.291268 0.066611 0.042526 0.068722
1 0.221682 0.097537 0.043490 0.082481
3 0.326549 0.041898 0.051224 0.056296
3 0.382120 0.047912 0.057990 0.071769
1 0.303833 0.130616 0.034792 0.068731
3 0.426221 0.870593 0.086016 0.137463
3 0.496937 0.485634 0.071521 0.115120
3 0.783503 0.830120 0.083286 0.132833
1 0.238159 0.731750 0.083120 0.132296
4 0.293391 0.469519 0.067656 0.109963
0 0.217203 0.236759 0.044865 0.087500
3 0.225336 0.344185 0.053151 0.103796
1 0.351497 0.329963 0.067266 0.092778
1 0.390055 0.380134 0.066109 0.098972
1 0.441177 0.331773 0.063792 0.111343
2 0.426174 0.215639 0.062443 0.085926
2 0.202203 0.431134 0.064927 0.113398
2 0.190948 0.275074 0.056187 0.105204
2 0.248982 0.247491 0.056828 0.082185
2 0.299951 0.254810 0.048891 0.099583
3 0.271461 0.329838 0.063786 0.101028
3 0.334346 0.413389 0.060036 0.104630
3 0.369698 0.229917 0.067094 0.088833
