3 0.394331 0.350537 0.050922 0.089074
4 0.494208 0.268009 0.061813 0.086574
3 0.480617 0.342407 0.049297 0.086870
4 0.413474 0.274648 0.057802 0.101815
0 0.183432 0.361093 0.046375 0.090667
0 0.241982 0.391222 0.053161 0.090926
0 0.265146 0.336148 0.058052 0.071981
0 0.451648 0.551449 0.052693 0.074880
1 0.238276 0.651444 0.052312 0.088315
1 0.205073 0.425324 0.041792 0.086130
0 0.229956 0.261264 0.049286 0.058361
0 0.275555 0.266005 0.042526 0.068731
1 0.213828 0.327579 0.043490 0.082472
3 0.308297 0.228926 0.050292 0.065833
3 0.356383 0.216375 0.057995 0.071769
1 0.314214 0.543806 0.052094 0.093463
4 0.252849 0.195847 0.056417 0.079009
4 0.482766 0.624912 0.049240 0.085861
2 0.468391 0.409407 0.044510 0.090833
1 0.361122 0.326528 0.038849 0.087574
3 0.461411 0.471292 0.053979 0.085861
3 0.475378 0.902028 0.059661 0.104352
4 0.319669 0.680611 0.063453 0.087574
1 0.418161 0.620704 0.048271 0.094278
1 0.300055 0.936102 0.077630 0.116222
3 0.465414 0.984324 0.065453 0.031352
3 0.562518 0.717412 0.065203 0.107269
3 0.460557 0.685708 0.049760 0.093250
3 0.798732 0.959787 0.084318 0.080426
1 0.227669 0.939120 0.076099 0.121759
4 0.340956 0.520380 0.062828 0.101389
0 0.325357 0.433181 0.050599 0.094213
3 0.604758 0.472120 0.058828 0.110259
1 0.522049 0.640458 0.048141 0.083898
1 0.502336 0.715495 0.055245 0.094769
1 0.513641 0.423523 0.049469 0.094491
2 0.433318 0.365861 0.050979 0.086778
2 0.228661 0.494245 0.049990 0.079361
2 0.295940 0.337495 0.050161 0.078806
2 0.329956 0.286227 0.045453 0.075731
2 0.443753 0.488667 0.059745 0.095704
3 0.372534 0.571208 0.059016 0.099491
3 0.509396 0.520394 0.063312 0.103065
3 0.402669 0.430440 0.056224 0.088824
