0 0.520531 0.227418 0.063625 0.109511
0 0.436422 0.191957 0.068125 0.094076
0 0.463125 0.261875 0.061719 0.124565
0 0.495258 0.331033 0.066078 0.103152
0 0.612781 0.531644 0.059625 0.116114
0 0.623812 0.642024 0.063281 0.127364
0 0.402875 0.641277 0.080625 0.101739
0 0.398766 0.461984 0.071750 0.121196
0 0.319070 0.240666 0.061359 0.120951
2 0.481641 0.612731 0.070781 0.132255
2 0.571594 0.691250 0.068750 0.128696
2 0.514219 0.695584 0.069875 0.132255
2 0.450023 0.711128 0.071078 0.120462
2 0.356953 0.564823 0.071438 0.134864
2 0.526625 0.414565 0.058719 0.128696
2 0.383984 0.365571 0.056719 0.112935
4 0.273844 0.319361 0.064812 0.127473
4 0.235375 0.468098 0.075000 0.131141
4 0.355469 0.823261 0.062250 0.145870
4 0.419688 0.555095 0.069437 0.095136
4 0.348000 0.443913 0.053594 0.125272
4 0.438883 0.368533 0.073047 0.108696
1 0.381406 0.219062 0.063594 0.104103
1 0.551437 0.311182 0.063156 0.133234
1 0.594367 0.403207 0.070953 0.128315
1 0.573188 0.477500 0.059594 0.115435
1 0.568234 0.582079 0.068969 0.118886
1 0.287703 0.773967 0.080469 0.134239
1 0.311102 0.632677 0.074172 0.132473
1 0.313258 0.523641 0.066047 0.120543
3 0.329180 0.346590 0.066953 0.119755
3 0.292797 0.417228 0.067219 0.125815
3 0.256805 0.574117 0.073859 0.127310
3 0.248719 0.686549 0.077656 0.128696
3 0.354844 0.705476 0.079219 0.121005
3 0.416617 0.809918 0.076078 0.136522
3 0.496289 0.792609 0.082734 0.118750
3 0.527531 0.540204 0.051875 0.127310
3 0.474797 0.514239 0.072969 0.096304
3 0.472578 0.432948 0.072344 0.100951
3 0.410344 0.290340 0.074031 0.083397
