0 0.520641 0.225340 0.063625 0.109538
0 0.436422 0.190136 0.068125 0.094076
0 0.463234 0.259307 0.061719 0.124538
0 0.495258 0.328859 0.066078 0.103152
0 0.613305 0.528451 0.059609 0.116141
0 0.623812 0.638818 0.063281 0.127364
0 0.403656 0.638329 0.080625 0.101712
0 0.399203 0.459076 0.071750 0.121196
0 0.319914 0.239361 0.061359 0.120951
2 0.482141 0.610014 0.070781 0.132255
2 0.571937 0.687894 0.068750 0.128668
2 0.514922 0.692065 0.069875 0.132283
2 0.450547 0.708234 0.071094 0.120489
2 0.357297 0.562853 0.071438 0.134837
2 0.527203 0.411413 0.058719 0.128696
2 0.384336 0.362215 0.056703 0.112962
4 0.273844 0.317976 0.064812 0.127473
4 0.235937 0.467310 0.075000 0.131141
4 0.356023 0.821413 0.062234 0.145870
4 0.419508 0.553438 0.069422 0.095136
4 0.348453 0.440353 0.053594 0.125272
4 0.439320 0.366848 0.073047 0.108696
1 0.381406 0.214524 0.063594 0.104103
1 0.551891 0.308220 0.063156 0.133234
1 0.593914 0.400245 0.070953 0.128315
1 0.573477 0.474511 0.059578 0.115435
1 0.568344 0.580109 0.068969 0.118859
1 0.288047 0.772038 0.080469 0.134239
1 0.311398 0.631889 0.074172 0.132473
1 0.313867 0.523641 0.066047 0.120543
3 0.330656 0.343818 0.066969 0.119755
3 0.293023 0.416060 0.067203 0.125815
3 0.256953 0.572541 0.073875 0.127310
3 0.248984 0.684538 0.077656 0.128696
3 0.355297 0.701793 0.079219 0.121033
3 0.416836 0.807840 0.076078 0.136549
3 0.496883 0.790679 0.082734 0.118750
3 0.527531 0.537052 0.051875 0.127310
3 0.475375 0.511875 0.072969 0.096304
3 0.472797 0.429606 0.072344 0.100951
3 0.410453 0.288954 0.074031 0.083397
