0 0.513492 0.213492 0.062859 0.137962
0 0.420617 0.171807 0.068109 0.098832
0 0.456258 0.249851 0.064516 0.122092
0 0.486672 0.327690 0.069625 0.124402
0 0.608625 0.563859 0.059625 0.116141
0 0.615156 0.680720 0.063281 0.127364
0 0.386531 0.681671 0.081188 0.093560
0 0.384703 0.483424 0.071750 0.121196
0 0.297023 0.227717 0.064141 0.130380
2 0.470875 0.645720 0.070031 0.132255
2 0.566703 0.727052 0.068750 0.128668
2 0.503031 0.744864 0.069875 0.132283
2 0.439125 0.756984 0.071094 0.120489
2 0.342766 0.602568 0.071438 0.134864
2 0.521727 0.420679 0.059391 0.128696
2 0.371281 0.375870 0.056719 0.112935
4 0.249375 0.322976 0.064812 0.127473
4 0.213992 0.506440 0.075016 0.128804
4 0.341633 0.866386 0.064297 0.131141
4 0.399789 0.581155 0.067453 0.104701
4 0.330047 0.459837 0.053594 0.125272
4 0.427094 0.381196 0.064906 0.122935
1 0.364766 0.204823 0.063594 0.104103
1 0.550437 0.318410 0.063156 0.132147
1 0.584797 0.421671 0.070969 0.128288
1 0.569805 0.516712 0.059578 0.115435
1 0.559898 0.628859 0.067641 0.105815
1 0.278438 0.824090 0.080469 0.134266
1 0.299695 0.694334 0.074172 0.132473
1 0.289398 0.565897 0.066047 0.120543
3 0.312156 0.351399 0.066969 0.119755
3 0.266414 0.441739 0.067203 0.125815
3 0.230781 0.616481 0.073875 0.127310
3 0.227078 0.734049 0.077656 0.128696
3 0.335031 0.754565 0.079219 0.121033
3 0.401586 0.861345 0.078172 0.133723
3 0.477297 0.851576 0.084125 0.118750
3 0.515813 0.570842 0.051875 0.127337
3 0.461578 0.539062 0.072969 0.096277
3 0.461813 0.453899 0.072344 0.100951
3 0.393156 0.285938 0.074031 0.083397
