0 0.505023 0.194878 0.064391 0.117853
0 0.411891 0.155666 0.064531 0.101005
0 0.444727 0.227894 0.058891 0.120408
0 0.480922 0.316304 0.069062 0.120109
0 0.609352 0.552717 0.057078 0.111141
0 0.617516 0.673166 0.060719 0.124755
0 0.380148 0.681046 0.074078 0.091712
0 0.376523 0.476277 0.067641 0.117935
0 0.286062 0.220992 0.057969 0.125951
2 0.461719 0.640353 0.060625 0.110054
2 0.560953 0.725204 0.059375 0.103940
2 0.496086 0.738995 0.049391 0.105435
2 0.427313 0.752147 0.055063 0.092174
2 0.328828 0.597351 0.059531 0.129321
2 0.513875 0.407201 0.054312 0.117935
2 0.357672 0.369810 0.050781 0.104620
4 0.235742 0.310068 0.062266 0.123342
4 0.198398 0.495924 0.072484 0.123641
4 0.332039 0.873872 0.051172 0.121440
4 0.394156 0.582541 0.069187 0.100408
4 0.318242 0.456291 0.052266 0.123832
4 0.416687 0.368234 0.062812 0.112500
1 0.349313 0.203465 0.056562 0.104701
1 0.541117 0.305734 0.051203 0.107826
1 0.586656 0.409565 0.056875 0.094837
1 0.557578 0.504878 0.044219 0.092418
1 0.560078 0.617880 0.057344 0.105435
1 0.252031 0.826957 0.048281 0.084837
1 0.280445 0.685937 0.060734 0.103940
1 0.277164 0.556889 0.057453 0.110136
3 0.299172 0.343288 0.061562 0.122935
3 0.257086 0.436685 0.063797 0.124783
3 0.219289 0.615611 0.068516 0.120571
3 0.212188 0.735231 0.073594 0.115842
3 0.326203 0.753193 0.073375 0.106114
3 0.395836 0.864348 0.065984 0.120652
3 0.473266 0.852160 0.072469 0.095516
3 0.511320 0.564402 0.049203 0.124185
3 0.455547 0.536821 0.068906 0.093478
3 0.454734 0.443370 0.067156 0.088804
3 0.384422 0.273179 0.070437 0.087391
