0 0.539156 0.237459 0.062875 0.123723
0 0.452734 0.195258 0.068125 0.098832
0 0.486227 0.264823 0.064516 0.122092
0 0.515898 0.346997 0.069641 0.124375
0 0.637781 0.576943 0.059625 0.116114
0 0.642984 0.688043 0.063281 0.127337
0 0.424547 0.687296 0.081188 0.093560
0 0.420305 0.496603 0.071766 0.121196
0 0.333336 0.252052 0.064141 0.130408
2 0.497977 0.656155 0.072016 0.133397
2 0.585500 0.735924 0.068750 0.118043
2 0.530375 0.745707 0.069875 0.132283
2 0.464406 0.756644 0.066281 0.121766
2 0.372594 0.603750 0.071438 0.134837
2 0.547930 0.435462 0.059391 0.128696
2 0.402430 0.388764 0.060141 0.114103
4 0.285891 0.334389 0.060656 0.127473
4 0.251563 0.504130 0.075000 0.128804
4 0.371547 0.871712 0.064281 0.131141
4 0.438023 0.599239 0.067453 0.104728
4 0.367195 0.478451 0.053609 0.125272
4 0.457719 0.396495 0.064906 0.122935
1 0.387047 0.219565 0.063594 0.104076
1 0.571031 0.330720 0.063156 0.132147
1 0.611883 0.435679 0.070953 0.128315
1 0.584805 0.522935 0.059578 0.115435
1 0.582938 0.631739 0.065531 0.107989
1 0.294766 0.823492 0.080469 0.134266
1 0.320883 0.694728 0.074172 0.132500
1 0.320742 0.569647 0.066047 0.120543
3 0.345633 0.365978 0.066953 0.119783
3 0.305094 0.451603 0.067219 0.125815
3 0.267750 0.620788 0.073875 0.127337
3 0.264172 0.729212 0.077000 0.128696
3 0.371641 0.758071 0.079219 0.121033
3 0.429297 0.865340 0.078156 0.133723
3 0.507734 0.852391 0.078750 0.110380
3 0.546078 0.583370 0.051875 0.127337
3 0.493672 0.555924 0.068219 0.102174
3 0.494891 0.465829 0.072344 0.100951
3 0.429445 0.302201 0.074016 0.083370
