0 0.538852 0.236332 0.063609 0.109511
0 0.446039 0.191739 0.068109 0.094076
0 0.480141 0.265965 0.061719 0.124538
0 0.513570 0.351617 0.062078 0.106603
0 0.638367 0.580489 0.059609 0.116141
0 0.645219 0.702405 0.063281 0.127364
0 0.413234 0.700313 0.080625 0.101712
0 0.410539 0.500571 0.071766 0.121196
0 0.324070 0.256957 0.061359 0.120924
2 0.496016 0.669035 0.070781 0.132255
2 0.591297 0.753166 0.068750 0.128668
2 0.527266 0.750177 0.069875 0.132255
2 0.460875 0.776889 0.071094 0.120462
2 0.367234 0.610652 0.071438 0.134837
2 0.541687 0.434973 0.058719 0.128696
2 0.389469 0.390027 0.056719 0.112935
4 0.272703 0.340054 0.064813 0.127446
4 0.234094 0.509837 0.075000 0.131141
4 0.363719 0.890136 0.062250 0.145870
4 0.429312 0.600421 0.069438 0.095136
4 0.354953 0.482500 0.053594 0.125272
4 0.447625 0.396277 0.073062 0.108696
1 0.379578 0.219633 0.063594 0.104103
1 0.574844 0.341617 0.063156 0.132147
1 0.613977 0.432758 0.070953 0.128288
1 0.588023 0.521060 0.059578 0.115435
1 0.588031 0.630951 0.068969 0.118859
1 0.289391 0.828641 0.080469 0.134239
1 0.313836 0.696522 0.074172 0.132500
1 0.316773 0.566413 0.066047 0.120543
3 0.336313 0.368628 0.066969 0.119755
3 0.295125 0.453587 0.067219 0.125815
3 0.253273 0.631916 0.073859 0.127310
3 0.248562 0.744484 0.077656 0.128696
3 0.360219 0.777853 0.079219 0.121033
3 0.425055 0.879592 0.076078 0.136522
3 0.506680 0.866359 0.082734 0.118750
3 0.543016 0.596780 0.051875 0.127310
3 0.489984 0.559266 0.072969 0.096304
3 0.488359 0.471916 0.072344 0.100951
3 0.419781 0.309837 0.074031 0.083370
