0 0.544930 0.245149 0.062859 0.123723
0 0.454508 0.208139 0.068109 0.098832
0 0.488539 0.277921 0.064516 0.122092
0 0.518109 0.361304 0.069625 0.124402
0 0.638344 0.581005 0.058219 0.116141
0 0.646234 0.696101 0.065313 0.127364
0 0.427648 0.696753 0.081203 0.093560
0 0.424914 0.502500 0.071766 0.121196
0 0.338992 0.266141 0.064141 0.130380
2 0.496766 0.659769 0.072000 0.133397
2 0.592859 0.744986 0.068750 0.118071
2 0.539219 0.747921 0.069875 0.132255
2 0.475758 0.769552 0.064203 0.120571
2 0.380094 0.610924 0.071438 0.134837
2 0.551352 0.446087 0.059391 0.128696
2 0.406461 0.396861 0.060141 0.114103
4 0.291555 0.347785 0.060672 0.127473
4 0.253750 0.516793 0.075000 0.128804
4 0.378375 0.882147 0.064281 0.131141
4 0.440062 0.604198 0.067438 0.104701
4 0.368578 0.483179 0.053594 0.125272
4 0.459922 0.399592 0.064906 0.122935
1 0.395094 0.226997 0.063594 0.104103
1 0.577516 0.340897 0.063156 0.132120
1 0.613391 0.433641 0.070969 0.128315
1 0.585633 0.534103 0.059578 0.115435
1 0.590820 0.632826 0.065516 0.107989
1 0.309609 0.834728 0.080469 0.134239
1 0.333172 0.697976 0.074187 0.132473
1 0.330773 0.573288 0.066047 0.120543
3 0.352859 0.376236 0.066969 0.119755
3 0.309742 0.459484 0.067203 0.125815
3 0.274109 0.627717 0.073875 0.127337
3 0.267828 0.740543 0.075687 0.128696
3 0.373000 0.764402 0.079219 0.121033
3 0.438445 0.868234 0.078172 0.133696
3 0.513414 0.857541 0.078766 0.110353
3 0.549891 0.593247 0.051875 0.127310
3 0.493812 0.564701 0.068219 0.102174
3 0.497391 0.474823 0.072344 0.100951
3 0.431719 0.316399 0.074031 0.083397
