0 0.492766 0.240367 0.059469 0.105951
0 0.406875 0.205299 0.060000 0.092663
0 0.437250 0.273370 0.058125 0.111957
0 0.469359 0.352310 0.061719 0.113859
0 0.587187 0.569687 0.049688 0.102690
0 0.593508 0.679620 0.056734 0.114946
0 0.375781 0.684511 0.068125 0.082337
0 0.374063 0.497418 0.062188 0.108967
0 0.290156 0.266033 0.055000 0.114674
2 0.451555 0.650625 0.062047 0.107228
2 0.541781 0.723098 0.058125 0.096196
2 0.484766 0.736128 0.051562 0.093234
2 0.419844 0.755897 0.055938 0.104185
2 0.331750 0.609239 0.051812 0.116848
2 0.500219 0.436739 0.052625 0.108043
2 0.354828 0.398723 0.047656 0.100163
4 0.244406 0.346168 0.058688 0.110272
4 0.210469 0.515774 0.066250 0.111440
4 0.331016 0.865353 0.049844 0.116576
4 0.390266 0.597269 0.061656 0.091005
4 0.319641 0.478995 0.046344 0.111250
4 0.410969 0.399918 0.059438 0.104728
1 0.346172 0.238668 0.053906 0.097663
1 0.526906 0.336685 0.053375 0.105978
1 0.569094 0.433125 0.060000 0.083696
1 0.542172 0.518207 0.046563 0.086467
1 0.543203 0.623913 0.060469 0.095652
1 0.261680 0.821848 0.059266 0.092283
1 0.284453 0.687269 0.057969 0.092745
1 0.277594 0.565367 0.053875 0.110136
3 0.305625 0.375543 0.059063 0.111413
3 0.263656 0.458016 0.059062 0.106250
3 0.229367 0.624864 0.062953 0.111141
3 0.223242 0.732799 0.065391 0.102554
3 0.327141 0.753261 0.067719 0.104348
3 0.389289 0.854620 0.061859 0.113315
3 0.463039 0.840870 0.067797 0.093207
3 0.497023 0.578193 0.045453 0.112364
3 0.445461 0.553804 0.062172 0.083696
3 0.445969 0.470163 0.062750 0.081957
3 0.380180 0.314348 0.065578 0.081413
