0 0.513656 0.239823 0.066906 0.123723
0 0.425375 0.200761 0.068125 0.098859
0 0.458805 0.272323 0.064516 0.122092
0 0.490242 0.351332 0.069641 0.124402
0 0.607086 0.578043 0.058234 0.116141
0 0.613953 0.690177 0.065313 0.127364
0 0.390266 0.690258 0.081188 0.093560
0 0.389508 0.496603 0.071766 0.121196
0 0.305008 0.258152 0.064141 0.130380
2 0.475938 0.662785 0.072000 0.133397
2 0.561500 0.740258 0.068750 0.118071
2 0.507563 0.744851 0.069875 0.132255
2 0.441484 0.769361 0.064187 0.120571
2 0.351266 0.608478 0.071438 0.134837
2 0.526492 0.441359 0.059391 0.128696
2 0.375195 0.396277 0.060141 0.114130
4 0.257906 0.336562 0.060656 0.127473
4 0.221469 0.506739 0.075000 0.128804
4 0.347242 0.875870 0.064297 0.131141
4 0.415086 0.601834 0.067453 0.104701
4 0.338719 0.480815 0.053594 0.125272
4 0.429984 0.398043 0.064906 0.122935
1 0.370719 0.225530 0.063594 0.104103
1 0.555734 0.336970 0.063156 0.132147
1 0.591086 0.431427 0.070953 0.128288
1 0.568945 0.533560 0.059578 0.115435
1 0.562656 0.634103 0.065531 0.107989
1 0.284906 0.828818 0.080469 0.134266
1 0.297773 0.697296 0.074172 0.132473
1 0.303586 0.571522 0.066047 0.120543
3 0.318781 0.372677 0.066969 0.119755
3 0.275930 0.457120 0.067203 0.125815
3 0.237063 0.625938 0.073875 0.127310
3 0.233672 0.735516 0.075688 0.128696
3 0.342516 0.764307 0.079219 0.121005
3 0.405320 0.864592 0.078172 0.133696
3 0.482250 0.853913 0.078750 0.110380
3 0.517344 0.583247 0.051875 0.127310
3 0.464977 0.558560 0.068203 0.102174
3 0.465391 0.472813 0.072344 0.100951
3 0.399937 0.306943 0.074031 0.083397
