0 0.506188 0.216155 0.062875 0.137962
0 0.415695 0.174171 0.068109 0.098832
0 0.449977 0.247486 0.064516 0.122092
0 0.482258 0.325910 0.069641 0.124375
0 0.601992 0.563261 0.059609 0.116141
0 0.609875 0.677174 0.063281 0.127337
0 0.379562 0.680503 0.081187 0.093560
0 0.378977 0.483016 0.071766 0.121196
0 0.291086 0.227418 0.064141 0.130380
2 0.463391 0.644144 0.070031 0.132255
2 0.559797 0.725666 0.068750 0.128668
2 0.497875 0.743682 0.069875 0.132255
2 0.433633 0.755802 0.071078 0.120462
2 0.335461 0.603451 0.071422 0.134837
2 0.515617 0.421549 0.059391 0.128696
2 0.364312 0.375000 0.056719 0.112935
4 0.243594 0.322378 0.064812 0.127473
4 0.206859 0.506155 0.075000 0.128777
4 0.337047 0.865815 0.064281 0.131141
4 0.395203 0.579389 0.067437 0.104701
4 0.323086 0.462500 0.053609 0.125272
4 0.421156 0.380897 0.064906 0.122935
1 0.358312 0.205720 0.063594 0.104103
1 0.544344 0.318057 0.063156 0.132147
1 0.577828 0.422255 0.070969 0.128315
1 0.563336 0.513179 0.059578 0.115435
1 0.553328 0.626929 0.067656 0.105815
1 0.275047 0.822908 0.080469 0.134239
1 0.294375 0.693736 0.074187 0.132473
1 0.283445 0.565299 0.066047 0.120543
3 0.305531 0.351399 0.066969 0.119755
3 0.260469 0.440571 0.067219 0.125815
3 0.225516 0.616481 0.073875 0.127310
3 0.222484 0.731386 0.077656 0.128696
3 0.330266 0.753682 0.079219 0.121005
3 0.397172 0.861046 0.078156 0.133723
3 0.472031 0.850408 0.084125 0.118750
3 0.510375 0.570543 0.051875 0.127337
3 0.455125 0.539062 0.072969 0.096277
3 0.455188 0.453003 0.072344 0.100951
3 0.388063 0.286834 0.074031 0.083397
