0 0.526281 0.227935 0.063625 0.109511
0 0.438234 0.189674 0.068125 0.094076
0 0.472609 0.257785 0.061719 0.124538
0 0.503375 0.339008 0.062062 0.106603
0 0.624094 0.559701 0.059625 0.116141
0 0.634000 0.677174 0.063281 0.127337
0 0.408281 0.673342 0.080625 0.101739
0 0.403438 0.480054 0.071750 0.121196
0 0.318398 0.245652 0.061359 0.120924
2 0.485516 0.641168 0.070781 0.132228
2 0.577969 0.716318 0.068750 0.128668
2 0.521141 0.720625 0.069875 0.132283
2 0.453172 0.749307 0.071094 0.120462
2 0.358406 0.586005 0.071438 0.134837
2 0.535836 0.428370 0.058703 0.128696
2 0.385688 0.372473 0.056719 0.112935
4 0.273484 0.331046 0.064813 0.127473
4 0.237992 0.499117 0.075016 0.131114
4 0.357672 0.856440 0.062250 0.145870
4 0.423563 0.581671 0.069437 0.095136
4 0.353328 0.465489 0.053594 0.125272
4 0.444008 0.378560 0.073047 0.108696
1 0.378687 0.223437 0.063594 0.104103
1 0.558125 0.327296 0.063156 0.132147
1 0.601734 0.411141 0.070969 0.128315
1 0.576086 0.500462 0.059578 0.115435
1 0.577039 0.606508 0.068953 0.118886
1 0.286250 0.812269 0.080469 0.134266
1 0.308984 0.667147 0.074188 0.132500
1 0.304945 0.554375 0.066047 0.120543
3 0.331359 0.354959 0.066969 0.119755
3 0.291047 0.440571 0.067219 0.125815
3 0.252016 0.606427 0.073875 0.127310
3 0.242531 0.723696 0.077656 0.128696
3 0.357797 0.744511 0.079219 0.121033
3 0.419734 0.851427 0.076094 0.136549
3 0.498180 0.838016 0.082734 0.118750
3 0.532281 0.564633 0.051875 0.127310
3 0.480609 0.537283 0.072969 0.096304
3 0.479656 0.453003 0.072344 0.100951
3 0.411500 0.291957 0.074031 0.083370
