3 0.367247 0.336481 0.044776 0.079778
4 0.549823 0.264583 0.061812 0.086574
3 0.424523 0.305356 0.049297 0.086861
4 0.466042 0.281657 0.048312 0.101815
0 0.203932 0.341556 0.046375 0.072185
0 0.258891 0.381574 0.053156 0.085907
0 0.275932 0.291870 0.040594 0.083796
0 0.361380 0.268505 0.058958 0.066602
1 0.299888 0.374491 0.042526 0.073463
1 0.209208 0.396773 0.041792 0.072639
0 0.254867 0.231625 0.058953 0.058361
0 0.306977 0.241838 0.042526 0.068731
1 0.239482 0.295023 0.043495 0.082472
3 0.343503 0.198796 0.051224 0.069185
3 0.393010 0.194074 0.057990 0.071759
1 0.321753 0.318440 0.034797 0.068731
4 0.289633 0.168542 0.047359 0.068324
3 0.435651 0.966954 0.070042 0.066093
3 0.536135 0.659949 0.071521 0.115120
3 0.812695 0.930296 0.084057 0.086852
1 0.293060 0.952648 0.076099 0.094704
4 0.342112 0.680389 0.062828 0.101389
0 0.249094 0.453713 0.044865 0.087500
3 0.271281 0.566866 0.053146 0.103787
1 0.378169 0.529954 0.048141 0.083907
1 0.430497 0.562671 0.052859 0.073231
1 0.464852 0.494028 0.051755 0.100574
2 0.455167 0.377639 0.056396 0.088093
2 0.249208 0.652606 0.053354 0.096250
2 0.220896 0.504921 0.047760 0.077269
2 0.304784 0.454630 0.042339 0.089074
2 0.344846 0.491954 0.048891 0.080704
3 0.312242 0.537009 0.050516 0.094593
3 0.368888 0.617889 0.047932 0.091741
3 0.400260 0.397699 0.056219 0.088824
