0 0.504617 0.210027 0.064391 0.114457
0 0.413492 0.170571 0.063859 0.098261
0 0.445703 0.241114 0.059062 0.115978
0 0.479836 0.327704 0.066328 0.116984
0 0.604898 0.557351 0.055828 0.109755
0 0.613320 0.675870 0.061016 0.123587
0 0.382914 0.680163 0.071828 0.089674
0 0.379148 0.482921 0.065109 0.116060
0 0.290664 0.236019 0.056172 0.121712
2 0.461438 0.643614 0.059938 0.113587
2 0.558555 0.721943 0.061016 0.097418
2 0.494727 0.740272 0.051016 0.107446
2 0.427812 0.749891 0.054375 0.093424
2 0.332945 0.599688 0.055047 0.126060
2 0.512297 0.416766 0.053063 0.106250
2 0.359156 0.376590 0.049969 0.103071
4 0.243109 0.322038 0.060813 0.120326
4 0.206289 0.502160 0.068891 0.121766
4 0.335078 0.867799 0.049844 0.116576
4 0.396367 0.585435 0.066328 0.095435
4 0.322289 0.463139 0.050109 0.119918
4 0.417344 0.378573 0.062812 0.109375
1 0.350133 0.212188 0.058516 0.103016
1 0.539492 0.311264 0.051859 0.107473
1 0.582453 0.414293 0.058844 0.093696
1 0.555539 0.508886 0.044047 0.096359
1 0.557508 0.619062 0.055172 0.098832
1 0.258828 0.821264 0.047500 0.081929
1 0.284156 0.686073 0.062219 0.100951
1 0.277773 0.559321 0.057109 0.110978
3 0.303547 0.352962 0.060937 0.115272
3 0.263609 0.441658 0.062938 0.120543
3 0.226523 0.617595 0.068109 0.116603
3 0.219914 0.732663 0.071266 0.109620
3 0.330500 0.752242 0.071969 0.104755
3 0.397523 0.859592 0.063703 0.120109
3 0.474289 0.847120 0.071516 0.093207
3 0.511125 0.568397 0.047875 0.121630
3 0.455781 0.540204 0.066875 0.088614
3 0.455352 0.450380 0.067172 0.085435
3 0.385867 0.285245 0.069109 0.085054
