4 0.562164 0.349687 0.082922 0.119484
0 0.346836 0.331114 0.088828 0.132174
0 0.315758 0.466549 0.079703 0.142391
0 0.363578 0.581970 0.087906 0.146168
0 0.416203 0.816467 0.078781 0.139022
0 0.731477 0.593152 0.074234 0.159348
0 0.641977 0.818723 0.080672 0.160761
0 0.574539 0.756617 0.077516 0.154158
0 0.511781 0.990611 0.087625 0.018777
0 0.423945 0.993967 0.084266 0.012065
3 0.486344 0.156916 0.084844 0.123288
3 0.414344 0.241698 0.086094 0.131658
3 0.473586 0.428166 0.072984 0.142255
3 0.447195 0.553587 0.074578 0.140380
3 0.614359 0.267133 0.078906 0.133234
3 0.658734 0.357269 0.081250 0.137962
3 0.723102 0.443505 0.081609 0.132446
3 0.513469 0.680666 0.088969 0.136223
3 0.497703 0.820652 0.080500 0.148043
3 0.350383 0.869674 0.082734 0.148098
3 0.349578 0.968193 0.086563 0.063614
4 0.592883 0.621359 0.074141 0.142989
4 0.666742 0.677432 0.083328 0.154049
4 0.693789 0.932337 0.091797 0.135326
4 0.344734 0.721454 0.086594 0.150136
4 0.544547 0.431114 0.085125 0.140163
2 0.580758 0.079375 0.086297 0.124076
2 0.560445 0.212649 0.078047 0.141277
2 0.396563 0.439076 0.085938 0.142446
2 0.455094 0.937459 0.087438 0.125082
2 0.597898 0.973370 0.083328 0.053261
2 0.256477 0.724280 0.090953 0.157799
1 0.239133 0.578383 0.093141 0.129049
1 0.264031 0.880829 0.094063 0.168234
1 0.560766 0.901399 0.076563 0.154973
1 0.493602 0.286427 0.079984 0.129266
1 0.643211 0.188519 0.077703 0.135190
1 0.666922 0.529416 0.066688 0.155299
1 0.603508 0.485965 0.074359 0.143125
1 0.525234 0.549932 0.078906 0.122092
2 0.425352 0.686644 0.082516 0.135299
