0 0.559922 0.092011 0.063625 0.109511
0 0.459195 0.050190 0.068109 0.094076
0 0.494531 0.123927 0.061719 0.124538
0 0.534836 0.211889 0.070859 0.127799
0 0.681523 0.462201 0.059609 0.116141
0 0.690750 0.591481 0.063281 0.127364
0 0.421187 0.588519 0.080625 0.101712
0 0.421789 0.370136 0.071766 0.121196
0 0.318578 0.105095 0.061375 0.120951
2 0.515422 0.557242 0.070781 0.132255
2 0.629109 0.649226 0.068750 0.128668
2 0.556484 0.662704 0.069875 0.132255
2 0.478320 0.684280 0.071078 0.120462
2 0.369062 0.503886 0.071438 0.134837
2 0.569813 0.314891 0.058719 0.128696
2 0.397328 0.262717 0.056719 0.112935
4 0.266375 0.194117 0.064812 0.127473
4 0.216500 0.389090 0.075000 0.131114
4 0.366055 0.812310 0.062234 0.145870
4 0.440039 0.482405 0.069422 0.095136
4 0.353328 0.342554 0.053594 0.125272
4 0.461023 0.266250 0.073047 0.108696
1 0.385484 0.086332 0.063594 0.104076
1 0.602414 0.224959 0.063141 0.133234
1 0.654469 0.320842 0.070969 0.128315
1 0.625492 0.414171 0.059578 0.115462
1 0.626258 0.532527 0.068953 0.118859
1 0.278625 0.765639 0.080469 0.134266
1 0.309508 0.593234 0.074172 0.132500
1 0.309117 0.459266 0.066047 0.120543
3 0.332719 0.232024 0.066969 0.119755
3 0.285609 0.323560 0.067219 0.125815
3 0.236375 0.517785 0.073875 0.127310
3 0.228266 0.644511 0.077656 0.128696
3 0.360844 0.669742 0.079219 0.121005
3 0.438086 0.795082 0.076078 0.136522
3 0.530125 0.783641 0.082750 0.118750
3 0.568984 0.472432 0.051875 0.127310
3 0.505750 0.440367 0.072969 0.096277
3 0.503438 0.338342 0.072344 0.100978
3 0.427133 0.163913 0.074016 0.083370
