3 0.426852 0.221468 0.055172 0.089083
4 0.540521 0.123602 0.061813 0.086574
3 0.526242 0.195894 0.049297 0.086861
4 0.462182 0.130824 0.057802 0.101815
0 0.209260 0.221889 0.046375 0.090667
0 0.265565 0.257102 0.053161 0.085907
0 0.294346 0.182523 0.055286 0.083787
0 0.358378 0.300569 0.065005 0.083306
1 0.302164 0.356722 0.043745 0.079944
1 0.219404 0.282491 0.041797 0.086130
0 0.257253 0.124440 0.049286 0.058361
0 0.303648 0.115759 0.042526 0.068722
1 0.247008 0.183014 0.043495 0.082472
3 0.337727 0.079963 0.051224 0.069185
3 0.393776 0.056880 0.057990 0.071759
1 0.348729 0.350861 0.045448 0.095148
4 0.285216 0.049833 0.056411 0.075685
4 0.472893 0.430847 0.049245 0.085861
2 0.511513 0.304144 0.044505 0.096509
1 0.391570 0.189056 0.045453 0.099333
3 0.469698 0.337204 0.053979 0.085852
3 0.349430 0.425588 0.059661 0.094269
4 0.342273 0.530213 0.071974 0.112796
1 0.413826 0.375083 0.044505 0.094278
1 0.265224 0.583218 0.073865 0.121213
3 0.598195 0.579315 0.065203 0.097185
3 0.487159 0.513144 0.071516 0.115120
3 0.846846 0.897759 0.084318 0.126259
1 0.227669 0.939120 0.076099 0.121759
4 0.340956 0.520380 0.062828 0.101389
0 0.294083 0.298620 0.044865 0.087500
3 0.640690 0.346106 0.058828 0.110269
1 0.566315 0.499972 0.048141 0.083907
1 0.524609 0.579366 0.055250 0.094769
1 0.556396 0.318514 0.054948 0.101972
2 0.465443 0.233032 0.057625 0.086787
2 0.236885 0.355222 0.053354 0.096259
2 0.332484 0.194231 0.053771 0.085259
2 0.374865 0.160403 0.049146 0.082120
2 0.443753 0.488667 0.059745 0.095704
3 0.382362 0.410199 0.059016 0.099491
3 0.537862 0.397847 0.063307 0.103065
3 0.437029 0.281546 0.056224 0.088833
