3 0.388555 0.384815 0.052443 0.093481
4 0.560859 0.309926 0.063781 0.104444
3 0.438898 0.348366 0.049297 0.086861
4 0.480497 0.315977 0.048318 0.101824
0 0.226273 0.375037 0.046370 0.072185
0 0.280630 0.399463 0.053156 0.085907
0 0.306729 0.331949 0.040594 0.083787
0 0.374625 0.317819 0.058958 0.066602
1 0.325299 0.401440 0.042526 0.073454
1 0.238510 0.427245 0.041792 0.072639
0 0.281536 0.266866 0.058958 0.049787
0 0.334909 0.257051 0.042526 0.068731
1 0.267661 0.320431 0.043490 0.082472
3 0.365445 0.240954 0.051224 0.069185
3 0.413766 0.243958 0.057990 0.071769
1 0.345789 0.333171 0.034797 0.068731
4 0.306909 0.205514 0.047359 0.068324
3 0.437766 0.956472 0.074271 0.087056
3 0.542708 0.684912 0.071521 0.115120
3 0.804000 0.900458 0.083823 0.100546
1 0.304182 0.920787 0.078906 0.112204
4 0.354555 0.698931 0.062828 0.101380
0 0.268016 0.480546 0.044865 0.087500
3 0.285372 0.580125 0.053151 0.103787
1 0.398115 0.552463 0.067271 0.092778
1 0.445388 0.588440 0.058891 0.086120
1 0.476190 0.517644 0.051755 0.100565
2 0.470534 0.421769 0.056401 0.088093
2 0.263297 0.665963 0.053354 0.096259
2 0.236643 0.513755 0.047755 0.077269
2 0.308937 0.477218 0.042333 0.089083
2 0.351326 0.496352 0.048891 0.080704
3 0.325159 0.559565 0.050516 0.094593
3 0.387466 0.638394 0.047932 0.091750
3 0.416951 0.430556 0.056224 0.088833
