0 0.532602 0.188696 0.063609 0.109511
0 0.445125 0.148207 0.068125 0.094076
0 0.474617 0.217432 0.061703 0.124538
0 0.510125 0.291916 0.070844 0.127799
0 0.632023 0.506522 0.059609 0.116141
0 0.642609 0.612160 0.063281 0.127364
0 0.410453 0.617609 0.080625 0.101739
0 0.408195 0.426875 0.071766 0.121196
0 0.325602 0.200448 0.061359 0.120951
2 0.494484 0.574986 0.070781 0.132255
2 0.590437 0.654321 0.068750 0.128696
2 0.531891 0.666698 0.069875 0.132255
2 0.463820 0.683016 0.071078 0.120489
2 0.368141 0.533207 0.071438 0.134837
2 0.544516 0.369647 0.058719 0.128696
2 0.393000 0.320163 0.056719 0.112935
4 0.274750 0.278832 0.064813 0.127446
4 0.236195 0.446236 0.075016 0.131114
4 0.361695 0.802527 0.062234 0.145870
4 0.430320 0.524008 0.069422 0.095136
4 0.356047 0.407880 0.053594 0.125272
4 0.445039 0.336957 0.073047 0.108696
1 0.385891 0.161970 0.063594 0.104103
1 0.568086 0.273003 0.063141 0.133234
1 0.613875 0.366372 0.070969 0.128288
1 0.586820 0.441114 0.059578 0.115435
1 0.591594 0.552432 0.068969 0.118886
1 0.287984 0.759402 0.080469 0.134239
1 0.311703 0.614905 0.074187 0.132473
1 0.316641 0.496223 0.066031 0.120543
3 0.337477 0.308859 0.066953 0.119783
3 0.295125 0.391168 0.067219 0.125815
3 0.254188 0.552296 0.073875 0.127310
3 0.247562 0.662011 0.077656 0.128696
3 0.362641 0.684035 0.079219 0.121005
3 0.426234 0.792351 0.076094 0.136549
3 0.508148 0.778288 0.082734 0.118750
3 0.539312 0.509470 0.051875 0.127310
3 0.486313 0.481970 0.072969 0.096277
3 0.486906 0.404538 0.072344 0.100978
3 0.418078 0.251386 0.074031 0.083370
