0 0.520797 0.235095 0.066906 0.123723
0 0.437102 0.194851 0.068109 0.098832
0 0.466281 0.264035 0.064500 0.122092
0 0.499594 0.341875 0.069625 0.124402
0 0.617047 0.569185 0.058219 0.116141
0 0.620852 0.685611 0.065297 0.127364
0 0.402500 0.686114 0.081187 0.093587
0 0.400047 0.496603 0.071750 0.121196
0 0.317383 0.251182 0.064141 0.130408
2 0.477977 0.655978 0.072016 0.133370
2 0.566641 0.735707 0.068750 0.118043
2 0.511328 0.741929 0.066406 0.132228
2 0.451852 0.762269 0.064203 0.120571
2 0.354312 0.604932 0.071438 0.134864
2 0.532633 0.437826 0.059391 0.128696
2 0.380289 0.388601 0.060141 0.114103
4 0.268445 0.335965 0.060672 0.127473
4 0.234516 0.506141 0.075000 0.128804
4 0.356422 0.868179 0.064281 0.131141
4 0.418992 0.595938 0.067453 0.104701
4 0.347891 0.474918 0.053594 0.125272
4 0.440172 0.392717 0.064906 0.122935
1 0.371453 0.218723 0.063594 0.104076
1 0.557438 0.329878 0.063156 0.132147
1 0.597695 0.427283 0.070953 0.128315
1 0.572680 0.532147 0.059578 0.115435
1 0.571445 0.632486 0.065516 0.108016
1 0.280375 0.822514 0.080469 0.134266
1 0.310484 0.690802 0.074187 0.132473
1 0.309703 0.566576 0.066031 0.120543
3 0.330453 0.362432 0.066969 0.119755
3 0.289695 0.450027 0.067203 0.125815
3 0.254063 0.621807 0.073875 0.127310
3 0.248289 0.729212 0.075672 0.128696
3 0.354406 0.758967 0.075813 0.122283
3 0.414156 0.862228 0.078156 0.133696
3 0.493453 0.847989 0.078750 0.110380
3 0.528891 0.575272 0.051875 0.127337
3 0.476195 0.552065 0.068203 0.102174
3 0.472172 0.464823 0.072344 0.100951
3 0.408781 0.302215 0.074031 0.083397
