0 0.527813 0.152717 0.066000 0.109511
0 0.433766 0.116399 0.068125 0.095462
0 0.466266 0.186128 0.057937 0.124538
0 0.501898 0.266168 0.070859 0.127826
0 0.635875 0.490476 0.058656 0.119266
0 0.646047 0.613505 0.063281 0.129728
0 0.404398 0.621359 0.078328 0.095815
0 0.399828 0.418750 0.067750 0.121196
0 0.307875 0.180068 0.061375 0.124810
2 0.485852 0.589334 0.075078 0.120299
2 0.589313 0.663261 0.068750 0.110761
2 0.525172 0.677459 0.057344 0.118125
2 0.454313 0.703601 0.070937 0.122310
2 0.353406 0.542894 0.062562 0.127473
2 0.537414 0.356481 0.055922 0.115136
2 0.379836 0.309063 0.052297 0.101495
4 0.255039 0.268546 0.065484 0.127473
4 0.217180 0.442418 0.073609 0.120707
4 0.352422 0.818016 0.057000 0.128696
4 0.420227 0.524484 0.069422 0.100489
4 0.339242 0.398505 0.053609 0.121359
4 0.438164 0.316902 0.067859 0.113370
1 0.369953 0.162948 0.063594 0.104103
1 0.566672 0.255245 0.055656 0.105978
1 0.609875 0.350448 0.063250 0.101766
1 0.583617 0.434484 0.055109 0.092011
1 0.589000 0.557174 0.066625 0.102663
1 0.274281 0.770503 0.059281 0.095842
1 0.301031 0.632840 0.073219 0.108668
1 0.299500 0.489755 0.056406 0.114837
3 0.320297 0.298166 0.066969 0.120516
3 0.278414 0.382554 0.065141 0.127011
3 0.238438 0.554443 0.072125 0.119375
3 0.232813 0.677813 0.077656 0.122201
3 0.349672 0.695734 0.079219 0.117337
3 0.420180 0.806630 0.073766 0.130978
3 0.502656 0.789620 0.076719 0.104891
3 0.536109 0.511250 0.051875 0.130815
3 0.479359 0.484959 0.072969 0.088125
3 0.478125 0.394334 0.072344 0.090136
3 0.405867 0.225041 0.074266 0.083397
