3 0.345104 0.343639 0.044781 0.079778
4 0.541771 0.253852 0.061812 0.086574
3 0.410435 0.302671 0.049297 0.086861
4 0.458997 0.272708 0.048318 0.101824
0 0.187828 0.330815 0.046375 0.072185
0 0.242786 0.358315 0.053156 0.085907
0 0.270898 0.284713 0.040589 0.083796
0 0.343263 0.261347 0.058953 0.066602
1 0.283784 0.442481 0.042526 0.073463
1 0.194312 0.388190 0.041792 0.072639
0 0.239771 0.224468 0.058958 0.058361
0 0.293891 0.238255 0.042521 0.068731
1 0.225391 0.289653 0.043490 0.082472
3 0.329414 0.184481 0.051224 0.069185
3 0.383615 0.179764 0.057990 0.071769
1 0.291560 0.382852 0.034797 0.068722
4 0.277219 0.160787 0.047354 0.068333
3 0.435349 0.968454 0.069437 0.063093
3 0.526070 0.658162 0.071516 0.115120
3 0.813935 0.934560 0.084089 0.084898
1 0.276091 0.954690 0.076099 0.090620
4 0.323190 0.672514 0.062828 0.101380
0 0.230979 0.437611 0.044865 0.087500
3 0.259203 0.570440 0.053146 0.103787
1 0.370122 0.524588 0.048141 0.083898
1 0.412383 0.555514 0.052859 0.073231
1 0.461831 0.481500 0.051755 0.100574
2 0.442083 0.379426 0.056396 0.088093
2 0.231896 0.644019 0.053354 0.096259
2 0.204388 0.494898 0.047755 0.077278
2 0.312836 0.461782 0.042339 0.089083
2 0.336797 0.488972 0.048885 0.080704
3 0.299495 0.523889 0.050510 0.094593
3 0.350771 0.601782 0.047937 0.091750
3 0.387177 0.401278 0.056219 0.088833
