3 0.370052 0.243130 0.053208 0.084074
4 0.542557 0.194815 0.063781 0.104444
3 0.425125 0.205153 0.058948 0.097583
4 0.467654 0.197194 0.043495 0.082481
0 0.192695 0.209213 0.046370 0.072185
0 0.258891 0.255611 0.053156 0.085907
0 0.287406 0.201690 0.040594 0.083787
0 0.360375 0.164745 0.058958 0.075213
1 0.301898 0.275370 0.042526 0.067019
1 0.207182 0.267639 0.040594 0.096222
0 0.258891 0.139653 0.058958 0.049787
0 0.305768 0.138773 0.042526 0.068731
1 0.241495 0.176574 0.043490 0.082481
3 0.349742 0.115778 0.051224 0.056296
3 0.399516 0.113204 0.057990 0.071759
1 0.318331 0.216097 0.034797 0.068731
4 0.287888 0.078838 0.047359 0.068324
3 0.441695 0.937000 0.082130 0.126000
3 0.514333 0.542329 0.071521 0.115120
3 0.787852 0.845037 0.083401 0.125981
1 0.270440 0.798759 0.083120 0.132296
4 0.322385 0.545120 0.067656 0.109963
0 0.242651 0.323815 0.044865 0.087500
3 0.258195 0.428380 0.053151 0.103796
1 0.365995 0.403847 0.067271 0.092787
1 0.410352 0.448861 0.066109 0.098963
1 0.458576 0.397069 0.063786 0.111343
2 0.450336 0.292102 0.062443 0.085926
2 0.234112 0.501597 0.053359 0.096250
2 0.217687 0.353537 0.056187 0.105204
2 0.284253 0.335106 0.042339 0.089083
2 0.331362 0.351023 0.048891 0.080694
3 0.297393 0.403722 0.063786 0.101037
3 0.361406 0.473528 0.060031 0.104630
3 0.394828 0.300366 0.067094 0.088824
