0 0.641102 0.175965 0.062859 0.137962
0 0.551289 0.123302 0.068109 0.099973
0 0.583187 0.196671 0.064500 0.122092
0 0.614492 0.282826 0.066828 0.117174
0 0.736227 0.533723 0.059609 0.116141
0 0.744797 0.652351 0.063281 0.127364
0 0.513289 0.636467 0.081203 0.093587
0 0.512867 0.438696 0.071766 0.121196
0 0.425992 0.183098 0.064141 0.130380
2 0.591172 0.611617 0.070031 0.132255
2 0.690625 0.692378 0.068750 0.128668
2 0.630578 0.706440 0.069875 0.132283
2 0.561914 0.710285 0.071078 0.120462
2 0.468500 0.539918 0.071437 0.134837
2 0.648992 0.381087 0.059391 0.128696
2 0.495484 0.330082 0.056719 0.112935
4 0.377156 0.269783 0.064813 0.127446
4 0.337688 0.435231 0.075000 0.128777
4 0.463469 0.830951 0.064281 0.131141
4 0.531141 0.530910 0.067437 0.104701
4 0.457320 0.407541 0.053609 0.125299
4 0.550297 0.334796 0.064906 0.122908
1 0.485406 0.135978 0.063594 0.104076
1 0.675703 0.248329 0.063156 0.132147
1 0.715461 0.364633 0.070953 0.128288
1 0.691633 0.470924 0.059578 0.115435
1 0.691758 0.583777 0.067641 0.105815
1 0.384812 0.760258 0.080469 0.134266
1 0.417727 0.630503 0.074172 0.132473
1 0.415727 0.503533 0.066047 0.120543
3 0.440109 0.304117 0.066969 0.119755
3 0.397078 0.388560 0.067219 0.125815
3 0.357367 0.561508 0.073859 0.127310
3 0.351969 0.677609 0.077656 0.128696
3 0.466891 0.714674 0.079219 0.121033
3 0.523945 0.819674 0.076078 0.133696
3 0.606266 0.813179 0.084125 0.118750
3 0.643750 0.536264 0.051875 0.127310
3 0.590047 0.500652 0.072969 0.096304
3 0.591125 0.408084 0.072344 0.100951
3 0.522969 0.239552 0.074031 0.083397
