0 0.494359 0.240041 0.059719 0.106603
0 0.408047 0.204620 0.059844 0.092391
0 0.438562 0.272554 0.058125 0.111957
0 0.471063 0.352310 0.062188 0.113859
0 0.589219 0.570761 0.050000 0.102935
0 0.595461 0.681087 0.056891 0.114946
0 0.376945 0.686522 0.068609 0.082337
0 0.375234 0.498370 0.062656 0.109239
0 0.291016 0.266033 0.054844 0.114674
2 0.452789 0.650435 0.061578 0.105217
2 0.543484 0.724185 0.059844 0.096196
2 0.485609 0.737609 0.051562 0.092174
2 0.421016 0.757853 0.056719 0.101576
2 0.332562 0.609239 0.052062 0.116848
2 0.502078 0.437337 0.053531 0.106848
2 0.355984 0.398533 0.048594 0.098152
4 0.244516 0.346033 0.058469 0.110543
4 0.210703 0.517133 0.066406 0.112527
4 0.331641 0.866957 0.049844 0.116576
4 0.391539 0.598872 0.062203 0.090734
4 0.320688 0.479728 0.047063 0.112174
4 0.412172 0.400109 0.060281 0.105109
1 0.346562 0.238207 0.054688 0.098587
1 0.528578 0.336413 0.053156 0.105978
1 0.570164 0.433709 0.059797 0.083342
1 0.542758 0.518139 0.046859 0.086603
1 0.543906 0.624185 0.059375 0.095652
1 0.261641 0.822228 0.057906 0.088370
1 0.285078 0.689524 0.057969 0.094810
1 0.277609 0.564851 0.054156 0.110190
3 0.305859 0.376467 0.059531 0.112446
3 0.264344 0.459783 0.059375 0.108696
3 0.229594 0.626223 0.063250 0.111685
3 0.223828 0.734878 0.066094 0.103505
3 0.328187 0.755408 0.068562 0.104348
3 0.390445 0.857174 0.062172 0.113315
3 0.464820 0.844674 0.068734 0.093207
3 0.498570 0.579334 0.045922 0.113016
3 0.447258 0.554348 0.062328 0.083696
3 0.447328 0.470353 0.063156 0.081576
3 0.381461 0.314022 0.066141 0.080761
