3 0.331128 0.722056 0.086016 0.137463
3 0.428734 0.310069 0.071521 0.115120
3 0.763781 0.776870 0.083115 0.142611
1 0.132396 0.546255 0.083115 0.132306
4 0.202536 0.275361 0.067656 0.109963
0 0.126659 0.037731 0.060307 0.075463
3 0.138589 0.145310 0.057990 0.117528
1 0.271521 0.130222 0.067271 0.092778
1 0.316602 0.191130 0.066109 0.098963
1 0.372695 0.130500 0.063786 0.111333
2 0.364677 0.031347 0.061708 0.060176
2 0.104576 0.224949 0.076547 0.113398
2 0.085276 0.063157 0.056187 0.105204
2 0.168760 0.055056 0.056833 0.082185
2 0.228435 0.064944 0.061464 0.099593
3 0.190758 0.123227 0.063786 0.101028
3 0.250065 0.211343 0.069224 0.119704
3 0.305299 0.038796 0.062005 0.071648
