0 0.538297 0.243370 0.063875 0.123696
0 0.450352 0.207568 0.068109 0.098832
0 0.482766 0.277052 0.064500 0.122092
0 0.514375 0.359905 0.069625 0.124375
0 0.632234 0.581590 0.058219 0.116114
0 0.639953 0.696101 0.065313 0.127364
0 0.417625 0.692908 0.081187 0.093587
0 0.416188 0.502500 0.071750 0.121196
0 0.332883 0.263478 0.064141 0.130380
2 0.492664 0.659769 0.072016 0.133397
2 0.589016 0.744701 0.068750 0.118043
2 0.530328 0.747812 0.069875 0.132255
2 0.466977 0.766698 0.064203 0.120571
2 0.377937 0.609660 0.071438 0.134864
2 0.549539 0.446087 0.059391 0.128696
2 0.401711 0.396277 0.060141 0.114130
4 0.283234 0.345421 0.060656 0.127473
4 0.247094 0.515774 0.075000 0.128777
4 0.376469 0.881467 0.064281 0.131141
4 0.434625 0.601535 0.067438 0.104701
4 0.360469 0.482880 0.053594 0.125272
4 0.455297 0.400992 0.064906 0.122908
1 0.392797 0.226997 0.063594 0.104103
1 0.576531 0.340693 0.063156 0.132147
1 0.611859 0.434226 0.070969 0.128288
1 0.584383 0.533913 0.059578 0.115435
1 0.587977 0.632473 0.065516 0.107989
1 0.309203 0.834728 0.080469 0.134239
1 0.327336 0.697880 0.074172 0.132500
1 0.320578 0.572989 0.066031 0.120543
3 0.342063 0.382133 0.066969 0.119755
3 0.302602 0.459946 0.067203 0.125815
3 0.265102 0.627717 0.073859 0.127337
3 0.260688 0.737582 0.075687 0.128696
3 0.369016 0.767269 0.079219 0.121005
3 0.429281 0.868424 0.078156 0.133696
3 0.507563 0.857459 0.078750 0.110353
3 0.544187 0.590041 0.051875 0.127310
3 0.490125 0.563587 0.068219 0.102174
3 0.488484 0.475177 0.072344 0.100951
3 0.425258 0.312255 0.074016 0.083370
