0 0.523898 0.165285 0.063609 0.109538
0 0.430992 0.123247 0.068109 0.095462
0 0.463031 0.194633 0.061719 0.124538
0 0.494734 0.273356 0.070844 0.127799
0 0.636383 0.496087 0.059609 0.116141
0 0.652688 0.625747 0.063281 0.127364
0 0.402266 0.639158 0.078594 0.095815
0 0.396000 0.432772 0.067750 0.121196
0 0.301586 0.191386 0.061359 0.120924
2 0.485516 0.602052 0.070781 0.132255
2 0.595250 0.688437 0.068750 0.128668
2 0.525531 0.692133 0.059625 0.118125
2 0.450398 0.718234 0.071078 0.120489
2 0.351234 0.552908 0.062562 0.134837
2 0.535344 0.363410 0.058719 0.112038
2 0.373109 0.320870 0.052656 0.103533
4 0.248703 0.280014 0.064812 0.127473
4 0.205156 0.461209 0.075000 0.131114
4 0.351414 0.851332 0.058922 0.133967
4 0.414422 0.533003 0.069437 0.095136
4 0.336336 0.407568 0.053609 0.125299
4 0.437094 0.330082 0.068281 0.108696
1 0.367812 0.172622 0.063594 0.104103
1 0.562281 0.256413 0.055656 0.105978
1 0.608125 0.354755 0.064187 0.098641
1 0.586141 0.446929 0.054188 0.100000
1 0.578031 0.562731 0.068969 0.111277
1 0.269719 0.813043 0.080469 0.134239
1 0.292398 0.652785 0.074172 0.121766
1 0.288602 0.513016 0.059172 0.120543
3 0.314813 0.307283 0.066969 0.119783
3 0.270977 0.389755 0.065141 0.125815
3 0.228906 0.578057 0.073875 0.127310
3 0.219422 0.700054 0.077656 0.128696
3 0.344984 0.718220 0.079219 0.121005
3 0.420547 0.836861 0.074094 0.136549
3 0.505883 0.815543 0.082734 0.118750
3 0.539750 0.518546 0.051875 0.127310
3 0.478562 0.488587 0.072969 0.088098
3 0.474594 0.391957 0.072344 0.086793
3 0.401305 0.237187 0.074016 0.083397
