3 0.424063 0.204972 0.057031 0.089074
4 0.542510 0.134204 0.061813 0.086574
3 0.480581 0.227319 0.049297 0.086861
4 0.463930 0.130824 0.054307 0.101815
0 0.208313 0.214139 0.046375 0.090667
0 0.262724 0.249694 0.053156 0.085907
0 0.292786 0.176977 0.055281 0.083787
0 0.344724 0.276162 0.065000 0.083306
1 0.289477 0.353356 0.043745 0.079935
1 0.219404 0.271745 0.041797 0.086120
0 0.256305 0.115347 0.049286 0.058361
0 0.303648 0.113681 0.042526 0.068731
1 0.245448 0.171926 0.043490 0.082481
3 0.338346 0.073338 0.051224 0.069194
3 0.394016 0.053514 0.057990 0.071769
1 0.333260 0.307162 0.045448 0.095139
4 0.285216 0.045417 0.056411 0.075685
4 0.425661 0.411278 0.049240 0.085852
2 0.507849 0.292977 0.044510 0.099009
1 0.391570 0.181199 0.045453 0.099324
3 0.461174 0.330468 0.053974 0.085861
3 0.337120 0.442426 0.059656 0.094278
4 0.337594 0.539222 0.071969 0.112796
1 0.386362 0.373398 0.044505 0.094278
3 0.591565 0.592412 0.065203 0.097194
3 0.481635 0.523940 0.071521 0.115120
3 0.844805 0.910454 0.084318 0.122630
1 0.227669 0.939120 0.076099 0.121759
4 0.340956 0.520380 0.062828 0.101389
0 0.280224 0.303444 0.044865 0.087500
3 0.638482 0.347417 0.054411 0.110259
1 0.560789 0.499972 0.048141 0.083907
1 0.523563 0.578745 0.055250 0.094769
1 0.554094 0.307708 0.057344 0.105250
2 0.465443 0.242199 0.057625 0.086787
2 0.222138 0.379130 0.053359 0.096259
2 0.329565 0.184333 0.055359 0.088074
2 0.370885 0.152861 0.050760 0.084907
2 0.443753 0.488667 0.059745 0.095704
3 0.365422 0.413690 0.059010 0.099491
3 0.529760 0.399153 0.063313 0.103065
3 0.420826 0.280236 0.056224 0.088824
