0 0.527703 0.200394 0.063625 0.109538
0 0.443156 0.165136 0.068125 0.094076
0 0.471828 0.227459 0.061719 0.124538
0 0.507117 0.304511 0.070016 0.123478
0 0.627602 0.508397 0.059609 0.116141
0 0.635188 0.621617 0.063281 0.127364
0 0.412750 0.620856 0.080625 0.101712
0 0.408672 0.439728 0.071750 0.121196
0 0.328164 0.216332 0.061359 0.120924
2 0.490000 0.583247 0.070781 0.132255
2 0.583781 0.660937 0.068750 0.128668
2 0.528906 0.668845 0.069875 0.132255
2 0.462242 0.684239 0.071078 0.120489
2 0.366898 0.542065 0.071422 0.134837
2 0.539148 0.384620 0.058703 0.128696
2 0.390719 0.329891 0.056719 0.112935
4 0.279484 0.295367 0.064813 0.127473
4 0.240750 0.457514 0.075000 0.131114
4 0.360727 0.805761 0.062234 0.145870
4 0.428703 0.532378 0.069437 0.095136
4 0.355281 0.419538 0.053594 0.125272
4 0.445383 0.341440 0.073047 0.108696
1 0.386766 0.179117 0.063594 0.104103
1 0.566500 0.275761 0.063156 0.133261
1 0.606898 0.378505 0.070953 0.128315
1 0.581117 0.447745 0.059578 0.115435
1 0.585250 0.560707 0.068969 0.118859
1 0.289375 0.759905 0.080469 0.134266
1 0.311836 0.622636 0.074172 0.132500
1 0.313227 0.505571 0.066047 0.120543
3 0.337273 0.323628 0.066953 0.119755
3 0.295125 0.401984 0.067219 0.125815
3 0.257453 0.559144 0.073875 0.127310
3 0.251172 0.667310 0.077656 0.128696
3 0.361094 0.688302 0.079219 0.121005
3 0.424078 0.793546 0.076094 0.136549
3 0.504711 0.778560 0.082734 0.118750
3 0.536187 0.518832 0.051875 0.127337
3 0.481625 0.491590 0.072969 0.096277
3 0.483953 0.411440 0.072344 0.100978
3 0.416188 0.262514 0.074031 0.083397
