0 0.555844 0.090815 0.063625 0.109511
0 0.457500 0.052147 0.068125 0.094076
0 0.492156 0.125693 0.061719 0.124538
0 0.532625 0.213668 0.070844 0.127826
0 0.675742 0.465149 0.059609 0.116114
0 0.686328 0.590883 0.063281 0.127364
0 0.420062 0.590095 0.080625 0.101712
0 0.420023 0.372962 0.071766 0.121196
0 0.318445 0.108641 0.061359 0.120924
2 0.513969 0.558818 0.070781 0.132255
2 0.627406 0.649823 0.068750 0.128668
2 0.555125 0.662704 0.069875 0.132255
2 0.477602 0.684117 0.071078 0.120462
2 0.368563 0.503764 0.071438 0.134864
2 0.568453 0.314484 0.058719 0.128696
2 0.397156 0.262717 0.056719 0.112935
4 0.264672 0.195312 0.064812 0.127473
4 0.215352 0.389090 0.075016 0.131114
4 0.363000 0.812880 0.062250 0.145870
4 0.436984 0.481209 0.069437 0.095136
4 0.351969 0.346087 0.053594 0.125272
4 0.460055 0.266250 0.073047 0.108696
1 0.385297 0.087432 0.063594 0.104103
1 0.601711 0.224796 0.063141 0.133234
1 0.654188 0.320476 0.070969 0.128288
1 0.624305 0.414171 0.059578 0.115462
1 0.624672 0.532717 0.068969 0.118859
1 0.279156 0.765095 0.080469 0.134266
1 0.309344 0.593791 0.074187 0.132473
1 0.308398 0.458940 0.066047 0.120543
3 0.332172 0.233437 0.066969 0.119755
3 0.285742 0.326630 0.067203 0.125815
3 0.231625 0.517785 0.073875 0.127310
3 0.228813 0.644973 0.077656 0.128696
3 0.357453 0.668560 0.079219 0.121033
3 0.436500 0.796264 0.076094 0.136549
3 0.528352 0.783641 0.082734 0.118750
3 0.567625 0.472432 0.051875 0.127310
3 0.504672 0.440367 0.072969 0.096277
3 0.501859 0.337554 0.072344 0.100978
3 0.426312 0.165095 0.074031 0.083397
