0 0.505734 0.150353 0.063625 0.109511
0 0.403352 0.113383 0.068109 0.095462
0 0.439391 0.184062 0.061719 0.124538
0 0.477828 0.276467 0.070844 0.127826
0 0.622734 0.515978 0.059625 0.116141
0 0.631453 0.650584 0.063281 0.127364
0 0.362906 0.650584 0.078594 0.095788
0 0.360820 0.432473 0.067734 0.121196
0 0.263156 0.170734 0.061375 0.120924
2 0.458672 0.616345 0.070781 0.132255
2 0.568625 0.712473 0.068750 0.128696
2 0.495859 0.717052 0.059625 0.118125
2 0.420211 0.742188 0.071078 0.120462
2 0.308437 0.564429 0.071438 0.134837
2 0.515492 0.365693 0.058703 0.112038
2 0.341219 0.311780 0.054688 0.108234
4 0.208602 0.267174 0.064828 0.127446
4 0.159180 0.460014 0.075016 0.131114
4 0.304680 0.877065 0.058922 0.133967
4 0.381922 0.544144 0.069437 0.095136
4 0.297422 0.409348 0.053594 0.125272
4 0.404812 0.323587 0.068281 0.108696
1 0.336297 0.156712 0.063594 0.104076
1 0.543109 0.252446 0.055656 0.105978
1 0.593969 0.368587 0.064187 0.098641
1 0.564375 0.453098 0.054188 0.100000
1 0.563875 0.594008 0.068969 0.118886
1 0.220422 0.830707 0.080469 0.134239
1 0.250055 0.659769 0.074172 0.121766
1 0.247008 0.521766 0.059172 0.120543
3 0.275961 0.297038 0.066953 0.119783
3 0.227914 0.391630 0.065141 0.125815
3 0.178023 0.584837 0.073859 0.127337
3 0.168969 0.712174 0.077656 0.128696
3 0.300187 0.734769 0.079219 0.121005
3 0.378859 0.866603 0.074094 0.136522
3 0.472352 0.842745 0.082734 0.118750
3 0.513594 0.529171 0.051875 0.127310
3 0.450016 0.491739 0.072969 0.088098
3 0.451109 0.399810 0.072344 0.086793
3 0.370039 0.223601 0.074016 0.083397
