0 0.532359 0.129851 0.062875 0.137962
0 0.435063 0.083682 0.068125 0.091712
0 0.469047 0.158791 0.061719 0.124538
0 0.503023 0.250910 0.066828 0.117201
0 0.632922 0.499429 0.059625 0.116141
0 0.638078 0.622799 0.063281 0.127337
0 0.399438 0.625177 0.080625 0.101712
0 0.395281 0.412690 0.071750 0.121196
0 0.302945 0.144103 0.061359 0.130380
2 0.484469 0.579715 0.070031 0.132255
2 0.584594 0.668736 0.068750 0.128668
2 0.520469 0.674524 0.069875 0.132255
2 0.452492 0.697296 0.071078 0.120462
2 0.357047 0.526902 0.071438 0.134837
2 0.541602 0.346793 0.059391 0.128696
2 0.380625 0.293438 0.056719 0.112962
4 0.250734 0.230774 0.064813 0.127473
4 0.212633 0.426957 0.075016 0.128804
4 0.349961 0.814973 0.062234 0.131141
4 0.416953 0.520285 0.067437 0.104701
4 0.337016 0.382731 0.053594 0.125299
4 0.437430 0.306440 0.073047 0.108696
1 0.372578 0.100516 0.063594 0.104076
1 0.571719 0.230611 0.063156 0.132147
1 0.614867 0.324457 0.070953 0.128315
1 0.585602 0.441359 0.059578 0.115435
1 0.582297 0.554796 0.068969 0.118886
1 0.272672 0.755516 0.080469 0.134239
1 0.298109 0.613954 0.074187 0.132473
1 0.295430 0.481087 0.066047 0.120543
3 0.318445 0.262758 0.066953 0.119755
3 0.273383 0.359022 0.067203 0.125815
3 0.233656 0.547337 0.073875 0.127337
3 0.226234 0.670516 0.077656 0.128696
3 0.346578 0.689837 0.079219 0.121033
3 0.408414 0.812568 0.076078 0.133723
3 0.497492 0.790707 0.082734 0.118750
3 0.533641 0.504348 0.051875 0.127337
3 0.477203 0.475829 0.072969 0.096277
3 0.474219 0.380897 0.072344 0.100978
3 0.405391 0.195815 0.074031 0.083370
