0 0.529016 0.161386 0.064813 0.109511
0 0.436227 0.125747 0.068109 0.095462
0 0.467648 0.197486 0.059828 0.124538
0 0.503719 0.277554 0.070844 0.127826
0 0.638805 0.498682 0.059141 0.117690
0 0.648953 0.621481 0.063281 0.128125
0 0.406328 0.629470 0.078594 0.095788
0 0.400969 0.426957 0.067750 0.121196
0 0.308812 0.189484 0.061375 0.120924
2 0.489305 0.597337 0.074047 0.127826
2 0.592953 0.674280 0.068750 0.119701
2 0.527977 0.686821 0.058484 0.118098
2 0.457539 0.712745 0.071797 0.120435
2 0.355047 0.551264 0.062562 0.131168
2 0.538773 0.363899 0.057328 0.112038
2 0.380891 0.320788 0.052656 0.103533
4 0.257469 0.276236 0.064813 0.127473
4 0.218062 0.453166 0.074094 0.126712
4 0.354648 0.830231 0.057734 0.131929
4 0.420219 0.532500 0.069438 0.097609
4 0.340391 0.408777 0.053594 0.125272
4 0.440453 0.326467 0.068281 0.108696
1 0.372516 0.170679 0.063594 0.104076
1 0.567992 0.262011 0.055672 0.105978
1 0.611125 0.359851 0.063031 0.098668
1 0.586992 0.438424 0.054203 0.096793
1 0.590375 0.561726 0.068125 0.099375
1 0.275414 0.787908 0.069016 0.113587
1 0.301336 0.634687 0.073828 0.104973
1 0.299484 0.500421 0.057781 0.116549
3 0.321586 0.305217 0.066953 0.118587
3 0.279117 0.391793 0.065141 0.125815
3 0.239078 0.565870 0.072938 0.124130
3 0.232125 0.686780 0.077656 0.125462
3 0.351297 0.704905 0.079219 0.118614
3 0.422563 0.818981 0.074094 0.133777
3 0.505961 0.800829 0.079734 0.111821
3 0.537578 0.518220 0.051875 0.128560
3 0.481031 0.490082 0.072969 0.088098
3 0.480859 0.400897 0.072344 0.087989
3 0.407266 0.235448 0.074031 0.083397
