4 0.563797 0.351101 0.082906 0.119484
0 0.346664 0.332813 0.088828 0.132201
0 0.315680 0.467201 0.079703 0.142391
0 0.363773 0.583573 0.088734 0.147908
0 0.415859 0.819905 0.078781 0.138995
0 0.731477 0.595258 0.074234 0.163560
0 0.642383 0.824035 0.080672 0.160734
0 0.575758 0.761590 0.077516 0.154158
0 0.511891 0.990707 0.087625 0.018587
0 0.424961 0.993723 0.084266 0.012554
3 0.487156 0.156916 0.084844 0.123288
3 0.416375 0.241698 0.086094 0.131658
3 0.473586 0.429226 0.072984 0.142255
3 0.447813 0.554293 0.074594 0.140380
3 0.613953 0.268859 0.078906 0.139674
3 0.661188 0.360122 0.081250 0.137962
3 0.723102 0.449171 0.081609 0.132418
3 0.514148 0.683030 0.089797 0.136223
3 0.497984 0.825380 0.080500 0.148043
3 0.349289 0.872514 0.082734 0.148071
3 0.348766 0.969606 0.086563 0.060788
4 0.594930 0.622785 0.074141 0.143016
4 0.667977 0.680272 0.083328 0.154076
4 0.693789 0.934647 0.091797 0.130707
4 0.344734 0.725720 0.086594 0.150136
4 0.545773 0.432174 0.085109 0.140163
2 0.582383 0.080788 0.086297 0.124076
2 0.564117 0.213356 0.078047 0.141277
2 0.396828 0.440978 0.085938 0.142446
2 0.454508 0.939389 0.087422 0.121223
2 0.597898 0.975856 0.083328 0.048288
2 0.254031 0.724280 0.090938 0.157799
1 0.238727 0.578383 0.093141 0.129049
1 0.263219 0.880829 0.094062 0.168234
1 0.560773 0.906726 0.077797 0.154973
1 0.494719 0.286780 0.081000 0.129266
1 0.645664 0.189932 0.077703 0.135190
1 0.667531 0.534389 0.066688 0.155299
1 0.604320 0.488804 0.074359 0.143152
1 0.525773 0.552296 0.078891 0.122092
2 0.425086 0.689484 0.082516 0.135272
