0 0.514008 0.222690 0.062859 0.123696
0 0.426141 0.177283 0.068125 0.098859
0 0.457109 0.245856 0.064500 0.122092
0 0.488625 0.326372 0.069625 0.124375
0 0.603938 0.560163 0.058219 0.116141
0 0.612937 0.669497 0.063281 0.127364
0 0.389422 0.666617 0.081187 0.093560
0 0.390188 0.475924 0.071750 0.121196
0 0.304336 0.239837 0.064141 0.130380
2 0.471633 0.643573 0.072016 0.133397
2 0.561547 0.721454 0.068750 0.118071
2 0.501266 0.728764 0.069875 0.132255
2 0.441773 0.749253 0.064203 0.120571
2 0.345992 0.593696 0.071422 0.134837
2 0.521383 0.427772 0.059391 0.128696
2 0.371648 0.375272 0.060141 0.114130
4 0.255227 0.322432 0.060672 0.127473
4 0.219422 0.490788 0.075000 0.128804
4 0.344859 0.849266 0.064281 0.131141
4 0.405211 0.580353 0.067453 0.104728
4 0.333953 0.459538 0.053594 0.125272
4 0.426922 0.377636 0.064906 0.122935
1 0.362953 0.219497 0.063594 0.104103
1 0.550297 0.331209 0.063156 0.132147
1 0.592445 0.426984 0.070953 0.128315
1 0.568352 0.512283 0.059578 0.115435
1 0.564695 0.618139 0.065516 0.108016
1 0.269102 0.803098 0.080484 0.134239
1 0.296414 0.670408 0.074172 0.132500
1 0.291461 0.548451 0.066047 0.120543
3 0.316406 0.351399 0.066969 0.119755
3 0.277125 0.436413 0.067219 0.125815
3 0.238086 0.599334 0.073859 0.127310
3 0.233164 0.712473 0.075672 0.128696
3 0.344297 0.738166 0.079219 0.121005
3 0.402438 0.840652 0.078156 0.133696
3 0.478844 0.829973 0.078750 0.110380
3 0.514281 0.564633 0.051875 0.127310
3 0.462594 0.540231 0.068219 0.102201
3 0.464703 0.448872 0.072344 0.100951
3 0.398250 0.286834 0.074031 0.083397
