0 0.521078 0.217011 0.063625 0.109511
0 0.437156 0.182391 0.068125 0.094076
0 0.465062 0.247188 0.061719 0.124538
0 0.497586 0.318777 0.066078 0.103152
0 0.615414 0.515625 0.059609 0.116141
0 0.623812 0.625992 0.063281 0.127364
0 0.407109 0.626182 0.080625 0.101712
0 0.400961 0.447500 0.071766 0.121196
0 0.323531 0.232337 0.061375 0.120924
2 0.484141 0.599062 0.070781 0.132255
2 0.573914 0.675992 0.068734 0.128668
2 0.517727 0.678030 0.069859 0.132255
2 0.452648 0.696644 0.071078 0.120462
2 0.359719 0.553668 0.071438 0.134837
2 0.530484 0.398804 0.058719 0.128696
2 0.385766 0.348777 0.056719 0.112935
4 0.275305 0.311984 0.064828 0.127446
4 0.238203 0.463709 0.075000 0.131114
4 0.358234 0.814049 0.062250 0.145870
4 0.418805 0.546726 0.069422 0.095136
4 0.350695 0.427500 0.053609 0.125272
4 0.441070 0.360136 0.073047 0.108696
1 0.382172 0.196848 0.063594 0.104076
1 0.555836 0.294307 0.063141 0.133234
1 0.594047 0.390639 0.070969 0.128288
1 0.574617 0.462582 0.059578 0.115435
1 0.571914 0.573709 0.068953 0.118886
1 0.289406 0.764361 0.080469 0.134266
1 0.312305 0.628370 0.074172 0.132500
1 0.315453 0.521060 0.066031 0.120543
3 0.335727 0.333342 0.066953 0.119783
3 0.294344 0.408668 0.067219 0.125815
3 0.257445 0.566236 0.073859 0.127310
3 0.250016 0.676413 0.077656 0.128696
3 0.355031 0.690856 0.079219 0.121005
3 0.417703 0.799524 0.076094 0.136549
3 0.499258 0.783016 0.082734 0.118750
3 0.528687 0.523764 0.051875 0.127310
3 0.476625 0.502160 0.072969 0.096277
3 0.475000 0.418220 0.072344 0.100951
3 0.411406 0.279918 0.074031 0.083370
