3 0.381154 0.375130 0.045547 0.081148
4 0.556646 0.289287 0.063781 0.104444
3 0.432378 0.332907 0.049297 0.086870
4 0.476544 0.293139 0.048318 0.101815
0 0.219026 0.357370 0.046375 0.072185
0 0.266440 0.392755 0.053161 0.085917
0 0.297068 0.324074 0.040594 0.083796
0 0.372451 0.304292 0.058953 0.066602
1 0.323034 0.396407 0.042526 0.073463
1 0.224935 0.414671 0.041797 0.072639
0 0.277008 0.262037 0.058953 0.049796
0 0.332076 0.253690 0.042526 0.068731
1 0.256953 0.312699 0.043490 0.082472
3 0.354576 0.227426 0.051224 0.069185
3 0.400724 0.222704 0.057990 0.071759
1 0.330339 0.323699 0.034792 0.068731
4 0.298758 0.199074 0.047359 0.068333
3 0.436406 0.963208 0.071552 0.073583
3 0.541036 0.665588 0.071521 0.115120
3 0.809591 0.919639 0.083974 0.091741
1 0.308563 0.943148 0.076802 0.102148
4 0.350602 0.691903 0.062828 0.101380
0 0.257901 0.470481 0.044865 0.087500
3 0.276313 0.571602 0.053146 0.103796
1 0.393018 0.547431 0.067266 0.092787
1 0.439505 0.577162 0.054365 0.076454
1 0.471896 0.511917 0.051750 0.100574
2 0.463622 0.411278 0.056401 0.088093
2 0.254240 0.657380 0.053354 0.096259
2 0.226518 0.508079 0.047755 0.077269
2 0.303276 0.459102 0.042333 0.089074
2 0.349628 0.494343 0.048891 0.080704
3 0.320628 0.548491 0.050516 0.094593
3 0.381615 0.627991 0.047938 0.091741
3 0.414974 0.423528 0.056219 0.088833
