0 0.529000 0.165870 0.063625 0.109511
0 0.426234 0.122052 0.068125 0.095462
0 0.462250 0.203111 0.061719 0.124538
0 0.501703 0.294049 0.070844 0.127826
0 0.653656 0.554389 0.059625 0.116114
0 0.664578 0.696671 0.063281 0.127364
0 0.385844 0.696685 0.078594 0.095815
0 0.382742 0.462310 0.067734 0.121196
0 0.283398 0.184891 0.061359 0.120924
2 0.482469 0.657486 0.070781 0.132255
2 0.596156 0.757690 0.068750 0.128696
2 0.525844 0.762867 0.066250 0.118125
2 0.444344 0.794212 0.071094 0.120489
2 0.327469 0.595462 0.071438 0.134837
2 0.542719 0.395707 0.058719 0.128696
2 0.361953 0.338940 0.056719 0.112935
4 0.223555 0.276277 0.064828 0.127446
4 0.172875 0.476562 0.075000 0.131114
4 0.321656 0.925190 0.062250 0.145870
4 0.402992 0.581671 0.069422 0.095136
4 0.314922 0.437418 0.053594 0.125272
4 0.428766 0.343668 0.068281 0.108696
1 0.353875 0.155476 0.063594 0.104103
1 0.572219 0.278791 0.059406 0.119592
1 0.620984 0.394783 0.070969 0.128315
1 0.593977 0.493370 0.059578 0.115435
1 0.594031 0.617432 0.068969 0.118886
1 0.236125 0.879049 0.080469 0.134239
1 0.263789 0.702283 0.074172 0.127120
1 0.262945 0.542255 0.059172 0.120543
3 0.294992 0.314171 0.066953 0.119755
3 0.244313 0.411033 0.066187 0.125815
3 0.192547 0.615883 0.073875 0.127310
3 0.183062 0.754429 0.077656 0.128696
3 0.319734 0.782636 0.079219 0.121033
3 0.400930 0.914470 0.076078 0.136549
3 0.497492 0.898288 0.082734 0.118750
3 0.539594 0.564348 0.051875 0.127337
3 0.474156 0.529905 0.072969 0.096277
3 0.474219 0.421671 0.072344 0.100951
3 0.392297 0.242215 0.074031 0.083397
