0 0.536891 0.138927 0.062875 0.137962
0 0.441523 0.086658 0.068109 0.099946
0 0.477656 0.163927 0.061719 0.124538
0 0.512086 0.257609 0.066828 0.117174
0 0.639039 0.510856 0.059609 0.116114
0 0.643516 0.634620 0.063281 0.127337
0 0.402844 0.629959 0.081188 0.093560
0 0.400492 0.420951 0.071766 0.121196
0 0.307398 0.150014 0.064141 0.130408
2 0.486156 0.603940 0.070031 0.132228
2 0.583922 0.692976 0.068750 0.128668
2 0.523422 0.692649 0.069875 0.132255
2 0.451133 0.715027 0.071078 0.120489
2 0.353641 0.544633 0.071438 0.134864
2 0.543305 0.361576 0.059391 0.128696
2 0.381641 0.307038 0.056719 0.112935
4 0.258211 0.241399 0.064828 0.127473
4 0.218750 0.430489 0.075000 0.128804
4 0.352000 0.825027 0.064281 0.131141
4 0.418992 0.531508 0.067453 0.104701
4 0.342914 0.396114 0.053609 0.125272
4 0.442203 0.308777 0.066906 0.122935
1 0.374281 0.126807 0.063594 0.104103
1 0.573063 0.256889 0.063156 0.132147
1 0.616906 0.366413 0.070969 0.128315
1 0.585258 0.464402 0.059578 0.115435
1 0.588445 0.571957 0.067641 0.105815
1 0.274187 0.768533 0.080469 0.134239
1 0.301281 0.634443 0.074187 0.132473
1 0.298492 0.505897 0.066047 0.120543
3 0.325414 0.275448 0.066953 0.119755
3 0.280406 0.370027 0.067219 0.125815
3 0.240008 0.556399 0.073859 0.127310
3 0.233250 0.675625 0.077656 0.128696
3 0.350312 0.705217 0.079219 0.121033
3 0.414867 0.815530 0.076078 0.133723
3 0.501250 0.808451 0.083437 0.118750
3 0.540438 0.515190 0.051875 0.127337
3 0.481625 0.483505 0.072969 0.096304
3 0.483047 0.390938 0.072344 0.100951
3 0.410484 0.207038 0.074031 0.083370
