0 0.509234 0.239823 0.066906 0.123723
0 0.420953 0.200761 0.068125 0.098859
0 0.455070 0.271726 0.064516 0.122092
0 0.486328 0.350149 0.069625 0.124375
0 0.604023 0.577446 0.058234 0.116141
0 0.610898 0.687215 0.065297 0.127364
0 0.387039 0.690258 0.081203 0.093560
0 0.385094 0.495408 0.071750 0.121196
0 0.301445 0.256984 0.064141 0.130380
2 0.472367 0.663356 0.072016 0.133397
2 0.557422 0.738492 0.068750 0.118071
2 0.502469 0.743383 0.069875 0.132255
2 0.436898 0.768764 0.064203 0.120571
2 0.346500 0.608478 0.071438 0.134837
2 0.522914 0.439592 0.059391 0.128696
2 0.371352 0.394307 0.060141 0.114103
4 0.253156 0.337446 0.060656 0.127446
4 0.216031 0.503777 0.075000 0.128804
4 0.342141 0.874674 0.064281 0.131141
4 0.411516 0.600666 0.067437 0.104701
4 0.333953 0.478451 0.053594 0.125272
4 0.426234 0.399511 0.064906 0.122935
1 0.365625 0.224932 0.063594 0.104103
1 0.552000 0.336386 0.063156 0.132120
1 0.588367 0.430245 0.070953 0.128315
1 0.567586 0.533560 0.059578 0.115435
1 0.561078 0.634579 0.065531 0.108016
1 0.281844 0.822310 0.080469 0.134239
1 0.294156 0.696698 0.074187 0.132473
1 0.294977 0.571902 0.066047 0.120543
3 0.313688 0.371508 0.066969 0.119755
3 0.271516 0.454755 0.067219 0.125815
3 0.235031 0.625353 0.073875 0.127337
3 0.230617 0.734348 0.075672 0.128696
3 0.338766 0.763723 0.079219 0.121033
3 0.402945 0.864293 0.078172 0.133696
3 0.479016 0.853315 0.078750 0.110380
3 0.513266 0.582663 0.051875 0.127337
3 0.461922 0.557364 0.068219 0.102174
3 0.461313 0.472215 0.072344 0.100951
3 0.394844 0.308125 0.074031 0.083370
