0 0.533523 0.108750 0.062859 0.137989
0 0.436078 0.055910 0.068125 0.091712
0 0.471766 0.137514 0.061719 0.124538
0 0.503898 0.232337 0.066828 0.117174
0 0.636320 0.482880 0.059609 0.116141
0 0.643188 0.605068 0.063281 0.127364
0 0.402500 0.599171 0.080625 0.101712
0 0.399359 0.390217 0.071750 0.121196
0 0.305664 0.126359 0.061359 0.130380
2 0.483953 0.561970 0.070031 0.132255
2 0.587313 0.647459 0.068750 0.128668
2 0.522516 0.664484 0.069875 0.132283
2 0.455555 0.677201 0.071078 0.120489
2 0.355516 0.510054 0.071438 0.134837
2 0.544156 0.331726 0.059375 0.128668
2 0.380969 0.278071 0.056719 0.112935
4 0.253766 0.222758 0.064813 0.127473
4 0.214672 0.402717 0.075000 0.128804
4 0.349961 0.796658 0.062234 0.131141
4 0.420016 0.499878 0.067437 0.104701
4 0.339391 0.368546 0.053594 0.125299
4 0.439813 0.281033 0.073062 0.108696
1 0.374953 0.080421 0.063594 0.104103
1 0.571031 0.213465 0.063156 0.132147
1 0.616570 0.318546 0.070953 0.128288
1 0.588320 0.418913 0.059578 0.115435
1 0.588078 0.541196 0.068969 0.118859
1 0.274703 0.735435 0.080469 0.134239
1 0.302187 0.599769 0.074187 0.132473
1 0.294414 0.466902 0.066047 0.120543
3 0.320656 0.250639 0.066969 0.119755
3 0.275422 0.339511 0.067219 0.125815
3 0.235359 0.527840 0.073875 0.127310
3 0.228609 0.647473 0.077656 0.128696
3 0.347594 0.672106 0.079219 0.121005
3 0.415203 0.790707 0.076094 0.133696
3 0.498180 0.774158 0.082734 0.118750
3 0.536703 0.488981 0.051875 0.127310
3 0.478234 0.453370 0.072969 0.096304
3 0.478297 0.359620 0.072344 0.100978
3 0.405562 0.179266 0.074031 0.083370
