3 0.385620 0.352491 0.053208 0.094852
4 0.566307 0.289287 0.063781 0.104444
3 0.443844 0.314653 0.058948 0.097583
4 0.483836 0.281583 0.048318 0.101815
0 0.216612 0.329028 0.046370 0.072185
0 0.285057 0.364755 0.053156 0.085917
0 0.313773 0.311551 0.040589 0.083787
0 0.384529 0.290037 0.058953 0.064444
1 0.328773 0.376014 0.042526 0.067009
1 0.236786 0.382481 0.041792 0.064019
0 0.281536 0.247005 0.058958 0.049787
0 0.336362 0.255074 0.042526 0.068722
1 0.268971 0.289833 0.043495 0.082481
3 0.365443 0.215259 0.051229 0.069185
3 0.422865 0.216264 0.057990 0.071769
1 0.353203 0.317810 0.034792 0.068731
4 0.318081 0.182611 0.047359 0.068333
3 0.439581 0.947486 0.077901 0.105028
3 0.543682 0.653773 0.071521 0.115120
3 0.796547 0.874880 0.083625 0.112296
1 0.298341 0.890968 0.081714 0.125602
4 0.346539 0.654625 0.062828 0.101380
0 0.273448 0.438676 0.044865 0.087500
3 0.284768 0.547755 0.053151 0.103787
1 0.399294 0.522856 0.067266 0.092787
1 0.439349 0.559458 0.058885 0.086120
1 0.482333 0.483292 0.051698 0.109157
2 0.478961 0.390662 0.056401 0.088083
2 0.259474 0.619685 0.053354 0.096259
2 0.240018 0.477005 0.047755 0.077269
2 0.305388 0.439778 0.042339 0.089074
2 0.353870 0.453106 0.048885 0.080694
3 0.330164 0.517088 0.063786 0.101028
3 0.389781 0.595931 0.056385 0.100361
3 0.420792 0.403426 0.067094 0.088833
