0 0.519445 0.222690 0.062859 0.123696
0 0.431664 0.180082 0.068109 0.098859
0 0.461531 0.249253 0.064500 0.122092
0 0.493297 0.325041 0.069625 0.124375
0 0.609797 0.557948 0.058219 0.116114
0 0.615656 0.669959 0.063281 0.127364
0 0.397742 0.667201 0.081203 0.093587
0 0.395625 0.475326 0.071750 0.121196
0 0.311805 0.238071 0.064141 0.130380
2 0.476164 0.641209 0.072016 0.133397
2 0.563141 0.719470 0.068750 0.118071
2 0.507391 0.726984 0.069875 0.132283
2 0.444945 0.749253 0.064203 0.120571
2 0.352953 0.588383 0.071438 0.134864
2 0.523945 0.422446 0.059391 0.128696
2 0.375195 0.376182 0.060141 0.114103
4 0.266062 0.318818 0.060656 0.127473
4 0.227250 0.489592 0.075000 0.128804
4 0.351656 0.848668 0.064281 0.131141
4 0.411852 0.579986 0.067453 0.104701
4 0.341437 0.458954 0.053594 0.125299
4 0.434734 0.376168 0.064906 0.122935
1 0.365781 0.216943 0.063594 0.104103
1 0.553703 0.328111 0.063156 0.132147
1 0.594141 0.421957 0.070969 0.128315
1 0.570055 0.512283 0.059578 0.115435
1 0.567227 0.616793 0.065516 0.107989
1 0.273344 0.802215 0.080469 0.134266
1 0.302359 0.669226 0.074187 0.132473
1 0.300070 0.548451 0.066047 0.120543
3 0.322523 0.350829 0.066953 0.119755
3 0.282898 0.435842 0.067203 0.125815
3 0.245219 0.598736 0.073875 0.127310
3 0.240813 0.711291 0.075687 0.128723
3 0.350672 0.737133 0.079219 0.121005
3 0.409062 0.840938 0.078156 0.133723
3 0.486320 0.829076 0.078766 0.110380
3 0.520055 0.564633 0.051891 0.127310
3 0.468711 0.538451 0.068203 0.102174
3 0.469453 0.447677 0.072344 0.100951
3 0.403344 0.288030 0.074031 0.083397
