0 0.315555 0.206861 0.075078 0.116929
0 0.294406 0.319321 0.071531 0.131739
0 0.338250 0.418736 0.077844 0.134864
0 0.391719 0.601005 0.072719 0.115978
0 0.652313 0.394837 0.065406 0.136793
0 0.583914 0.587894 0.071859 0.140190
0 0.525078 0.546087 0.066688 0.124565
0 0.476234 0.816182 0.080219 0.148397
0 0.400992 0.839090 0.076766 0.139158
3 0.434125 0.048736 0.077094 0.094049
3 0.372891 0.123166 0.077125 0.120353
3 0.428141 0.271236 0.062781 0.129158
3 0.409594 0.383274 0.068813 0.122527
3 0.543586 0.119932 0.074859 0.133234
3 0.585008 0.195870 0.075797 0.128533
3 0.639219 0.265829 0.071062 0.121821
3 0.468633 0.484538 0.076422 0.118370
3 0.459430 0.608723 0.070234 0.126793
3 0.333992 0.655095 0.071953 0.124212
3 0.338242 0.764728 0.080578 0.121304
4 0.535664 0.430408 0.069922 0.122065
4 0.600711 0.473546 0.072922 0.128016
4 0.630359 0.685761 0.078906 0.139348
4 0.324516 0.543587 0.077000 0.125272
4 0.482750 0.272092 0.075406 0.127228
4 0.504695 0.201630 0.076047 0.107554
2 0.513523 0.014185 0.077016 0.028370
2 0.497820 0.089864 0.072266 0.134185
2 0.359063 0.292351 0.076375 0.133071
2 0.428016 0.718329 0.075875 0.134375
2 0.549672 0.762867 0.077813 0.140951
2 0.249547 0.539361 0.078469 0.135679
1 0.231664 0.425272 0.079172 0.118967
1 0.262289 0.668098 0.080422 0.140489
1 0.516328 0.661522 0.068594 0.124185
1 0.440930 0.149769 0.072859 0.118071
1 0.568781 0.061033 0.072219 0.110163
1 0.596703 0.346943 0.060969 0.134321
1 0.540141 0.319606 0.064813 0.128940
1 0.475906 0.380965 0.076844 0.103614
2 0.394766 0.492269 0.076156 0.116712
