0 0.565750 0.083899 0.063625 0.109538
0 0.464000 0.048207 0.068125 0.094076
0 0.500797 0.122160 0.061719 0.124538
0 0.540539 0.210788 0.070859 0.127826
0 0.689633 0.458560 0.059609 0.116141
0 0.698187 0.597323 0.063281 0.127364
0 0.428570 0.588696 0.080641 0.101739
0 0.424508 0.370136 0.071766 0.121196
0 0.320461 0.105095 0.061359 0.120951
2 0.519953 0.560910 0.070781 0.132255
2 0.631531 0.657147 0.068750 0.128696
2 0.559734 0.667840 0.069875 0.132255
2 0.482398 0.690584 0.071078 0.120462
2 0.370563 0.504253 0.071437 0.134864
2 0.578734 0.313179 0.058719 0.128696
2 0.397859 0.262717 0.056719 0.112935
4 0.269703 0.192840 0.064812 0.127473
4 0.219953 0.389090 0.075000 0.131114
4 0.369609 0.817147 0.062250 0.145870
4 0.443094 0.489171 0.069437 0.095136
4 0.359828 0.344918 0.053594 0.125272
4 0.463945 0.266250 0.073047 0.108696
1 0.386687 0.087582 0.063594 0.104076
1 0.604523 0.225448 0.063141 0.133234
1 0.655328 0.321957 0.070969 0.128315
1 0.629039 0.414171 0.059578 0.115462
1 0.627664 0.540204 0.068953 0.118886
1 0.277453 0.772840 0.080469 0.134266
1 0.305742 0.603179 0.074172 0.132500
1 0.311289 0.460190 0.066047 0.120543
3 0.340875 0.224932 0.066969 0.119755
3 0.289312 0.324185 0.067219 0.125815
3 0.238977 0.520367 0.073859 0.127310
3 0.231891 0.647663 0.077656 0.128696
3 0.366578 0.672948 0.079219 0.121005
3 0.443555 0.799986 0.076078 0.136549
3 0.535680 0.790734 0.082734 0.118750
3 0.576453 0.470462 0.051875 0.127337
3 0.510578 0.440367 0.072969 0.096277
3 0.510234 0.337690 0.072344 0.100978
3 0.434609 0.158003 0.074031 0.083397
