0 0.550938 0.246916 0.062875 0.123723
0 0.461570 0.207853 0.068109 0.098859
0 0.494148 0.279416 0.064516 0.122092
0 0.523719 0.358872 0.069625 0.124375
0 0.644461 0.583370 0.058234 0.116141
0 0.650648 0.697269 0.065297 0.127364
0 0.432180 0.697541 0.081203 0.093560
0 0.429273 0.502500 0.071766 0.121196
0 0.345117 0.267024 0.064141 0.130408
2 0.505844 0.660707 0.072000 0.133370
2 0.593922 0.744986 0.068750 0.118071
2 0.543578 0.748995 0.069875 0.132283
2 0.477000 0.771712 0.064187 0.120598
2 0.384906 0.615571 0.071438 0.134837
2 0.556336 0.446087 0.059391 0.128696
2 0.410203 0.396861 0.060125 0.114103
4 0.295063 0.347785 0.060656 0.127473
4 0.259297 0.516793 0.075000 0.128804
4 0.381648 0.881332 0.064297 0.131141
4 0.445953 0.603030 0.067438 0.104701
4 0.371781 0.483179 0.053594 0.125272
4 0.460391 0.397147 0.064906 0.122935
1 0.397906 0.226997 0.063594 0.104103
1 0.580234 0.341481 0.063156 0.132147
1 0.617594 0.432011 0.070969 0.128315
1 0.589055 0.534647 0.059578 0.115435
1 0.595617 0.634687 0.065516 0.108016
1 0.310734 0.834728 0.080469 0.134239
1 0.337531 0.699063 0.074187 0.132473
1 0.334852 0.574457 0.066047 0.120543
3 0.356234 0.375992 0.066969 0.119755
3 0.314969 0.453804 0.067219 0.125815
3 0.279203 0.630068 0.073875 0.127310
3 0.274797 0.744973 0.075687 0.128696
3 0.379406 0.765326 0.079219 0.121033
3 0.442250 0.869307 0.078156 0.133723
3 0.516078 0.858478 0.078750 0.110380
3 0.553016 0.594783 0.051875 0.127337
3 0.501563 0.565054 0.068219 0.102174
3 0.500719 0.480190 0.072344 0.100978
3 0.438000 0.317568 0.074031 0.083397
