0 0.531328 0.233913 0.066906 0.123696
0 0.443891 0.188356 0.068125 0.098832
0 0.477500 0.264633 0.064500 0.122092
0 0.508078 0.341875 0.069625 0.124402
0 0.624414 0.569185 0.058234 0.116141
0 0.632648 0.681902 0.065297 0.127337
0 0.413031 0.680204 0.081187 0.093560
0 0.410070 0.492473 0.071766 0.121196
0 0.326086 0.250462 0.064141 0.130380
2 0.486008 0.650068 0.072016 0.133397
2 0.575422 0.735530 0.068750 0.118071
2 0.522883 0.740747 0.066422 0.132201
2 0.458305 0.761671 0.064203 0.120571
2 0.362469 0.599606 0.071438 0.134864
2 0.536336 0.437826 0.059391 0.128696
2 0.391000 0.386236 0.060125 0.114103
4 0.278984 0.328872 0.060656 0.127473
4 0.242766 0.505163 0.075000 0.128804
4 0.366953 0.865815 0.064281 0.131141
4 0.427148 0.590313 0.067453 0.104701
4 0.356047 0.473723 0.053594 0.125272
4 0.447141 0.390652 0.064906 0.122935
1 0.379719 0.216372 0.063594 0.104103
1 0.562875 0.329878 0.063156 0.132147
1 0.601656 0.427283 0.070969 0.128315
1 0.574492 0.532772 0.059578 0.115435
1 0.575570 0.630992 0.065516 0.108016
1 0.285578 0.822908 0.080469 0.134239
1 0.316461 0.683709 0.074172 0.132473
1 0.311805 0.564837 0.066047 0.120543
3 0.338156 0.362052 0.066969 0.119755
3 0.297172 0.448832 0.067219 0.125815
3 0.260516 0.617378 0.073875 0.127310
3 0.255422 0.727255 0.075687 0.128696
3 0.363578 0.752446 0.075812 0.122283
3 0.422656 0.859864 0.078156 0.133696
3 0.501609 0.846223 0.078750 0.110380
3 0.536375 0.574688 0.051875 0.127310
3 0.484687 0.547337 0.068219 0.102174
3 0.484406 0.463641 0.072344 0.100978
3 0.418297 0.302514 0.074031 0.083397
