0 0.505023 0.184783 0.064391 0.120109
0 0.409953 0.144986 0.064531 0.101005
0 0.443437 0.218601 0.058906 0.122038
0 0.480266 0.307880 0.069063 0.120109
0 0.610812 0.548804 0.058063 0.111141
0 0.619453 0.670353 0.060719 0.124783
0 0.377266 0.679212 0.076094 0.092663
0 0.373891 0.471060 0.069094 0.119293
0 0.282844 0.210897 0.057969 0.127120
2 0.461719 0.636821 0.060625 0.103533
2 0.561609 0.725204 0.059375 0.103940
2 0.496164 0.734783 0.049547 0.109239
2 0.426016 0.752989 0.057656 0.091848
2 0.326766 0.596196 0.061781 0.130978
2 0.514469 0.401087 0.055187 0.126630
2 0.355734 0.364755 0.050781 0.104620
4 0.230898 0.302459 0.062266 0.124973
4 0.191969 0.489389 0.076062 0.125571
4 0.328594 0.879226 0.052500 0.126332
4 0.392305 0.579620 0.070703 0.101087
4 0.314609 0.449946 0.053594 0.126739
4 0.416047 0.360353 0.062813 0.112500
1 0.348016 0.198410 0.054594 0.104701
1 0.541117 0.302921 0.051203 0.106658
1 0.589562 0.406739 0.056875 0.094837
1 0.557578 0.500774 0.044219 0.086495
1 0.560078 0.616196 0.057344 0.105435
1 0.247344 0.828410 0.049063 0.087745
1 0.278594 0.685870 0.060000 0.105435
1 0.276523 0.555761 0.057109 0.109130
3 0.296250 0.336549 0.062188 0.127446
3 0.252586 0.432446 0.065141 0.126413
3 0.213508 0.611101 0.068922 0.124538
3 0.207047 0.734103 0.075281 0.118750
3 0.323102 0.754348 0.073172 0.107065
3 0.393672 0.866304 0.067656 0.121196
3 0.472406 0.853261 0.073438 0.097826
3 0.510617 0.559891 0.049984 0.124185
3 0.454141 0.533967 0.070781 0.096739
3 0.453445 0.438723 0.067172 0.091033
3 0.382805 0.265870 0.070422 0.087391
