0 0.541539 0.243967 0.062859 0.123696
0 0.452422 0.207948 0.068125 0.098832
0 0.485484 0.277337 0.064500 0.122120
0 0.517094 0.361753 0.069625 0.124375
0 0.634953 0.581590 0.058219 0.116114
0 0.643180 0.697269 0.065297 0.127364
0 0.422555 0.694389 0.081203 0.093560
0 0.420773 0.502500 0.071766 0.121196
0 0.336273 0.264375 0.064141 0.130380
2 0.495117 0.659606 0.072016 0.133397
2 0.591398 0.744986 0.068734 0.118071
2 0.534750 0.747812 0.069875 0.132255
2 0.471906 0.767582 0.064187 0.120598
2 0.379219 0.610082 0.071438 0.134837
2 0.550445 0.446087 0.059391 0.128696
2 0.404766 0.396861 0.060125 0.114103
4 0.287812 0.347187 0.060656 0.127473
4 0.250398 0.516440 0.075016 0.128804
4 0.377781 0.882283 0.064281 0.131141
4 0.437680 0.603030 0.067453 0.104701
4 0.365227 0.483179 0.053609 0.125272
4 0.458531 0.400394 0.064906 0.122908
1 0.394594 0.226997 0.063594 0.104103
1 0.577016 0.340802 0.063156 0.132147
1 0.612625 0.433940 0.070969 0.128315
1 0.585008 0.533995 0.059578 0.115435
1 0.589945 0.632500 0.065516 0.107989
1 0.309406 0.834728 0.080469 0.134239
1 0.330734 0.697880 0.074187 0.132500
1 0.325336 0.574457 0.066047 0.120543
3 0.347672 0.379185 0.066969 0.119783
3 0.305664 0.461848 0.067203 0.125815
3 0.269344 0.627717 0.073875 0.127337
3 0.264766 0.738777 0.075687 0.128696
3 0.371281 0.765299 0.079219 0.121033
3 0.434547 0.868125 0.078156 0.133696
3 0.511469 0.857459 0.078750 0.110353
3 0.547578 0.591821 0.051875 0.127337
3 0.492031 0.564158 0.068219 0.102174
3 0.493250 0.474878 0.072344 0.100951
3 0.428656 0.314035 0.074031 0.083397
