0 0.460164 0.212215 0.062859 0.137962
0 0.370797 0.165842 0.068125 0.098859
0 0.402172 0.238560 0.064500 0.122120
0 0.437984 0.322215 0.069625 0.124375
0 0.555070 0.545136 0.059609 0.116141
0 0.564609 0.659049 0.063281 0.127337
0 0.335219 0.673111 0.081188 0.093560
0 0.338383 0.472636 0.071766 0.121196
0 0.246555 0.233927 0.064141 0.130408
2 0.420266 0.644715 0.070031 0.132255
2 0.513047 0.705883 0.068750 0.128668
2 0.456211 0.722677 0.069859 0.132255
2 0.386500 0.750489 0.071094 0.120489
2 0.294734 0.591141 0.071438 0.134837
2 0.470930 0.414592 0.059391 0.128696
2 0.321594 0.365367 0.056719 0.112962
4 0.199078 0.314687 0.064813 0.127473
4 0.165859 0.487255 0.075000 0.128804
4 0.289953 0.855163 0.064281 0.131141
4 0.357617 0.577187 0.067453 0.104701
4 0.281227 0.455027 0.053609 0.125272
4 0.372438 0.371957 0.064906 0.122935
1 0.308766 0.200598 0.063594 0.104076
1 0.501891 0.308818 0.063156 0.132147
1 0.542453 0.412772 0.070969 0.128315
1 0.525180 0.506386 0.059578 0.115435
1 0.514352 0.614592 0.065516 0.107989
1 0.228484 0.808845 0.080469 0.134266
1 0.239734 0.675557 0.074187 0.132473
1 0.232445 0.549647 0.066047 0.120543
3 0.265227 0.342853 0.066953 0.119783
3 0.225414 0.429592 0.067203 0.125815
3 0.186242 0.605652 0.073859 0.127337
3 0.178719 0.719375 0.077656 0.128696
3 0.284734 0.744226 0.079219 0.121005
3 0.351180 0.842921 0.078172 0.133723
3 0.431289 0.830761 0.084141 0.118750
3 0.466141 0.559117 0.051875 0.127310
3 0.411359 0.530054 0.072969 0.096304
3 0.410781 0.440788 0.072344 0.100978
3 0.340141 0.277378 0.074031 0.083397
