0 0.308266 0.234212 0.075094 0.116902
0 0.285922 0.357065 0.071531 0.131739
0 0.331016 0.456033 0.077844 0.134837
0 0.380008 0.650652 0.072703 0.115978
0 0.653813 0.433125 0.065406 0.136793
0 0.579484 0.635258 0.071844 0.128179
0 0.520508 0.588057 0.066672 0.124592
0 0.472047 0.871726 0.080219 0.140516
0 0.391875 0.893261 0.076781 0.133207
3 0.427109 0.075802 0.077094 0.118234
3 0.366172 0.154062 0.077125 0.120353
3 0.421891 0.308030 0.062781 0.129158
3 0.400313 0.435000 0.068813 0.122500
3 0.541414 0.163723 0.074859 0.133207
3 0.585180 0.235598 0.075797 0.128533
3 0.644992 0.310747 0.071078 0.121821
3 0.463984 0.530380 0.076438 0.118370
3 0.450102 0.651957 0.070234 0.126793
3 0.320422 0.696114 0.071937 0.124185
3 0.330164 0.818668 0.080578 0.121304
4 0.533086 0.473125 0.069922 0.122065
4 0.597055 0.515992 0.072922 0.128016
4 0.626938 0.742745 0.078906 0.139348
4 0.315492 0.579823 0.077016 0.125245
4 0.483430 0.311712 0.075391 0.127228
4 0.501539 0.239158 0.076047 0.107554
2 0.513523 0.029212 0.077016 0.058424
2 0.499125 0.117269 0.072281 0.134212
2 0.355625 0.327188 0.076375 0.133071
2 0.420766 0.765625 0.075875 0.134348
2 0.541781 0.822106 0.077813 0.140951
2 0.239828 0.592024 0.078469 0.135679
1 0.221570 0.465815 0.079172 0.118967
1 0.249711 0.720054 0.080422 0.140489
1 0.509156 0.710231 0.068594 0.124158
1 0.436367 0.188940 0.072859 0.118043
1 0.571344 0.085652 0.072219 0.123967
1 0.595703 0.389497 0.060969 0.134321
1 0.540344 0.353465 0.064813 0.128940
1 0.472477 0.428818 0.076859 0.103614
2 0.385000 0.541101 0.076156 0.116712
