0 0.528281 0.177731 0.062875 0.137962
0 0.430586 0.136793 0.068109 0.099946
0 0.465125 0.211780 0.061719 0.124538
0 0.500648 0.309715 0.066828 0.117201
0 0.631789 0.554402 0.059609 0.116141
0 0.637172 0.677758 0.063281 0.127364
0 0.394273 0.685394 0.080391 0.094973
0 0.394773 0.470598 0.071766 0.121196
0 0.299914 0.199647 0.064141 0.130380
2 0.479109 0.626590 0.070031 0.132255
2 0.581375 0.744293 0.068750 0.128696
2 0.521156 0.748519 0.069875 0.132255
2 0.445867 0.764674 0.071078 0.120489
2 0.344609 0.595802 0.071438 0.134864
2 0.538211 0.403696 0.059391 0.128696
2 0.373344 0.356495 0.056719 0.112935
4 0.244953 0.289280 0.064812 0.127473
4 0.207203 0.481929 0.075000 0.128804
4 0.343500 0.887962 0.064281 0.131141
4 0.409984 0.583818 0.067438 0.104701
4 0.332602 0.447745 0.053609 0.125272
4 0.432039 0.354375 0.073047 0.122935
1 0.368344 0.143723 0.063594 0.104076
1 0.568609 0.289280 0.063156 0.132147
1 0.613172 0.395367 0.070969 0.128288
1 0.579273 0.482228 0.059578 0.115435
1 0.582109 0.616739 0.067656 0.105815
1 0.271906 0.785978 0.080469 0.134239
1 0.289953 0.682609 0.074187 0.132500
1 0.288086 0.546332 0.066047 0.120543
3 0.313344 0.325992 0.066969 0.119755
3 0.267945 0.419429 0.067203 0.125815
3 0.229242 0.614117 0.073859 0.127310
3 0.221609 0.738954 0.077656 0.128723
3 0.340969 0.766087 0.079219 0.121033
3 0.409602 0.875217 0.076078 0.133696
3 0.493758 0.862826 0.082734 0.118750
3 0.532109 0.567894 0.051875 0.127310
3 0.475687 0.540245 0.072969 0.096304
3 0.475750 0.439416 0.072344 0.100951
3 0.401648 0.256101 0.074016 0.083397
