3 0.427250 0.223829 0.054906 0.089083
4 0.540818 0.126333 0.061813 0.086574
3 0.526008 0.198838 0.049297 0.086861
4 0.462479 0.133032 0.057802 0.101824
0 0.209396 0.222991 0.046375 0.090667
0 0.265971 0.258162 0.053161 0.085917
0 0.294570 0.183315 0.055286 0.083796
0 0.371318 0.307306 0.065000 0.083296
1 0.293831 0.379954 0.043745 0.079944
1 0.219404 0.284028 0.041797 0.086130
0 0.257388 0.125736 0.049286 0.058361
0 0.303648 0.116056 0.042526 0.068722
1 0.247229 0.184602 0.043490 0.082481
3 0.337638 0.080917 0.051224 0.069185
3 0.393745 0.057361 0.057990 0.071759
1 0.350937 0.357106 0.045448 0.095139
4 0.285216 0.050468 0.056411 0.075676
4 0.476089 0.429375 0.049240 0.085861
2 0.512034 0.305736 0.044505 0.096157
1 0.391570 0.190181 0.045453 0.099324
3 0.471875 0.337375 0.053979 0.085861
3 0.361828 0.469361 0.059656 0.095185
4 0.342943 0.528926 0.071969 0.112796
1 0.420138 0.383500 0.044505 0.094278
1 0.268365 0.599255 0.073865 0.121213
3 0.598195 0.577634 0.065203 0.100546
3 0.487948 0.511597 0.071521 0.115120
3 0.847138 0.895944 0.084318 0.126778
1 0.227669 0.939120 0.076099 0.121759
4 0.340956 0.520380 0.062828 0.101389
0 0.296063 0.297935 0.044865 0.087500
3 0.642268 0.345546 0.058828 0.110259
1 0.567102 0.499972 0.048141 0.083907
1 0.524758 0.579449 0.055245 0.094769
1 0.556724 0.320051 0.054604 0.101509
2 0.466005 0.235241 0.057208 0.086778
2 0.239453 0.350171 0.053354 0.096250
2 0.332901 0.195648 0.053552 0.084852
2 0.375432 0.161477 0.048917 0.081713
2 0.443753 0.488667 0.059745 0.095704
3 0.384784 0.409699 0.059016 0.099491
3 0.538039 0.399421 0.063307 0.103065
3 0.437102 0.282583 0.056224 0.088833
