0 0.521813 0.227935 0.063625 0.109511
0 0.436094 0.191848 0.068125 0.094076
0 0.465531 0.263057 0.061719 0.124538
0 0.497086 0.332989 0.064922 0.104130
0 0.615164 0.545054 0.059609 0.116141
0 0.626875 0.653791 0.063281 0.127364
0 0.403141 0.653845 0.080625 0.101712
0 0.399414 0.468288 0.071766 0.121196
0 0.316820 0.244742 0.061359 0.120951
2 0.482281 0.625095 0.070781 0.132255
2 0.572422 0.700802 0.068750 0.128668
2 0.514875 0.705829 0.069875 0.132255
2 0.450039 0.725245 0.071078 0.120489
2 0.357297 0.578342 0.071438 0.134837
2 0.527531 0.422147 0.058719 0.128696
2 0.384102 0.371780 0.056703 0.112962
4 0.268594 0.327188 0.064812 0.127473
4 0.230875 0.485978 0.075000 0.131141
4 0.355211 0.835530 0.062234 0.145842
4 0.420703 0.565027 0.069438 0.095109
4 0.349172 0.455027 0.053594 0.125272
4 0.439766 0.373505 0.073062 0.108696
1 0.380547 0.225856 0.063594 0.104103
1 0.551828 0.319416 0.063156 0.132853
1 0.597055 0.409198 0.070953 0.128288
1 0.573867 0.484375 0.059578 0.115435
1 0.570156 0.591277 0.068969 0.118859
1 0.284438 0.797459 0.080469 0.134266
1 0.303742 0.653465 0.074172 0.132473
1 0.297539 0.531223 0.066047 0.120543
3 0.328125 0.352541 0.066969 0.119755
3 0.289031 0.434457 0.067219 0.125815
3 0.249500 0.591576 0.073875 0.127337
3 0.242531 0.701603 0.077656 0.128696
3 0.355438 0.724470 0.079219 0.121005
3 0.415492 0.828179 0.076078 0.136522
3 0.492070 0.808995 0.082734 0.118750
3 0.526469 0.549823 0.051875 0.127310
3 0.475938 0.523709 0.072969 0.096277
3 0.474313 0.441508 0.072344 0.100951
3 0.410375 0.292337 0.074031 0.083370
