0 0.597945 0.117459 0.062859 0.137962
0 0.505070 0.059470 0.068109 0.099973
0 0.538328 0.144647 0.064500 0.122120
0 0.570312 0.233179 0.066844 0.117174
0 0.692391 0.474606 0.059625 0.116114
0 0.698922 0.596807 0.063281 0.127364
0 0.467750 0.589769 0.081187 0.093560
0 0.464945 0.385489 0.071766 0.121196
0 0.376727 0.121060 0.064141 0.130380
2 0.544953 0.568492 0.070031 0.132255
2 0.642375 0.648641 0.068750 0.128696
2 0.577398 0.657378 0.069859 0.132255
2 0.512977 0.668329 0.071078 0.120462
2 0.418547 0.497948 0.071438 0.134864
2 0.601758 0.334375 0.059391 0.128696
2 0.445875 0.274511 0.056719 0.112935
4 0.328555 0.208899 0.064828 0.127473
4 0.288422 0.393859 0.075000 0.128804
4 0.416234 0.775978 0.064281 0.131141
4 0.481523 0.495149 0.067453 0.104701
4 0.411109 0.365000 0.053594 0.125272
4 0.505773 0.281005 0.064922 0.122935
1 0.436125 0.093424 0.063594 0.104076
1 0.626078 0.219959 0.063156 0.132147
1 0.672984 0.326223 0.070969 0.128315
1 0.642352 0.421848 0.059578 0.115435
1 0.642820 0.537092 0.067641 0.105815
1 0.331109 0.730109 0.080469 0.134239
1 0.368789 0.588546 0.074172 0.132473
1 0.363734 0.455679 0.066031 0.120543
3 0.389469 0.247378 0.066969 0.119755
3 0.348484 0.340082 0.067219 0.125815
3 0.310125 0.512459 0.073875 0.127310
3 0.304391 0.623832 0.077656 0.128696
3 0.415234 0.659117 0.079219 0.121005
3 0.479773 0.770027 0.076078 0.133696
3 0.559367 0.764103 0.084141 0.118750
3 0.597875 0.480122 0.051875 0.127310
3 0.543141 0.453954 0.072969 0.096277
3 0.542516 0.357840 0.072344 0.100951
3 0.473695 0.182813 0.074016 0.083397
