0 0.532734 0.225571 0.063625 0.109511
0 0.442539 0.187690 0.068109 0.094076
0 0.479234 0.260448 0.061719 0.124538
0 0.510852 0.341372 0.062078 0.106603
0 0.634289 0.563261 0.059609 0.116141
0 0.640797 0.686630 0.063281 0.127337
0 0.414391 0.690177 0.080625 0.101712
0 0.410914 0.488342 0.071766 0.121196
0 0.324695 0.249321 0.061359 0.120924
2 0.493672 0.654470 0.070781 0.132255
2 0.586641 0.742024 0.068750 0.128668
2 0.527266 0.735992 0.069875 0.132255
2 0.458609 0.763492 0.071094 0.120462
2 0.367234 0.609647 0.071438 0.134837
2 0.543484 0.431902 0.058719 0.128696
2 0.389469 0.387989 0.056719 0.112935
4 0.275203 0.332418 0.064813 0.127446
4 0.240500 0.503764 0.075000 0.131114
4 0.364695 0.871413 0.062234 0.145870
4 0.428141 0.592323 0.069438 0.095136
4 0.354141 0.473995 0.053594 0.125272
4 0.447625 0.389185 0.073062 0.108696
1 0.379203 0.222554 0.063594 0.104076
1 0.570359 0.333682 0.063156 0.132147
1 0.607055 0.417242 0.070953 0.128288
1 0.582203 0.509918 0.059594 0.115435
1 0.585703 0.619796 0.068969 0.118886
1 0.287828 0.820448 0.080469 0.134266
1 0.314414 0.681332 0.074172 0.132500
1 0.310383 0.556739 0.066047 0.120543
3 0.337477 0.358505 0.066953 0.119783
3 0.295125 0.444130 0.067219 0.125815
3 0.256766 0.614701 0.073875 0.127337
3 0.247969 0.734348 0.077656 0.128696
3 0.360852 0.756033 0.079234 0.121033
3 0.424719 0.867188 0.076094 0.136549
3 0.506336 0.854552 0.082734 0.118777
3 0.541797 0.576454 0.051875 0.127310
3 0.487406 0.543193 0.072969 0.096277
3 0.487125 0.456549 0.072344 0.100978
3 0.418297 0.303383 0.074031 0.083397
