0 0.543234 0.244552 0.062875 0.123723
0 0.453461 0.208043 0.068109 0.098859
0 0.487016 0.277622 0.064500 0.122092
0 0.517594 0.361535 0.069625 0.124375
0 0.636313 0.581005 0.058219 0.116141
0 0.645219 0.698465 0.065312 0.127364
0 0.425609 0.695557 0.081188 0.093560
0 0.424516 0.502500 0.071750 0.121196
0 0.337633 0.265245 0.064141 0.130380
2 0.495945 0.659687 0.072016 0.133397
2 0.592758 0.744986 0.068734 0.118071
2 0.538828 0.747812 0.069875 0.132255
2 0.475641 0.769361 0.064187 0.120571
2 0.379656 0.610503 0.071437 0.134864
2 0.550898 0.446087 0.059391 0.128696
2 0.406125 0.396861 0.060125 0.114103
4 0.290875 0.347785 0.060656 0.127473
4 0.252047 0.516793 0.075000 0.128804
4 0.378078 0.882201 0.064281 0.131141
4 0.439383 0.604198 0.067453 0.104701
4 0.368281 0.483179 0.053594 0.125272
4 0.459891 0.399810 0.064906 0.122935
1 0.394844 0.226997 0.063594 0.104103
1 0.577266 0.340842 0.063156 0.132120
1 0.613008 0.433791 0.070953 0.128288
1 0.585320 0.534049 0.059578 0.115435
1 0.590383 0.632663 0.065516 0.107989
1 0.309500 0.834728 0.080469 0.134239
1 0.332773 0.697880 0.074172 0.132500
1 0.329414 0.575652 0.066047 0.120543
3 0.352430 0.376236 0.066953 0.119755
3 0.307359 0.463016 0.067219 0.125815
3 0.272406 0.627717 0.073875 0.127337
3 0.266297 0.739660 0.075687 0.128723
3 0.372406 0.764307 0.079219 0.121005
3 0.437945 0.868125 0.078172 0.133696
3 0.513172 0.857459 0.078750 0.110353
3 0.549281 0.593003 0.051875 0.127310
3 0.492922 0.564429 0.068219 0.102174
3 0.496656 0.474280 0.072344 0.100951
3 0.430188 0.315204 0.074031 0.083397
