0 0.512461 0.174524 0.067703 0.121060
0 0.414836 0.134361 0.069453 0.103125
0 0.450195 0.210136 0.064016 0.126902
0 0.486258 0.301658 0.071703 0.127826
0 0.619648 0.547636 0.058891 0.118641
0 0.627625 0.672663 0.063281 0.130978
0 0.381766 0.677745 0.080625 0.092663
0 0.379359 0.466250 0.070938 0.121196
0 0.283945 0.201644 0.059828 0.129429
2 0.465687 0.636821 0.060125 0.103533
2 0.570258 0.729321 0.066016 0.108859
2 0.503594 0.740516 0.051625 0.110598
2 0.431094 0.762636 0.064625 0.118207
2 0.329500 0.594402 0.059844 0.130978
2 0.522406 0.396929 0.059312 0.123098
2 0.357719 0.355842 0.052000 0.114402
4 0.232617 0.296060 0.064578 0.127446
4 0.193719 0.487038 0.074219 0.127989
4 0.330797 0.881250 0.053531 0.128804
4 0.395680 0.578152 0.069016 0.101087
4 0.316750 0.443234 0.053594 0.125815
4 0.420492 0.354117 0.067234 0.120408
1 0.347125 0.172092 0.063594 0.104076
1 0.550938 0.286984 0.055656 0.105978
1 0.596359 0.392663 0.065719 0.101957
1 0.565563 0.486005 0.044062 0.104076
1 0.569656 0.607500 0.063750 0.099674
1 0.247625 0.827024 0.054438 0.087908
1 0.279156 0.681495 0.067813 0.113750
1 0.277281 0.549715 0.056406 0.107853
3 0.298945 0.329851 0.066422 0.126060
3 0.254633 0.424565 0.065141 0.128804
3 0.214445 0.607812 0.070047 0.124647
3 0.208406 0.732391 0.075000 0.122174
3 0.327016 0.755000 0.077344 0.111196
3 0.397750 0.871196 0.071063 0.130978
3 0.481000 0.854837 0.076719 0.102283
3 0.517687 0.558424 0.053000 0.125815
3 0.460594 0.530897 0.072969 0.098641
3 0.460500 0.433288 0.072344 0.091576
3 0.386844 0.257432 0.074594 0.089701
