0 0.520906 0.220136 0.063625 0.109511
0 0.436422 0.185543 0.068125 0.094076
0 0.463516 0.252921 0.061719 0.124538
0 0.495258 0.323451 0.066078 0.103152
0 0.614617 0.520435 0.059609 0.116141
0 0.623812 0.630802 0.063281 0.127364
0 0.405641 0.630938 0.080625 0.101712
0 0.400305 0.451848 0.071766 0.121196
0 0.322023 0.236101 0.061359 0.120951
2 0.483391 0.603166 0.070781 0.132255
2 0.572781 0.679524 0.068750 0.128668
2 0.516672 0.683302 0.069875 0.132255
2 0.451859 0.700992 0.071094 0.120462
2 0.358141 0.557921 0.071438 0.134864
2 0.528609 0.403533 0.058719 0.128696
2 0.385234 0.353818 0.056719 0.112962
4 0.273844 0.314538 0.064812 0.127446
4 0.237359 0.465340 0.075000 0.131114
4 0.357406 0.816821 0.062250 0.145870
4 0.419070 0.549226 0.069422 0.095136
4 0.349594 0.431495 0.053594 0.125272
4 0.440414 0.362663 0.073047 0.108696
1 0.381406 0.203193 0.063594 0.104103
1 0.553023 0.300829 0.063141 0.133234
1 0.592781 0.392867 0.070969 0.128288
1 0.574195 0.467052 0.059578 0.115462
1 0.568625 0.575177 0.068969 0.118886
1 0.288891 0.767242 0.080469 0.134266
1 0.312148 0.629905 0.074172 0.132473
1 0.315367 0.523641 0.066047 0.120543
3 0.334336 0.336929 0.066953 0.119783
3 0.293594 0.413098 0.067219 0.125815
3 0.257336 0.568601 0.073859 0.127310
3 0.249625 0.679457 0.077656 0.128696
3 0.356438 0.692595 0.079219 0.121005
3 0.417383 0.802649 0.076078 0.136549
3 0.498367 0.785897 0.082734 0.118750
3 0.527531 0.529171 0.051875 0.127310
3 0.476781 0.505965 0.072969 0.096277
3 0.473375 0.421236 0.072344 0.100951
3 0.410734 0.285503 0.074031 0.083397
