0 0.543570 0.242188 0.062859 0.123723
0 0.454773 0.199592 0.068109 0.098859
0 0.486680 0.271726 0.064516 0.122092
0 0.519977 0.352323 0.069641 0.124375
0 0.635969 0.577446 0.058219 0.116141
0 0.642156 0.688410 0.065313 0.127364
0 0.424422 0.689660 0.081188 0.093560
0 0.420438 0.496005 0.071750 0.121196
0 0.336617 0.253723 0.064141 0.130380
2 0.495086 0.653818 0.072016 0.133397
2 0.588672 0.741454 0.068750 0.118071
2 0.532109 0.743981 0.069875 0.132255
2 0.469359 0.767283 0.064187 0.120598
2 0.383031 0.601386 0.071438 0.134837
2 0.553930 0.442554 0.059391 0.128696
2 0.401930 0.388587 0.060141 0.114130
4 0.288500 0.337147 0.060656 0.127446
4 0.252047 0.508804 0.075000 0.128804
4 0.380000 0.872663 0.064281 0.131141
4 0.437344 0.593166 0.067438 0.104701
4 0.366469 0.478845 0.053594 0.125299
4 0.459547 0.394484 0.064906 0.122935
1 0.394328 0.224035 0.063594 0.104103
1 0.576469 0.339334 0.063156 0.132147
1 0.613063 0.432011 0.070969 0.128315
1 0.588039 0.528370 0.059578 0.115435
1 0.590414 0.628179 0.065516 0.107989
1 0.302844 0.825978 0.080469 0.134239
1 0.325977 0.689470 0.074172 0.132473
1 0.327492 0.570516 0.066047 0.120543
3 0.351180 0.372486 0.066953 0.119755
3 0.306680 0.452391 0.067203 0.125815
3 0.271047 0.618845 0.073875 0.127310
3 0.267148 0.732568 0.075672 0.128723
3 0.376969 0.754633 0.079219 0.121005
3 0.434211 0.862024 0.078172 0.133723
3 0.512656 0.853614 0.078750 0.110380
3 0.545547 0.588872 0.051875 0.127310
3 0.496492 0.557663 0.068203 0.102174
3 0.495969 0.472514 0.072344 0.100951
3 0.427297 0.307677 0.074031 0.083397
