0 0.510594 0.238641 0.066906 0.123696
0 0.423336 0.195149 0.068109 0.098832
0 0.454562 0.264932 0.064500 0.122092
0 0.487523 0.347486 0.069641 0.124375
0 0.605047 0.577446 0.058219 0.116141
0 0.615312 0.686046 0.065313 0.127364
0 0.393359 0.686753 0.081188 0.093560
0 0.389555 0.494239 0.071766 0.121196
0 0.303133 0.253098 0.064141 0.130380
2 0.465406 0.663655 0.072000 0.133397
2 0.560141 0.736726 0.068750 0.118071
2 0.504164 0.743084 0.069859 0.132255
2 0.439805 0.768166 0.064203 0.120571
2 0.348375 0.608030 0.071438 0.134864
2 0.522820 0.437826 0.059391 0.128696
2 0.370703 0.388723 0.060125 0.114130
4 0.259156 0.338736 0.060656 0.127473
4 0.220328 0.508641 0.075000 0.128804
4 0.344789 0.872908 0.064297 0.131141
4 0.409687 0.596372 0.067437 0.104701
4 0.334047 0.477269 0.053594 0.125299
4 0.428391 0.398628 0.064906 0.122908
1 0.362047 0.223451 0.063594 0.104076
1 0.552000 0.332242 0.063156 0.132147
1 0.588711 0.427880 0.070953 0.128315
1 0.568273 0.531196 0.059578 0.115435
1 0.563680 0.633505 0.065516 0.107989
1 0.276531 0.821726 0.080469 0.134266
1 0.297547 0.696508 0.074187 0.132473
1 0.293391 0.571793 0.066031 0.120543
3 0.319805 0.364008 0.066953 0.119755
3 0.275422 0.453560 0.067219 0.125815
3 0.239109 0.622405 0.073875 0.127310
3 0.233164 0.735217 0.075672 0.128696
3 0.338430 0.762500 0.075828 0.122283
3 0.404719 0.863397 0.078156 0.133696
3 0.478656 0.851549 0.078750 0.110380
3 0.514094 0.580000 0.051875 0.127337
3 0.466680 0.556793 0.068203 0.102174
3 0.464203 0.471916 0.072344 0.100951
3 0.399766 0.306046 0.074031 0.083397
