0 0.524750 0.227935 0.063625 0.109511
0 0.436992 0.190462 0.068109 0.094076
0 0.471508 0.257351 0.061703 0.124538
0 0.503375 0.336644 0.062062 0.106603
0 0.622734 0.559701 0.059625 0.116141
0 0.633328 0.671264 0.063281 0.127364
0 0.407266 0.670530 0.080625 0.101712
0 0.402758 0.475326 0.071766 0.121196
0 0.318305 0.245598 0.061359 0.120924
2 0.485328 0.640231 0.070781 0.132255
2 0.576531 0.712024 0.068750 0.128668
2 0.519781 0.717079 0.069875 0.132255
2 0.452492 0.745747 0.071078 0.120462
2 0.358336 0.585557 0.071422 0.134864
2 0.533453 0.427174 0.058719 0.128696
2 0.385594 0.372418 0.056719 0.112935
4 0.273195 0.330829 0.064828 0.127473
4 0.237578 0.498342 0.075000 0.131141
4 0.357109 0.854457 0.062250 0.145870
4 0.422797 0.579905 0.069437 0.095136
4 0.353078 0.464864 0.053594 0.125272
4 0.443430 0.377962 0.073047 0.108696
1 0.378797 0.223587 0.063594 0.104076
1 0.556078 0.326236 0.063156 0.132147
1 0.601164 0.410938 0.070953 0.128288
1 0.576086 0.493967 0.059578 0.115435
1 0.575594 0.604293 0.068969 0.118859
1 0.286156 0.811399 0.080469 0.134266
1 0.306602 0.665367 0.074172 0.132473
1 0.303930 0.543723 0.066047 0.120543
3 0.331172 0.354823 0.066969 0.119755
3 0.290930 0.440217 0.067203 0.125815
3 0.251859 0.605557 0.073875 0.127310
3 0.242531 0.722418 0.077656 0.128696
3 0.357281 0.742595 0.079219 0.121005
3 0.418828 0.848655 0.076094 0.136549
3 0.496820 0.834457 0.082734 0.118750
3 0.530922 0.561087 0.051875 0.127337
3 0.480266 0.535516 0.072969 0.096304
3 0.477953 0.447677 0.072344 0.100951
3 0.411164 0.291766 0.074016 0.083370
