0 0.527945 0.156454 0.062859 0.137962
0 0.433023 0.107636 0.068109 0.095815
0 0.465984 0.183614 0.061719 0.124565
0 0.501664 0.280462 0.066828 0.117174
0 0.634281 0.529565 0.059625 0.116141
0 0.640469 0.652948 0.063281 0.127364
0 0.397031 0.648533 0.078531 0.098207
0 0.393242 0.437500 0.071766 0.121196
0 0.299586 0.171875 0.064141 0.130380
2 0.482938 0.610149 0.070031 0.132255
2 0.582047 0.699470 0.068750 0.128668
2 0.518094 0.703492 0.069875 0.132255
2 0.449094 0.720938 0.071094 0.120462
2 0.351609 0.551128 0.071438 0.134864
2 0.537195 0.372201 0.059391 0.128696
2 0.376203 0.325951 0.056719 0.112935
4 0.247000 0.264253 0.064812 0.127473
4 0.208898 0.453261 0.075016 0.128804
4 0.347250 0.849837 0.064281 0.131141
4 0.413219 0.547459 0.067438 0.104701
4 0.334297 0.414647 0.053594 0.125272
4 0.436070 0.331549 0.073047 0.122935
1 0.367063 0.132867 0.063594 0.104103
1 0.570016 0.253655 0.063156 0.132147
1 0.608758 0.360503 0.070953 0.128288
1 0.582883 0.463832 0.059578 0.115435
1 0.580281 0.579063 0.067656 0.105788
1 0.270281 0.777976 0.080469 0.134266
1 0.291648 0.638193 0.074172 0.132473
1 0.291180 0.508859 0.066047 0.120543
3 0.312437 0.296236 0.066969 0.119755
3 0.269477 0.392391 0.067203 0.125815
3 0.229414 0.575707 0.073859 0.127337
3 0.223687 0.700353 0.077656 0.128696
3 0.343187 0.723533 0.079219 0.121033
3 0.412484 0.840353 0.076094 0.133696
3 0.491727 0.825598 0.082734 0.118750
3 0.532844 0.536073 0.051875 0.127310
3 0.476187 0.502228 0.072969 0.096304
3 0.475922 0.410747 0.072344 0.100951
3 0.401648 0.224484 0.074016 0.083370
