3 0.370052 0.262454 0.053208 0.084074
4 0.551010 0.237755 0.063781 0.104435
3 0.426734 0.240218 0.058948 0.097583
4 0.470070 0.222958 0.043495 0.082472
0 0.204536 0.244574 0.046375 0.072185
0 0.261065 0.287815 0.053161 0.085907
0 0.288312 0.219403 0.040594 0.083787
0 0.363997 0.194796 0.058953 0.068759
1 0.301898 0.283421 0.042526 0.067009
1 0.212016 0.299847 0.040594 0.096213
0 0.258891 0.160588 0.058958 0.049787
0 0.313919 0.180644 0.042526 0.068731
1 0.249948 0.208782 0.043490 0.082472
3 0.351555 0.138861 0.051224 0.056296
3 0.400422 0.140579 0.057990 0.071769
1 0.324672 0.233810 0.034792 0.068731
4 0.298758 0.106213 0.047359 0.068333
3 0.441242 0.939250 0.081224 0.121500
3 0.518521 0.581847 0.071521 0.115120
3 0.789714 0.851435 0.083448 0.123056
1 0.280924 0.824532 0.083120 0.132306
4 0.326914 0.574106 0.067651 0.109972
0 0.245068 0.340991 0.044865 0.087500
3 0.261820 0.460583 0.053151 0.103796
1 0.375055 0.426394 0.067266 0.092787
1 0.419409 0.474625 0.066109 0.098972
1 0.460750 0.417681 0.063792 0.111343
2 0.451784 0.317870 0.062443 0.085926
2 0.237734 0.525213 0.053354 0.096259
2 0.221911 0.385745 0.056187 0.105194
2 0.289690 0.354431 0.042339 0.089083
2 0.336797 0.367125 0.048885 0.080694
3 0.305125 0.436931 0.063792 0.101028
3 0.371714 0.504449 0.060031 0.104620
3 0.399656 0.323981 0.067094 0.088833
