4 0.548695 0.338261 0.078047 0.105163
0 0.340039 0.335054 0.086328 0.126576
0 0.312195 0.460625 0.079703 0.142391
0 0.359727 0.574307 0.085391 0.140897
0 0.417250 0.794783 0.078781 0.139022
0 0.710266 0.563329 0.070937 0.150734
0 0.631750 0.789606 0.076531 0.150734
0 0.564766 0.732514 0.074219 0.139973
0 0.511484 0.981848 0.087625 0.036304
0 0.420891 0.990448 0.084281 0.019103
3 0.469602 0.171875 0.079172 0.116087
3 0.403297 0.253003 0.081281 0.120353
3 0.462984 0.418247 0.072969 0.142255
3 0.440500 0.547201 0.072219 0.140380
3 0.593539 0.257188 0.074859 0.133234
3 0.635078 0.343084 0.081250 0.137962
3 0.700289 0.427894 0.075141 0.132418
3 0.506406 0.661753 0.082406 0.136223
3 0.492547 0.791807 0.080500 0.148071
3 0.351195 0.850571 0.082734 0.138207
3 0.350609 0.957418 0.086563 0.085163
4 0.579430 0.600095 0.074141 0.143016
4 0.650445 0.653995 0.077641 0.146902
4 0.683570 0.908043 0.087641 0.158370
4 0.340656 0.710122 0.086594 0.150136
4 0.530719 0.415136 0.079469 0.140163
2 0.559078 0.094226 0.080469 0.117038
2 0.543359 0.216889 0.072281 0.134212
2 0.386344 0.437663 0.081812 0.142446
2 0.454133 0.924185 0.087422 0.149783
2 0.592180 0.955611 0.083328 0.088777
2 0.256102 0.713587 0.085984 0.150815
1 0.238727 0.579185 0.086609 0.118967
1 0.266469 0.870231 0.089188 0.161223
1 0.555852 0.866318 0.072047 0.154973
1 0.478023 0.289674 0.076891 0.118043
1 0.619563 0.187840 0.077687 0.128016
1 0.651492 0.510285 0.060984 0.142582
1 0.583117 0.468207 0.074359 0.136087
1 0.517078 0.534348 0.078906 0.116467
2 0.421648 0.669620 0.080141 0.135272
