0 0.311641 0.245190 0.080875 0.128804
0 0.290328 0.360734 0.071531 0.131739
0 0.336750 0.461182 0.077844 0.140897
0 0.397734 0.644592 0.074063 0.127283
0 0.667766 0.413207 0.065406 0.136793
0 0.599852 0.620557 0.073016 0.140190
0 0.537133 0.570910 0.066672 0.124592
0 0.491812 0.877269 0.080219 0.155571
0 0.409680 0.904348 0.081547 0.147500
3 0.430406 0.091073 0.077094 0.108886
3 0.369820 0.167079 0.077109 0.120353
3 0.425406 0.303179 0.062781 0.129130
3 0.411141 0.418057 0.068812 0.122527
3 0.545422 0.150584 0.074875 0.133234
3 0.589586 0.226168 0.075797 0.128533
3 0.651969 0.292446 0.071063 0.121793
3 0.474672 0.516168 0.076438 0.124293
3 0.468508 0.641712 0.077016 0.126793
3 0.336078 0.698179 0.076000 0.128804
3 0.340281 0.831223 0.086562 0.134185
4 0.546242 0.456440 0.069922 0.122065
4 0.613398 0.498166 0.072922 0.128016
4 0.652875 0.726957 0.083625 0.145380
4 0.324828 0.577269 0.077875 0.130027
4 0.490820 0.291359 0.075391 0.127228
4 0.505508 0.231182 0.076047 0.107527
2 0.509422 0.031345 0.077000 0.062690
2 0.499250 0.122337 0.072281 0.134185
2 0.362906 0.328832 0.076375 0.133043
2 0.436672 0.768247 0.082000 0.134375
2 0.569445 0.815774 0.077828 0.152853
2 0.243359 0.589864 0.080469 0.140217
1 0.222367 0.473274 0.080484 0.118940
1 0.256437 0.732106 0.080438 0.148342
1 0.529617 0.700734 0.072047 0.134946
1 0.441820 0.194171 0.072859 0.118071
1 0.567750 0.088370 0.072219 0.110163
1 0.608125 0.367133 0.060969 0.134321
1 0.549750 0.346562 0.064812 0.128940
1 0.484453 0.403329 0.078906 0.103614
2 0.398383 0.529171 0.077141 0.119049
