0 0.519359 0.168410 0.067500 0.123451
0 0.420570 0.126644 0.070641 0.103125
0 0.456250 0.202812 0.064500 0.127690
0 0.492320 0.294348 0.071703 0.127826
0 0.628148 0.543777 0.060016 0.119022
0 0.635563 0.670245 0.063281 0.130978
0 0.387375 0.674103 0.080625 0.092663
0 0.385188 0.461386 0.070938 0.121196
0 0.287664 0.193927 0.060797 0.130190
2 0.473266 0.636821 0.063563 0.103533
2 0.578297 0.722622 0.063031 0.103505
2 0.511406 0.736861 0.054125 0.110625
2 0.437297 0.758560 0.065344 0.114130
2 0.333937 0.589946 0.059844 0.130978
2 0.529203 0.390611 0.058375 0.125136
2 0.363930 0.351793 0.052703 0.114402
4 0.236477 0.289973 0.065766 0.127446
4 0.198156 0.480149 0.074219 0.128016
4 0.336305 0.881250 0.056109 0.128804
4 0.401875 0.574511 0.069281 0.101087
4 0.322117 0.437554 0.053609 0.125815
4 0.426094 0.348438 0.067250 0.120408
1 0.352266 0.167215 0.063594 0.104103
1 0.556781 0.278859 0.055656 0.105978
1 0.605813 0.387595 0.071031 0.104755
1 0.573023 0.484783 0.046797 0.102446
1 0.576805 0.605883 0.064922 0.102908
1 0.253016 0.823546 0.057719 0.088342
1 0.281734 0.679728 0.070937 0.112120
1 0.282422 0.540163 0.056406 0.109837
3 0.303742 0.322962 0.067609 0.126087
3 0.259773 0.418098 0.065141 0.128804
3 0.217969 0.605571 0.072844 0.129130
3 0.212969 0.731168 0.076656 0.124620
3 0.332055 0.752554 0.078516 0.116087
3 0.403844 0.871196 0.072938 0.130978
3 0.488000 0.854022 0.076719 0.103913
3 0.524602 0.554783 0.052297 0.129891
3 0.467359 0.525625 0.072969 0.098641
3 0.467031 0.427228 0.072344 0.091576
3 0.391750 0.250326 0.074594 0.090870
