0 0.563422 0.086427 0.063625 0.109538
0 0.461672 0.048207 0.068125 0.094076
0 0.497875 0.122160 0.061719 0.124538
0 0.537922 0.210285 0.070844 0.127799
0 0.687883 0.459076 0.059609 0.116141
0 0.695922 0.593383 0.063281 0.127364
0 0.427109 0.587677 0.080625 0.101712
0 0.423148 0.370136 0.071766 0.121196
0 0.319523 0.105095 0.061359 0.120951
2 0.518594 0.558166 0.070781 0.132255
2 0.630992 0.650774 0.068734 0.128668
2 0.558828 0.663111 0.069875 0.132255
2 0.482398 0.685856 0.071078 0.120462
2 0.369812 0.504062 0.071438 0.134864
2 0.577141 0.313573 0.058719 0.128668
2 0.397594 0.262717 0.056719 0.112935
4 0.268047 0.193492 0.064812 0.127473
4 0.218227 0.389090 0.075016 0.131114
4 0.368477 0.814402 0.062234 0.145870
4 0.443094 0.484973 0.069437 0.095109
4 0.357500 0.344918 0.053594 0.125272
4 0.462484 0.266250 0.073062 0.108696
1 0.386078 0.086957 0.063594 0.104076
1 0.603469 0.225204 0.063156 0.133234
1 0.654898 0.321399 0.070953 0.128288
1 0.627273 0.414171 0.059578 0.115462
1 0.627797 0.534293 0.068969 0.118859
1 0.277938 0.767840 0.080469 0.134266
1 0.308680 0.595299 0.074172 0.132500
1 0.310211 0.459728 0.066047 0.120543
3 0.336797 0.228478 0.066969 0.119783
3 0.287461 0.323886 0.067203 0.125815
3 0.237672 0.519062 0.073875 0.127310
3 0.230078 0.646087 0.077656 0.128696
3 0.364828 0.671440 0.079219 0.121033
3 0.440641 0.795421 0.076094 0.136549
3 0.532906 0.787174 0.082750 0.118750
3 0.574422 0.469280 0.051875 0.127310
3 0.508172 0.440367 0.072969 0.096277
3 0.508203 0.337296 0.072344 0.100951
3 0.431047 0.162432 0.074031 0.083397
