0 0.521062 0.227935 0.063625 0.109511
0 0.436281 0.192174 0.068125 0.094076
0 0.462922 0.266345 0.061719 0.124538
0 0.495258 0.334837 0.066078 0.103152
0 0.611859 0.537255 0.059625 0.116141
0 0.623812 0.647622 0.063281 0.127364
0 0.401484 0.646454 0.080625 0.101712
0 0.397992 0.467065 0.071766 0.121196
0 0.317594 0.242948 0.061375 0.120951
2 0.480766 0.617541 0.070781 0.132255
2 0.571000 0.697106 0.068750 0.128668
2 0.512984 0.701712 0.069875 0.132283
2 0.449102 0.716209 0.071078 0.120462
2 0.356359 0.568274 0.071438 0.134864
2 0.525641 0.420082 0.058719 0.128696
2 0.383352 0.371454 0.056703 0.112962
4 0.273844 0.321780 0.064812 0.127473
4 0.234383 0.469470 0.075016 0.131114
4 0.354500 0.826495 0.062250 0.145870
4 0.419992 0.558030 0.069422 0.095136
4 0.347211 0.450109 0.053609 0.125272
4 0.438117 0.371467 0.073047 0.108696
1 0.381406 0.226997 0.063594 0.104103
1 0.550648 0.316345 0.063141 0.133234
1 0.595164 0.408370 0.070953 0.128315
1 0.572680 0.482717 0.059578 0.115435
1 0.568031 0.585530 0.068969 0.118886
1 0.286937 0.786264 0.080469 0.134266
1 0.308977 0.648234 0.074172 0.132500
1 0.304945 0.529538 0.066047 0.120543
3 0.326602 0.351413 0.066953 0.119783
3 0.292406 0.419293 0.067219 0.125815
3 0.250656 0.582785 0.073875 0.127310
3 0.245312 0.692867 0.077656 0.128723
3 0.354734 0.715842 0.079219 0.121033
3 0.415039 0.818424 0.076078 0.136522
3 0.492070 0.800190 0.082734 0.118750
3 0.524813 0.545720 0.051875 0.127310
3 0.473813 0.518370 0.072969 0.096304
3 0.472172 0.438818 0.072344 0.100951
3 0.410141 0.292758 0.074031 0.083397
