0 0.521250 0.227935 0.063625 0.109511
0 0.436234 0.192092 0.068125 0.094076
0 0.463578 0.265530 0.061719 0.124538
0 0.494570 0.332473 0.066078 0.103152
0 0.612688 0.539212 0.059625 0.116141
0 0.624578 0.649171 0.063281 0.127364
0 0.401891 0.648302 0.080625 0.101712
0 0.398352 0.467364 0.071766 0.121196
0 0.317172 0.243601 0.061375 0.120951
2 0.481141 0.619416 0.070781 0.132255
2 0.571359 0.698030 0.068750 0.128668
2 0.513461 0.702745 0.069859 0.132283
2 0.449336 0.718465 0.071078 0.120462
2 0.357047 0.574185 0.071438 0.134837
2 0.526109 0.420598 0.058719 0.128696
2 0.383539 0.371535 0.056703 0.112962
4 0.271406 0.323668 0.064812 0.127446
4 0.232484 0.475149 0.075000 0.131114
4 0.354680 0.828750 0.062234 0.145870
4 0.420172 0.559796 0.069437 0.095136
4 0.347703 0.451332 0.053594 0.125272
4 0.438523 0.371984 0.073047 0.108696
1 0.381188 0.226698 0.063594 0.104103
1 0.550938 0.317106 0.063156 0.133125
1 0.595633 0.408587 0.070953 0.128315
1 0.572977 0.483152 0.059578 0.115435
1 0.568562 0.586970 0.068969 0.118886
1 0.286031 0.789416 0.080469 0.134266
1 0.303539 0.649416 0.074172 0.132473
1 0.300531 0.530136 0.066031 0.120543
3 0.326984 0.351698 0.066969 0.119755
3 0.288328 0.432310 0.067219 0.125815
3 0.248609 0.586332 0.073875 0.127337
3 0.244203 0.694810 0.077656 0.128696
3 0.354906 0.718003 0.079219 0.121005
3 0.414523 0.821087 0.076078 0.136522
3 0.492070 0.802391 0.082734 0.118750
3 0.525219 0.546753 0.051875 0.127310
3 0.474344 0.519715 0.072969 0.096277
3 0.473547 0.441182 0.072344 0.100951
3 0.410203 0.292649 0.074031 0.083397
