0 0.530156 0.195082 0.063625 0.109511
0 0.444719 0.157446 0.068125 0.094076
0 0.472984 0.223084 0.061719 0.124538
0 0.508906 0.299715 0.070844 0.127799
0 0.630773 0.508791 0.059609 0.116114
0 0.638594 0.621617 0.063281 0.127364
0 0.412906 0.619742 0.080625 0.101712
0 0.409898 0.434538 0.071766 0.121196
0 0.327414 0.211481 0.061359 0.120951
2 0.492563 0.578519 0.070781 0.132255
2 0.587586 0.657160 0.068734 0.128668
2 0.530609 0.667609 0.069875 0.132283
2 0.463148 0.683546 0.071078 0.120462
2 0.368258 0.541277 0.071422 0.134837
2 0.541578 0.379103 0.058719 0.128696
2 0.392984 0.324375 0.056719 0.112935
4 0.277594 0.289864 0.064813 0.127446
4 0.239141 0.455285 0.075000 0.131114
4 0.361273 0.803913 0.062234 0.145870
4 0.430727 0.528247 0.069422 0.095136
4 0.356047 0.415625 0.053594 0.125272
4 0.445453 0.339783 0.073063 0.108696
1 0.387125 0.172622 0.063594 0.104103
1 0.567406 0.274185 0.063156 0.133261
1 0.610883 0.371576 0.070953 0.128315
1 0.584383 0.443967 0.059578 0.115435
1 0.588875 0.555978 0.068969 0.118859
1 0.288734 0.760041 0.080469 0.134266
1 0.311727 0.621372 0.074172 0.132473
1 0.316164 0.504728 0.066047 0.120543
3 0.336797 0.315367 0.066969 0.119755
3 0.295125 0.398967 0.067219 0.125815
3 0.256633 0.556549 0.073859 0.127337
3 0.250422 0.664837 0.077656 0.128696
3 0.362828 0.686617 0.079219 0.121005
3 0.425609 0.792622 0.076094 0.136549
3 0.506789 0.778750 0.082734 0.118750
3 0.536875 0.517649 0.051875 0.127310
3 0.482984 0.488438 0.072969 0.096277
3 0.485953 0.409701 0.072344 0.100978
3 0.417328 0.259280 0.074031 0.083397
