0 0.528734 0.184633 0.062875 0.137962
0 0.433141 0.141223 0.068125 0.099946
0 0.466656 0.220652 0.061719 0.124565
0 0.503367 0.320054 0.066828 0.117174
0 0.631789 0.573505 0.059609 0.116141
0 0.637859 0.694511 0.063281 0.127337
0 0.397719 0.702622 0.078531 0.098234
0 0.395281 0.479348 0.071750 0.121196
0 0.299164 0.205571 0.064141 0.130380
2 0.480281 0.631073 0.070031 0.132255
2 0.581875 0.744986 0.068750 0.128668
2 0.520133 0.753139 0.069859 0.132255
2 0.448758 0.768818 0.071078 0.120462
2 0.345484 0.604918 0.071438 0.134837
2 0.538547 0.414755 0.059375 0.128696
2 0.375969 0.364864 0.056719 0.112935
4 0.243938 0.301698 0.064813 0.127473
4 0.204484 0.497283 0.075000 0.128804
4 0.343500 0.906005 0.064281 0.131141
4 0.411688 0.593845 0.067437 0.104701
4 0.334297 0.457201 0.053594 0.125272
4 0.434227 0.363492 0.073047 0.122908
1 0.367219 0.153967 0.063594 0.104076
1 0.569484 0.291563 0.063156 0.132147
1 0.612898 0.402133 0.070953 0.128288
1 0.580211 0.492473 0.059578 0.115435
1 0.581734 0.620720 0.067656 0.105788
1 0.270734 0.792527 0.080469 0.134239
1 0.290125 0.683098 0.074187 0.132500
1 0.289992 0.547283 0.066047 0.120543
3 0.314367 0.335639 0.066953 0.119755
3 0.270664 0.431114 0.067203 0.125815
3 0.227883 0.623573 0.073859 0.127310
3 0.223844 0.751196 0.077656 0.128696
3 0.340469 0.770938 0.079219 0.121005
3 0.410445 0.896495 0.076078 0.133696
3 0.494102 0.877011 0.082734 0.118750
3 0.532281 0.577052 0.051875 0.127310
3 0.477219 0.547541 0.072969 0.096277
3 0.476719 0.450245 0.072344 0.100978
3 0.401984 0.266440 0.074031 0.083370
