3 0.397109 0.348741 0.050917 0.089074
4 0.497781 0.267148 0.061813 0.086574
3 0.484440 0.340940 0.049297 0.086861
4 0.418589 0.273139 0.057802 0.101815
0 0.185846 0.360083 0.046370 0.090667
0 0.244536 0.390463 0.053156 0.090926
0 0.268500 0.333722 0.057938 0.071981
0 0.453107 0.551157 0.052693 0.074889
1 0.238865 0.651444 0.051135 0.088315
1 0.206208 0.425324 0.041792 0.086130
0 0.233706 0.260856 0.049286 0.058361
0 0.278964 0.264796 0.042521 0.068722
1 0.216953 0.326310 0.043490 0.082472
3 0.311932 0.228926 0.050292 0.065833
3 0.359792 0.214352 0.057990 0.071759
1 0.316484 0.542597 0.052094 0.093454
4 0.255932 0.193824 0.056417 0.079000
4 0.487536 0.622088 0.049240 0.085861
2 0.472935 0.407676 0.044505 0.090833
1 0.362307 0.327231 0.038854 0.087574
3 0.463523 0.471579 0.053974 0.085861
3 0.475378 0.902028 0.059661 0.104352
4 0.323206 0.678370 0.063453 0.087574
1 0.421146 0.622222 0.048271 0.094278
1 0.304159 0.933435 0.077630 0.116222
3 0.468508 0.983801 0.065453 0.032398
3 0.564935 0.717412 0.065203 0.107269
3 0.462690 0.685458 0.049755 0.093250
3 0.802164 0.959120 0.084318 0.081759
1 0.227669 0.939120 0.076099 0.121759
4 0.340956 0.520380 0.062828 0.101389
0 0.327346 0.432926 0.050599 0.094222
3 0.607786 0.472569 0.058833 0.110269
1 0.525549 0.641704 0.048141 0.083907
1 0.503471 0.715495 0.055245 0.094769
1 0.518768 0.424227 0.049474 0.094491
2 0.436841 0.365051 0.050984 0.086787
2 0.229609 0.493907 0.049990 0.079352
2 0.296510 0.338245 0.050156 0.078806
2 0.332229 0.287810 0.045458 0.075731
2 0.443753 0.488667 0.059745 0.095704
3 0.376070 0.569412 0.059016 0.099491
3 0.511344 0.520977 0.063312 0.103065
3 0.405104 0.431306 0.056219 0.088833
