0 0.591492 0.210231 0.062859 0.137962
0 0.498953 0.157038 0.068125 0.098859
0 0.534930 0.238030 0.064516 0.122092
0 0.566531 0.317052 0.069625 0.124375
0 0.688648 0.560897 0.059609 0.116141
0 0.694500 0.675992 0.063281 0.127364
0 0.467070 0.671929 0.081203 0.093587
0 0.465289 0.469429 0.071766 0.121196
0 0.375023 0.220924 0.064141 0.130380
2 0.551062 0.635258 0.070031 0.132255
2 0.643734 0.724293 0.068750 0.128696
2 0.578922 0.735992 0.069875 0.132255
2 0.517742 0.751671 0.071078 0.120462
2 0.424781 0.582079 0.071438 0.134864
2 0.604820 0.413587 0.059391 0.128696
2 0.448594 0.359620 0.056719 0.112935
4 0.328219 0.301698 0.064813 0.127473
4 0.287391 0.474239 0.075000 0.128804
4 0.425063 0.861087 0.064281 0.131141
4 0.483563 0.573465 0.067438 0.104701
4 0.409742 0.445367 0.053609 0.125299
4 0.505430 0.367894 0.064922 0.122908
1 0.441906 0.187976 0.063594 0.104103
1 0.636281 0.303872 0.063156 0.132147
1 0.674000 0.408370 0.070969 0.128315
1 0.649492 0.506386 0.059578 0.115435
1 0.643500 0.610978 0.067656 0.105815
1 0.348109 0.809905 0.080469 0.134266
1 0.378992 0.670693 0.074172 0.132473
1 0.377664 0.548451 0.066047 0.120543
3 0.388453 0.332486 0.066969 0.119755
3 0.346781 0.424022 0.067219 0.125815
3 0.307070 0.599348 0.073859 0.127337
3 0.303031 0.709511 0.077656 0.128696
3 0.413187 0.745408 0.079219 0.121033
3 0.480094 0.852772 0.078156 0.133696
3 0.556648 0.843913 0.084141 0.118750
3 0.595500 0.563451 0.051875 0.127337
3 0.539734 0.532568 0.072969 0.096277
3 0.539469 0.438818 0.072344 0.100951
3 0.474031 0.275014 0.074031 0.083397
