0 0.490789 0.240054 0.058453 0.106576
0 0.405148 0.205109 0.059047 0.091196
0 0.435500 0.272582 0.056875 0.111250
0 0.467062 0.350027 0.060813 0.112337
0 0.584016 0.565978 0.050281 0.102826
0 0.590758 0.675815 0.055672 0.115870
0 0.374609 0.680734 0.067656 0.085815
0 0.372438 0.496250 0.062313 0.108696
0 0.290422 0.265054 0.053406 0.114457
2 0.450188 0.646848 0.062375 0.107826
2 0.540078 0.719348 0.057781 0.093478
2 0.483531 0.732595 0.051562 0.097745
2 0.418844 0.751332 0.057312 0.105924
2 0.330828 0.605367 0.051406 0.109592
2 0.498359 0.435014 0.051719 0.105408
2 0.353953 0.396957 0.047406 0.099511
4 0.244609 0.345652 0.059531 0.111304
4 0.210328 0.513179 0.065281 0.112826
4 0.329766 0.860965 0.050375 0.117201
4 0.388734 0.593003 0.062344 0.092310
4 0.318773 0.476427 0.046734 0.111875
4 0.409578 0.397772 0.059719 0.102717
1 0.345719 0.239239 0.053000 0.095870
1 0.524687 0.334742 0.053375 0.105245
1 0.565898 0.431386 0.060578 0.084728
1 0.540398 0.518410 0.045609 0.086114
1 0.540391 0.621753 0.060375 0.096875
1 0.261180 0.813967 0.059922 0.093804
1 0.283391 0.684701 0.059594 0.091359
1 0.279297 0.561834 0.050906 0.106929
3 0.304922 0.372799 0.057656 0.108370
3 0.263656 0.455149 0.058375 0.104701
3 0.229328 0.620367 0.063031 0.110571
3 0.223531 0.728519 0.064312 0.105951
3 0.326094 0.747772 0.066875 0.104022
3 0.388508 0.848940 0.061578 0.114511
3 0.460906 0.834592 0.067563 0.093207
3 0.495187 0.575068 0.044813 0.112527
3 0.443672 0.550462 0.062031 0.083533
3 0.444609 0.467486 0.062344 0.081929
3 0.379273 0.313804 0.065266 0.082065
