0 0.549125 0.246916 0.062875 0.123723
0 0.460211 0.207853 0.068109 0.098859
0 0.492109 0.278818 0.064500 0.122092
0 0.524227 0.358655 0.069641 0.124375
0 0.642422 0.583370 0.058219 0.116141
0 0.649289 0.697269 0.065297 0.127364
0 0.431273 0.697147 0.081203 0.093587
0 0.426898 0.502500 0.071766 0.121196
0 0.343414 0.267024 0.064141 0.130408
2 0.503695 0.659334 0.072016 0.133397
2 0.594016 0.744986 0.068750 0.118071
2 0.539500 0.748410 0.069875 0.132255
2 0.475305 0.771128 0.064203 0.120571
2 0.384219 0.608478 0.071438 0.134837
2 0.556789 0.446087 0.059391 0.128696
2 0.410539 0.396861 0.060141 0.114103
4 0.295344 0.347785 0.060656 0.127473
4 0.257719 0.516793 0.075000 0.128804
4 0.381953 0.881250 0.064281 0.131141
4 0.445047 0.601834 0.067438 0.104701
4 0.372070 0.483179 0.053609 0.125272
4 0.460437 0.396929 0.064906 0.122935
1 0.398156 0.226997 0.063594 0.104103
1 0.580484 0.341535 0.063156 0.132147
1 0.616688 0.432011 0.070969 0.128315
1 0.589367 0.534701 0.059578 0.115435
1 0.594602 0.634687 0.065516 0.108016
1 0.308016 0.831766 0.080469 0.134239
1 0.332773 0.696698 0.074172 0.132473
1 0.333383 0.573668 0.066047 0.120543
3 0.355281 0.375761 0.066969 0.119783
3 0.313750 0.454049 0.067219 0.125815
3 0.276828 0.630666 0.073875 0.127310
3 0.272758 0.744973 0.075672 0.128696
3 0.379984 0.765421 0.079219 0.121005
3 0.441117 0.869307 0.078172 0.133723
3 0.516328 0.858560 0.078750 0.110380
3 0.551828 0.594484 0.051875 0.127337
3 0.500430 0.562690 0.068203 0.102174
3 0.500047 0.479008 0.072344 0.100951
3 0.435281 0.315204 0.074031 0.083397
