4 0.569844 0.367378 0.090313 0.129375
0 0.347805 0.343601 0.088828 0.132201
0 0.315461 0.478587 0.079703 0.161304
0 0.363523 0.605353 0.088734 0.159239
0 0.418422 0.845122 0.083625 0.147418
0 0.738547 0.626685 0.074219 0.167772
0 0.646906 0.862215 0.084000 0.160734
0 0.579836 0.793981 0.077516 0.154158
0 0.512391 0.991141 0.087625 0.017717
0 0.430039 0.992486 0.084266 0.015027
3 0.492734 0.168967 0.084844 0.123315
3 0.417758 0.257242 0.088859 0.137690
3 0.477797 0.444715 0.072969 0.142255
3 0.449180 0.579348 0.077828 0.140380
3 0.623742 0.290530 0.080609 0.146114
3 0.668094 0.381427 0.084563 0.142310
3 0.733289 0.472106 0.084078 0.132418
3 0.517820 0.709280 0.089797 0.136223
3 0.500703 0.853954 0.080500 0.153668
3 0.346406 0.900177 0.086875 0.148071
3 0.347141 0.984239 0.086563 0.031522
4 0.596797 0.654226 0.080594 0.143016
4 0.673133 0.715027 0.083328 0.154076
4 0.696836 0.950177 0.091797 0.099647
4 0.340609 0.746997 0.089969 0.150136
4 0.548234 0.456658 0.088344 0.155163
2 0.591492 0.093981 0.086297 0.133886
2 0.570898 0.228193 0.083766 0.141277
2 0.399688 0.459565 0.085938 0.146087
2 0.453930 0.953125 0.087422 0.093750
2 0.599508 0.984321 0.083328 0.031359
2 0.249953 0.748397 0.090937 0.157826
1 0.235320 0.602731 0.093141 0.137582
1 0.257500 0.912024 0.094063 0.168234
1 0.561477 0.932527 0.080297 0.134946
1 0.499234 0.303546 0.085031 0.134918
1 0.654086 0.206087 0.082859 0.138804
1 0.675656 0.563465 0.070688 0.155299
1 0.609492 0.512772 0.074359 0.146739
1 0.530430 0.578302 0.087797 0.122092
2 0.425883 0.711223 0.089828 0.135272
