0 0.526617 0.202527 0.063609 0.109511
0 0.442203 0.168207 0.068125 0.094076
0 0.471422 0.229117 0.061719 0.124538
0 0.506203 0.305965 0.069437 0.120571
0 0.626016 0.508193 0.059625 0.116114
0 0.633484 0.621617 0.063281 0.127364
0 0.412125 0.621141 0.080625 0.101739
0 0.407633 0.440435 0.071766 0.121196
0 0.327758 0.217989 0.061359 0.120924
2 0.488719 0.585611 0.070781 0.132255
2 0.581875 0.662826 0.068750 0.128696
2 0.528047 0.669443 0.069875 0.132255
2 0.461789 0.684592 0.071078 0.120489
2 0.366219 0.542459 0.071438 0.134864
2 0.538188 0.386196 0.058719 0.128696
2 0.389578 0.332636 0.056719 0.112935
4 0.279172 0.297432 0.064812 0.127473
4 0.240469 0.458193 0.075000 0.131114
4 0.360445 0.806658 0.062234 0.145870
4 0.427266 0.534198 0.069438 0.095136
4 0.354773 0.420408 0.053609 0.125272
4 0.445242 0.341902 0.073047 0.108696
1 0.386250 0.181087 0.063594 0.104076
1 0.566047 0.276549 0.063156 0.133261
1 0.604906 0.381970 0.070969 0.128288
1 0.579477 0.449620 0.059578 0.115435
1 0.583437 0.563071 0.068969 0.118859
1 0.289656 0.759660 0.080469 0.134266
1 0.311883 0.623274 0.074172 0.132473
1 0.313477 0.507310 0.066047 0.120543
3 0.337141 0.324823 0.066969 0.119755
3 0.295125 0.402255 0.067219 0.125815
3 0.257453 0.559932 0.073875 0.127310
3 0.251047 0.668315 0.077656 0.128696
3 0.359891 0.688872 0.079219 0.121005
3 0.423195 0.794103 0.076078 0.136522
3 0.503617 0.778315 0.082734 0.118750
3 0.535844 0.519416 0.051875 0.127310
3 0.480953 0.493166 0.072969 0.096277
3 0.482953 0.412323 0.072344 0.100951
3 0.415617 0.264130 0.074016 0.083370
