0 0.515219 0.172092 0.067625 0.122011
0 0.417133 0.131264 0.069922 0.103125
0 0.452617 0.207201 0.064203 0.127228
0 0.488687 0.298736 0.071719 0.127799
0 0.623047 0.546101 0.059344 0.118777
0 0.630797 0.671685 0.063281 0.130978
0 0.384016 0.676291 0.080625 0.092636
0 0.381703 0.464321 0.070938 0.121196
0 0.285438 0.198560 0.060219 0.129728
2 0.468719 0.636821 0.061500 0.103533
2 0.573477 0.726644 0.064828 0.106712
2 0.506719 0.739063 0.052625 0.110625
2 0.433570 0.761005 0.064922 0.116576
2 0.331281 0.592636 0.059844 0.130978
2 0.525125 0.394402 0.058937 0.123913
2 0.360203 0.354239 0.052281 0.114402
4 0.234156 0.293628 0.065063 0.127473
4 0.195500 0.484280 0.074219 0.128016
4 0.333000 0.881250 0.054563 0.128804
4 0.398164 0.576712 0.069109 0.101087
4 0.318898 0.440978 0.053609 0.125815
4 0.422734 0.351861 0.067250 0.120408
1 0.349188 0.170149 0.063594 0.104103
1 0.553281 0.283723 0.055656 0.105978
1 0.600141 0.390639 0.067844 0.103071
1 0.568547 0.485516 0.045156 0.103424
1 0.572516 0.606848 0.064219 0.100978
1 0.249781 0.825639 0.055750 0.088071
1 0.280187 0.680788 0.069062 0.113098
1 0.279344 0.545883 0.056406 0.108668
3 0.300867 0.327106 0.066891 0.126060
3 0.256695 0.421984 0.065141 0.128804
3 0.215852 0.606916 0.071172 0.126440
3 0.210227 0.731902 0.075672 0.123152
3 0.329031 0.754022 0.077812 0.113152
3 0.400188 0.871196 0.071813 0.130978
3 0.483797 0.854511 0.076719 0.102935
3 0.520453 0.556970 0.052719 0.127418
3 0.463297 0.528804 0.072969 0.098641
3 0.463109 0.430870 0.072344 0.091576
3 0.388812 0.254592 0.074594 0.090163
