3 0.339911 0.177028 0.050917 0.089074
4 0.442510 0.094324 0.061813 0.086574
3 0.421320 0.184356 0.049297 0.086861
4 0.368021 0.117074 0.057802 0.101815
0 0.113687 0.162102 0.046375 0.090667
0 0.193141 0.251773 0.053156 0.090917
0 0.217706 0.074532 0.058620 0.071991
0 0.388740 0.381606 0.052698 0.074880
1 0.171763 0.464255 0.055745 0.100472
1 0.132607 0.221750 0.041797 0.086130
0 0.158253 0.071968 0.049286 0.058361
0 0.197031 0.130856 0.042521 0.068731
1 0.148542 0.127023 0.043490 0.082472
3 0.242727 0.033778 0.050286 0.065833
3 0.298427 0.033130 0.057990 0.063296
1 0.253984 0.358250 0.052094 0.093463
4 0.193193 0.036037 0.056417 0.070407
4 0.417992 0.453199 0.049245 0.085861
2 0.391690 0.201917 0.044495 0.084796
1 0.299221 0.144704 0.038849 0.087574
3 0.395456 0.302986 0.053974 0.085861
3 0.475378 0.902028 0.059661 0.104352
4 0.256206 0.477083 0.065714 0.095667
1 0.356229 0.461111 0.048271 0.094278
1 0.232414 0.754111 0.077630 0.114407
3 0.383763 0.840194 0.065453 0.097389
3 0.497177 0.552157 0.065198 0.107259
3 0.391667 0.512394 0.049760 0.093250
3 0.709721 0.843338 0.091130 0.103231
1 0.227669 0.939120 0.076099 0.121759
4 0.340956 0.520380 0.062828 0.101389
0 0.258031 0.253810 0.052833 0.092176
3 0.538997 0.320829 0.058828 0.110269
1 0.461633 0.491866 0.048141 0.083898
1 0.434836 0.551449 0.055245 0.094769
1 0.444076 0.258486 0.045693 0.094491
2 0.721078 0.197815 0.050979 0.086778
2 0.168042 0.285310 0.049990 0.079361
2 0.241576 0.154579 0.050172 0.078806
2 0.273138 0.117255 0.045453 0.075731
2 0.443753 0.488667 0.059745 0.095704
3 0.303721 0.394329 0.059016 0.099491
3 0.451602 0.368301 0.063307 0.103065
3 0.347068 0.280366 0.056219 0.088824
