3 0.388302 0.365611 0.053208 0.094852
4 0.563812 0.308611 0.063781 0.104444
3 0.445958 0.332903 0.058948 0.097583
4 0.483352 0.297046 0.048318 0.101815
0 0.233117 0.348352 0.046370 0.072185
0 0.287273 0.386583 0.053161 0.085907
0 0.312766 0.326222 0.040594 0.083796
0 0.381388 0.305801 0.058953 0.065306
1 0.328471 0.391847 0.042526 0.070231
1 0.239201 0.405657 0.041797 0.069185
0 0.283651 0.262037 0.058958 0.049796
0 0.337117 0.259662 0.042526 0.068731
1 0.270479 0.303968 0.043490 0.082472
3 0.371482 0.233866 0.051224 0.069194
3 0.422464 0.239880 0.057990 0.071759
1 0.353354 0.329889 0.034792 0.068722
4 0.314456 0.199074 0.047359 0.068333
3 0.438823 0.951231 0.076385 0.097537
3 0.546703 0.676319 0.071521 0.115120
3 0.799651 0.885537 0.083708 0.107389
1 0.300773 0.903389 0.080547 0.120019
4 0.350768 0.676097 0.062828 0.101380
0 0.273448 0.463370 0.044865 0.087500
3 0.285974 0.560065 0.053146 0.103796
1 0.401021 0.530523 0.067271 0.092787
1 0.442971 0.571264 0.058891 0.086120
1 0.481534 0.499032 0.053318 0.109157
2 0.478716 0.404296 0.056401 0.088093
2 0.267927 0.649741 0.053354 0.096259
2 0.238326 0.497190 0.047755 0.077269
2 0.309013 0.463931 0.042339 0.089083
2 0.352771 0.477505 0.048885 0.080694
3 0.329682 0.529972 0.063792 0.101037
3 0.391229 0.605380 0.056385 0.100370
3 0.421156 0.421458 0.067094 0.088824
