3 0.425172 0.328625 0.050917 0.089083
4 0.540875 0.233028 0.061812 0.086574
3 0.509201 0.320097 0.049297 0.086861
4 0.450109 0.255611 0.057802 0.101815
0 0.209513 0.337806 0.046370 0.090667
0 0.267391 0.382171 0.053156 0.090917
0 0.292362 0.304032 0.054328 0.071991
0 0.484122 0.542579 0.052693 0.074880
1 0.270604 0.629949 0.045615 0.088324
1 0.228242 0.400912 0.041797 0.086120
0 0.262711 0.236088 0.049286 0.058361
0 0.306607 0.235745 0.042526 0.068731
1 0.249807 0.301542 0.043490 0.082472
3 0.338315 0.215102 0.050286 0.065833
3 0.387161 0.191963 0.057990 0.071759
1 0.349547 0.524356 0.047333 0.093454
4 0.292896 0.174366 0.056417 0.079009
4 0.522609 0.594986 0.049240 0.085861
2 0.506943 0.382060 0.044510 0.090824
1 0.396477 0.308287 0.038849 0.087574
3 0.482008 0.455894 0.053974 0.085861
3 0.475378 0.902028 0.059661 0.104352
4 0.352188 0.647787 0.063458 0.087574
1 0.449664 0.603199 0.048276 0.094269
1 0.329599 0.914537 0.077625 0.116222
3 0.490141 0.980162 0.065458 0.039676
3 0.593951 0.699935 0.065203 0.107259
3 0.486008 0.665505 0.049755 0.093250
3 0.826185 0.954435 0.084318 0.091130
1 0.227669 0.939120 0.076099 0.121759
4 0.340956 0.520380 0.062828 0.101389
0 0.353451 0.420690 0.050599 0.094213
3 0.630310 0.458296 0.058828 0.110259
1 0.561737 0.635213 0.048141 0.083907
1 0.531391 0.696551 0.055250 0.094769
1 0.543091 0.411810 0.049474 0.094491
2 0.465250 0.331157 0.050979 0.086778
2 0.259047 0.471356 0.051417 0.082731
2 0.336945 0.299356 0.050151 0.078806
2 0.372810 0.267606 0.045453 0.075731
2 0.443753 0.488667 0.059745 0.095704
3 0.401867 0.560514 0.059016 0.099491
3 0.534810 0.508208 0.063307 0.103065
3 0.440818 0.421278 0.056219 0.088833
