3 0.370052 0.292519 0.053208 0.084074
4 0.552943 0.243769 0.063781 0.104444
3 0.427539 0.254532 0.058943 0.097583
4 0.473935 0.240134 0.043495 0.082472
0 0.206951 0.260324 0.046370 0.072185
0 0.262516 0.309287 0.053156 0.085907
0 0.291026 0.234324 0.040594 0.083796
0 0.366411 0.214833 0.058958 0.064463
1 0.305924 0.305431 0.042526 0.067009
1 0.216242 0.318097 0.040589 0.096213
0 0.261307 0.174435 0.058958 0.049796
0 0.318570 0.200611 0.042526 0.068722
1 0.249948 0.210931 0.043490 0.082472
3 0.355177 0.159255 0.051229 0.056306
3 0.404651 0.160977 0.057990 0.071769
1 0.329604 0.252597 0.034792 0.068731
4 0.302982 0.122852 0.047359 0.068333
3 0.440940 0.940745 0.080620 0.118509
3 0.524964 0.599023 0.071521 0.115120
3 0.790958 0.855694 0.083479 0.121093
1 0.287367 0.843139 0.083120 0.132296
4 0.331443 0.593431 0.066448 0.107824
0 0.251104 0.381787 0.044865 0.087500
3 0.264234 0.482056 0.053146 0.103796
1 0.381695 0.441060 0.067266 0.092787
1 0.423237 0.495389 0.063703 0.094685
1 0.462198 0.431421 0.063792 0.111343
2 0.452753 0.335046 0.062443 0.085926
2 0.239547 0.553130 0.053354 0.096259
2 0.222919 0.410079 0.056193 0.105194
2 0.291904 0.375903 0.042339 0.089083
2 0.342229 0.386093 0.048885 0.080704
3 0.309552 0.456972 0.063792 0.101037
3 0.378557 0.530213 0.060031 0.104630
3 0.402073 0.341157 0.067094 0.088833
