3 0.387229 0.360361 0.053208 0.094852
4 0.565260 0.300019 0.063781 0.104444
3 0.446562 0.326458 0.058948 0.097583
4 0.484560 0.284162 0.048318 0.101824
0 0.233922 0.341907 0.046375 0.072185
0 0.288177 0.380144 0.053156 0.085917
0 0.314578 0.323000 0.040594 0.083796
0 0.383563 0.301287 0.058958 0.064870
1 0.329680 0.386208 0.042526 0.068620
1 0.239201 0.398796 0.041797 0.065741
0 0.283953 0.258815 0.058958 0.049796
0 0.337747 0.260412 0.042526 0.068731
1 0.270479 0.298245 0.043490 0.082472
3 0.369669 0.227426 0.051224 0.069185
3 0.424276 0.230218 0.057990 0.071769
1 0.354563 0.326671 0.034792 0.068731
4 0.316872 0.192634 0.047359 0.068324
3 0.439128 0.949731 0.076995 0.100537
3 0.546703 0.669884 0.071521 0.115120
3 0.798411 0.881278 0.083677 0.109352
1 0.299799 0.898421 0.081016 0.122250
4 0.351372 0.673949 0.062828 0.101380
0 0.274958 0.454787 0.044865 0.087500
3 0.285974 0.556486 0.053146 0.103787
1 0.400331 0.527458 0.067266 0.092787
1 0.442167 0.565542 0.058885 0.086120
1 0.482740 0.492597 0.052510 0.109157
2 0.481133 0.398394 0.056401 0.088083
2 0.266719 0.636861 0.053354 0.096259
2 0.240258 0.489458 0.047755 0.077269
2 0.308107 0.454269 0.042339 0.089074
2 0.353211 0.467745 0.048891 0.080694
3 0.330888 0.525676 0.063786 0.101037
3 0.391229 0.601083 0.056385 0.100370
3 0.422120 0.413731 0.067094 0.088833
