4 0.566242 0.353927 0.082922 0.119484
0 0.346336 0.336223 0.088828 0.132174
0 0.315539 0.468492 0.079703 0.142364
0 0.361328 0.592092 0.088719 0.147880
0 0.415156 0.826793 0.078781 0.139022
0 0.732297 0.605883 0.074219 0.167745
0 0.643203 0.834674 0.080656 0.160761
0 0.576984 0.775068 0.077500 0.154158
0 0.512086 0.990883 0.087609 0.018234
0 0.426992 0.993234 0.084266 0.013533
3 0.488789 0.165421 0.084828 0.123288
3 0.417195 0.248791 0.086109 0.131658
3 0.473586 0.431372 0.072984 0.142255
3 0.445359 0.567065 0.074594 0.140380
3 0.615586 0.277704 0.078891 0.146114
3 0.661188 0.366535 0.081250 0.142310
3 0.727164 0.456984 0.084078 0.132446
3 0.514148 0.693438 0.089797 0.136223
3 0.497844 0.835054 0.080500 0.150870
3 0.347117 0.878193 0.082734 0.148071
3 0.347141 0.972446 0.086563 0.055109
4 0.594484 0.636264 0.080594 0.143016
4 0.667148 0.691617 0.083328 0.154049
4 0.693789 0.939266 0.091797 0.121467
4 0.341484 0.728546 0.086594 0.150136
4 0.545773 0.440679 0.085109 0.140163
2 0.583203 0.082201 0.086313 0.124076
2 0.563305 0.216209 0.078047 0.141277
2 0.397375 0.444755 0.085938 0.142446
2 0.453930 0.944266 0.087422 0.111467
2 0.597898 0.980815 0.083328 0.038370
2 0.252398 0.731372 0.090953 0.157799
1 0.236273 0.589728 0.093141 0.133315
1 0.259547 0.892880 0.094063 0.168261
1 0.560789 0.917378 0.080297 0.154973
1 0.494719 0.292459 0.081000 0.129266
1 0.647289 0.189932 0.077703 0.135190
1 0.668750 0.544307 0.066687 0.155299
1 0.603508 0.495883 0.074359 0.143125
1 0.526594 0.560802 0.078906 0.122092
2 0.424539 0.695149 0.082516 0.135299
