0 0.508570 0.225054 0.062859 0.123696
0 0.422406 0.179049 0.068125 0.098859
0 0.453031 0.250000 0.064500 0.122120
0 0.484891 0.329321 0.069625 0.124402
0 0.601562 0.560761 0.058219 0.116141
0 0.610219 0.669022 0.063281 0.127337
0 0.384930 0.669742 0.081203 0.093560
0 0.385320 0.477283 0.071766 0.121196
0 0.300930 0.240734 0.064141 0.130380
2 0.471242 0.646889 0.072016 0.133397
2 0.559969 0.723410 0.068750 0.118071
2 0.496688 0.730965 0.069875 0.132255
2 0.438602 0.749253 0.064203 0.120571
2 0.342828 0.598370 0.071438 0.134837
2 0.518305 0.429701 0.059391 0.128696
2 0.369664 0.378709 0.060141 0.114103
4 0.253984 0.325014 0.060656 0.127473
4 0.216031 0.495340 0.075000 0.128777
4 0.340438 0.854592 0.064281 0.131141
4 0.404469 0.584226 0.067437 0.104701
4 0.330852 0.463764 0.053609 0.125299
4 0.422016 0.382921 0.064906 0.122908
1 0.361891 0.220557 0.063594 0.104103
1 0.549844 0.332976 0.063156 0.132147
1 0.592445 0.428166 0.070953 0.128288
1 0.570867 0.513478 0.059578 0.115435
1 0.562172 0.619484 0.065531 0.107989
1 0.265125 0.821318 0.080469 0.134266
1 0.294133 0.683709 0.074172 0.132473
1 0.287273 0.554674 0.066047 0.120543
3 0.311781 0.353302 0.066969 0.119755
3 0.272430 0.438207 0.067203 0.125815
3 0.234687 0.605258 0.073875 0.127310
3 0.229937 0.716603 0.075687 0.128696
3 0.340555 0.742310 0.079234 0.121033
3 0.399891 0.841535 0.078156 0.133723
3 0.477148 0.833234 0.078766 0.110380
3 0.512234 0.566997 0.051875 0.127310
3 0.458711 0.542418 0.068203 0.102174
3 0.462328 0.451522 0.072344 0.100978
3 0.394781 0.291332 0.074031 0.083370
