0 0.521906 0.227935 0.063625 0.109511
0 0.436070 0.191821 0.068109 0.094076
0 0.465852 0.262649 0.061703 0.124538
0 0.497508 0.333071 0.064734 0.104293
0 0.615586 0.546033 0.059609 0.116141
0 0.627266 0.654552 0.063281 0.127364
0 0.403344 0.654769 0.080625 0.101712
0 0.399594 0.468451 0.071750 0.121196
0 0.316914 0.244796 0.061359 0.120951
2 0.482484 0.626046 0.070781 0.132255
2 0.572594 0.701264 0.068750 0.128668
2 0.515117 0.706345 0.069859 0.132255
2 0.450164 0.726372 0.071078 0.120462
2 0.357359 0.578791 0.071438 0.134864
2 0.527766 0.422391 0.058719 0.128696
2 0.384195 0.371821 0.056703 0.112935
4 0.268875 0.327405 0.064812 0.127473
4 0.231297 0.486753 0.075000 0.131114
4 0.355305 0.836658 0.062234 0.145870
4 0.420789 0.565910 0.069422 0.095136
4 0.349414 0.455652 0.053609 0.125272
4 0.439977 0.373777 0.073047 0.108696
1 0.380437 0.225720 0.063594 0.104103
1 0.551969 0.319796 0.063156 0.132799
1 0.597289 0.409307 0.070953 0.128288
1 0.574023 0.484592 0.059578 0.115435
1 0.570422 0.591997 0.068969 0.118886
1 0.284547 0.798329 0.080469 0.134266
1 0.303773 0.654144 0.074172 0.132473
1 0.297898 0.531359 0.066047 0.120543
3 0.328313 0.352690 0.066969 0.119783
3 0.289156 0.434837 0.067219 0.125815
3 0.249648 0.592459 0.073859 0.127310
3 0.242531 0.702908 0.077656 0.128696
3 0.355531 0.725557 0.079219 0.121005
3 0.415656 0.829361 0.076094 0.136549
3 0.492070 0.810109 0.082734 0.118750
3 0.526672 0.550340 0.051875 0.127310
3 0.476203 0.524389 0.072969 0.096277
3 0.474453 0.441563 0.072344 0.100951
3 0.410406 0.292283 0.074031 0.083370
