0 0.548367 0.141644 0.063609 0.109538
0 0.446625 0.096046 0.068125 0.095462
0 0.482641 0.175340 0.061719 0.124538
0 0.521078 0.270992 0.070844 0.127799
0 0.675742 0.534891 0.059609 0.116141
0 0.687016 0.677174 0.063281 0.127337
0 0.406914 0.672459 0.080641 0.101712
0 0.402078 0.446957 0.071750 0.121196
0 0.300906 0.155924 0.061375 0.120924
2 0.503187 0.641168 0.070781 0.132228
2 0.617219 0.743207 0.068750 0.128696
2 0.545297 0.748981 0.068469 0.118125
2 0.464391 0.770584 0.071094 0.120462
2 0.344813 0.582459 0.071438 0.134864
2 0.559969 0.376060 0.058719 0.128696
2 0.377922 0.321793 0.056719 0.112935
4 0.241563 0.255000 0.064812 0.127446
4 0.189188 0.460014 0.075000 0.131114
4 0.343625 0.912772 0.062250 0.145870
4 0.422023 0.566318 0.069422 0.095136
4 0.333617 0.413478 0.053609 0.125272
4 0.447633 0.324783 0.073047 0.108696
1 0.366453 0.141291 0.063594 0.104103
1 0.591938 0.264334 0.063156 0.133234
1 0.642570 0.381196 0.070953 0.128315
1 0.611430 0.476223 0.059578 0.115435
1 0.617312 0.609158 0.068969 0.118859
1 0.252266 0.859552 0.080469 0.134266
1 0.280438 0.677785 0.074187 0.132473
1 0.282523 0.527772 0.066047 0.120543
3 0.316398 0.287582 0.066953 0.119783
3 0.263180 0.394484 0.067203 0.125815
3 0.211234 0.595204 0.073875 0.127310
3 0.201078 0.731984 0.077656 0.128696
3 0.335703 0.767853 0.079219 0.121033
3 0.421320 0.899103 0.076078 0.136522
3 0.521961 0.881739 0.082734 0.118750
3 0.560828 0.544552 0.051875 0.127310
3 0.493859 0.511291 0.072969 0.096277
3 0.490875 0.408682 0.072344 0.100951
3 0.410141 0.219457 0.074031 0.083370
