0 0.498344 0.239226 0.060344 0.108234
0 0.410977 0.202921 0.059453 0.091712
0 0.441844 0.270516 0.058125 0.111957
0 0.475320 0.352310 0.063359 0.113859
0 0.594297 0.573438 0.050781 0.103560
0 0.600328 0.684810 0.057313 0.114946
0 0.379875 0.691603 0.069781 0.082337
0 0.378164 0.500747 0.063828 0.109918
0 0.293164 0.266033 0.054453 0.114674
2 0.455891 0.649946 0.060438 0.100217
2 0.547750 0.726875 0.064156 0.096196
2 0.487750 0.741304 0.051562 0.089511
2 0.423937 0.762745 0.058688 0.095054
2 0.334594 0.609239 0.052687 0.116848
2 0.506727 0.438832 0.055797 0.103859
2 0.358875 0.398057 0.050937 0.093125
4 0.244789 0.345693 0.057922 0.111223
4 0.211289 0.520516 0.066797 0.115217
4 0.333188 0.871033 0.049844 0.116576
4 0.394734 0.602908 0.063594 0.090000
4 0.323305 0.481563 0.048859 0.114484
4 0.415180 0.400584 0.062391 0.106060
1 0.347539 0.237052 0.056641 0.100897
1 0.532758 0.335734 0.052609 0.105978
1 0.572828 0.435163 0.059312 0.082500
1 0.544234 0.517962 0.047656 0.086902
1 0.545664 0.624864 0.056641 0.095652
1 0.261547 0.823179 0.054500 0.078587
1 0.286633 0.695136 0.057984 0.099946
1 0.277648 0.563533 0.054859 0.110380
3 0.306445 0.378750 0.060703 0.115000
3 0.266062 0.464198 0.060156 0.114810
3 0.230156 0.629633 0.064000 0.113016
3 0.225289 0.740109 0.067859 0.105815
3 0.330797 0.760815 0.070688 0.104348
3 0.393352 0.863614 0.062922 0.113315
3 0.469289 0.854130 0.071047 0.093207
3 0.502453 0.582215 0.047063 0.114701
3 0.451734 0.555707 0.062688 0.083696
3 0.450727 0.470829 0.064172 0.080625
3 0.384672 0.313207 0.067531 0.079130
