0 0.537945 0.156223 0.063609 0.109511
0 0.447531 0.113234 0.068125 0.094076
0 0.480258 0.178899 0.061703 0.124538
0 0.515430 0.266617 0.070859 0.127799
0 0.644484 0.480516 0.059625 0.116141
0 0.654609 0.604280 0.063281 0.127364
0 0.413719 0.600340 0.080625 0.101712
0 0.411180 0.401332 0.071766 0.121196
0 0.323336 0.167147 0.061359 0.120924
2 0.502516 0.570829 0.070781 0.132255
2 0.594109 0.653967 0.068750 0.128696
2 0.535750 0.663927 0.069875 0.132255
2 0.465867 0.681440 0.071078 0.120489
2 0.371422 0.518071 0.071438 0.134837
2 0.551805 0.345625 0.058703 0.128696
2 0.392703 0.295516 0.056719 0.112935
4 0.272484 0.250258 0.064812 0.127473
4 0.230984 0.418655 0.075000 0.131114
4 0.360961 0.799293 0.062234 0.145870
4 0.434266 0.504851 0.069437 0.095136
4 0.354687 0.382745 0.053594 0.125272
4 0.453937 0.309647 0.073062 0.108696
1 0.384469 0.131236 0.063594 0.104103
1 0.582250 0.253981 0.063156 0.133234
1 0.626563 0.348560 0.070969 0.128315
1 0.594367 0.429375 0.059578 0.115435
1 0.598953 0.535883 0.068969 0.118886
1 0.285734 0.758424 0.080469 0.134239
1 0.310055 0.600448 0.074172 0.132473
1 0.311070 0.472473 0.066047 0.120543
3 0.334531 0.282459 0.066969 0.119755
3 0.291047 0.360190 0.067219 0.125815
3 0.249969 0.532554 0.073875 0.127337
3 0.243219 0.653370 0.077656 0.128696
3 0.361828 0.677731 0.079219 0.121005
3 0.428117 0.791535 0.076078 0.136549
3 0.512227 0.776848 0.082734 0.118750
3 0.547922 0.490462 0.051875 0.127337
3 0.492500 0.462228 0.072969 0.096304
3 0.488828 0.370258 0.072344 0.100951
3 0.421469 0.225380 0.074031 0.083370
