0 0.525203 0.242188 0.066906 0.123723
0 0.436078 0.201957 0.068125 0.098859
0 0.470359 0.271726 0.064500 0.122092
0 0.499922 0.350747 0.069625 0.124375
0 0.622719 0.578641 0.058219 0.116141
0 0.624828 0.692541 0.065313 0.127364
0 0.404539 0.690829 0.081203 0.093560
0 0.402086 0.498967 0.071766 0.121196
0 0.318602 0.259918 0.064141 0.130380
2 0.481242 0.661427 0.072016 0.133397
2 0.576453 0.740258 0.068750 0.118071
2 0.522516 0.746630 0.069875 0.132283
2 0.453891 0.769361 0.064187 0.120571
2 0.364516 0.609660 0.071437 0.134864
2 0.537984 0.444511 0.059375 0.128696
2 0.386187 0.397649 0.060125 0.114103
4 0.269813 0.341875 0.060656 0.127446
4 0.234039 0.509103 0.075016 0.128804
4 0.363219 0.877636 0.064281 0.131141
4 0.420578 0.601454 0.067437 0.104701
4 0.348234 0.480815 0.053594 0.125272
4 0.442219 0.398628 0.064906 0.122908
1 0.384141 0.224633 0.063594 0.104103
1 0.567625 0.340530 0.063156 0.132147
1 0.607625 0.434375 0.070969 0.128315
1 0.582195 0.533560 0.059578 0.115435
1 0.577273 0.633505 0.065516 0.107989
1 0.307000 0.834728 0.080469 0.134239
1 0.314195 0.697880 0.074172 0.132500
1 0.317180 0.571304 0.066047 0.120543
3 0.330680 0.371508 0.066953 0.119755
3 0.291047 0.457120 0.067219 0.125815
3 0.253375 0.624171 0.073875 0.127310
3 0.249648 0.739076 0.075672 0.128696
3 0.356102 0.765489 0.079234 0.121033
3 0.420273 0.866943 0.078172 0.133723
3 0.493461 0.855095 0.078766 0.110353
3 0.531609 0.587092 0.051875 0.127337
3 0.477555 0.560326 0.068203 0.102174
3 0.477625 0.475462 0.072344 0.100978
3 0.408781 0.310489 0.074031 0.083370
