0 0.521156 0.215462 0.063625 0.109511
0 0.437883 0.180598 0.068109 0.094076
0 0.466516 0.243383 0.061719 0.124538
0 0.499914 0.315734 0.066078 0.103152
0 0.615805 0.513234 0.059609 0.116141
0 0.623812 0.623601 0.063281 0.127364
0 0.407984 0.623655 0.080625 0.101712
0 0.401289 0.445326 0.071766 0.121196
0 0.324406 0.229538 0.061375 0.120924
2 0.484516 0.596997 0.070781 0.132255
2 0.574789 0.674986 0.068734 0.128668
2 0.518250 0.675408 0.069875 0.132283
2 0.453039 0.694470 0.071078 0.120462
2 0.361023 0.550883 0.071422 0.134864
2 0.531922 0.396440 0.058719 0.128696
2 0.386031 0.346250 0.056719 0.112935
4 0.276766 0.310476 0.064813 0.127473
4 0.238633 0.462677 0.075016 0.131114
4 0.358648 0.812663 0.062234 0.145870
4 0.418672 0.545448 0.069438 0.095136
4 0.351453 0.426168 0.053594 0.125272
4 0.441398 0.358886 0.073047 0.108696
1 0.382937 0.193899 0.063594 0.104103
1 0.558312 0.290000 0.063156 0.133261
1 0.595648 0.390639 0.070953 0.128288
1 0.574836 0.460326 0.059578 0.115435
1 0.575125 0.573709 0.068969 0.118886
1 0.289656 0.762921 0.080469 0.134266
1 0.312227 0.627405 0.074172 0.132473
1 0.315086 0.518478 0.066047 0.120543
3 0.336023 0.331834 0.066953 0.119755
3 0.294922 0.405109 0.067219 0.125815
3 0.257445 0.565068 0.073859 0.127310
3 0.250203 0.674905 0.077656 0.128723
3 0.353281 0.691861 0.079219 0.121005
3 0.417867 0.797962 0.076078 0.136522
3 0.499711 0.781576 0.082734 0.118750
3 0.529859 0.520720 0.051875 0.127310
3 0.476047 0.500136 0.072969 0.096304
3 0.476453 0.417704 0.072344 0.100951
3 0.411984 0.275353 0.074031 0.083370
