0 0.521180 0.157609 0.063609 0.109511
0 0.425891 0.117323 0.068125 0.095462
0 0.458391 0.191481 0.061719 0.124538
0 0.493664 0.271590 0.070859 0.127799
0 0.636016 0.494796 0.059625 0.116114
0 0.650484 0.621916 0.063281 0.127364
0 0.399328 0.634823 0.078594 0.095788
0 0.391234 0.427446 0.067750 0.121196
0 0.295812 0.184891 0.061375 0.120924
2 0.484844 0.601508 0.070781 0.132255
2 0.592297 0.684497 0.068750 0.128668
2 0.525219 0.691590 0.059625 0.118125
2 0.449406 0.717812 0.071094 0.120462
2 0.347844 0.551128 0.062562 0.134864
2 0.534906 0.362215 0.058719 0.112038
2 0.372125 0.319565 0.052656 0.103533
4 0.243938 0.274891 0.064813 0.127446
4 0.201078 0.458247 0.075000 0.131114
4 0.346992 0.846603 0.058922 0.133967
4 0.413805 0.531943 0.069422 0.095136
4 0.331578 0.404620 0.053594 0.125272
4 0.433344 0.322989 0.068281 0.108696
1 0.363734 0.168478 0.063594 0.104076
1 0.561734 0.255326 0.055656 0.105978
1 0.607758 0.352935 0.064172 0.098641
1 0.585969 0.446848 0.054188 0.100000
1 0.576578 0.562554 0.068969 0.112772
1 0.265406 0.812649 0.080469 0.134266
1 0.289133 0.648995 0.074172 0.121739
1 0.283508 0.507690 0.059172 0.120543
3 0.311867 0.299796 0.066953 0.119755
3 0.265883 0.386196 0.065141 0.125815
3 0.222109 0.575095 0.073875 0.127310
3 0.215016 0.695924 0.077656 0.128696
3 0.340687 0.714660 0.079219 0.121005
3 0.416703 0.834878 0.074094 0.136549
3 0.502711 0.812011 0.082734 0.118750
3 0.537719 0.513220 0.051875 0.127310
3 0.476531 0.484239 0.072969 0.088098
3 0.473719 0.390571 0.072344 0.086793
3 0.397906 0.231291 0.074031 0.083397
