0 0.520875 0.227935 0.063625 0.109511
0 0.436328 0.192255 0.068125 0.094076
0 0.462984 0.265068 0.061719 0.124538
0 0.495258 0.333750 0.066078 0.103152
0 0.612117 0.535652 0.059609 0.116141
0 0.623812 0.646019 0.063281 0.127364
0 0.401875 0.644973 0.080625 0.101739
0 0.398219 0.465598 0.071750 0.121196
0 0.318016 0.242296 0.061375 0.120951
2 0.481016 0.616155 0.070781 0.132255
2 0.571172 0.695435 0.068750 0.128696
2 0.513344 0.699959 0.069875 0.132255
2 0.449359 0.714742 0.071094 0.120462
2 0.356531 0.567283 0.071438 0.134837
2 0.525922 0.418505 0.058719 0.128696
2 0.383531 0.369783 0.056719 0.112935
4 0.273844 0.321087 0.064812 0.127446
4 0.234672 0.469090 0.075000 0.131114
4 0.354781 0.825571 0.062250 0.145870
4 0.419906 0.557188 0.069437 0.095136
4 0.347438 0.448342 0.053594 0.125272
4 0.438336 0.370625 0.073047 0.108696
1 0.381406 0.224728 0.063594 0.104076
1 0.550875 0.314864 0.063156 0.133261
1 0.594938 0.406902 0.070969 0.128315
1 0.572836 0.481236 0.059578 0.115462
1 0.568094 0.584538 0.068969 0.118859
1 0.287156 0.782323 0.080469 0.134266
1 0.309664 0.643111 0.074172 0.132473
1 0.307664 0.527582 0.066047 0.120543
3 0.327336 0.350041 0.066953 0.119755
3 0.292516 0.418723 0.067219 0.125815
3 0.252688 0.580041 0.073875 0.127310
3 0.246438 0.690924 0.077656 0.128696
3 0.354734 0.712690 0.079219 0.121033
3 0.415539 0.815761 0.076078 0.136522
3 0.493430 0.797826 0.082734 0.118750
3 0.525719 0.544144 0.051875 0.127310
3 0.474094 0.517188 0.072969 0.096277
3 0.472297 0.437133 0.072344 0.100951
3 0.410203 0.292052 0.074031 0.083397
