0 0.560266 0.110910 0.063625 0.109538
0 0.453422 0.063832 0.068125 0.099565
0 0.492031 0.145204 0.061719 0.124538
0 0.532625 0.239076 0.070844 0.127826
0 0.685258 0.502976 0.059609 0.116114
0 0.695844 0.642296 0.063281 0.127364
0 0.416422 0.642894 0.080625 0.101712
0 0.414312 0.409130 0.071750 0.121196
0 0.310422 0.131114 0.061375 0.120924
2 0.511688 0.602160 0.070781 0.132255
2 0.631109 0.705883 0.068750 0.128668
2 0.555352 0.706427 0.068453 0.118125
2 0.475602 0.736291 0.071078 0.120462
2 0.357047 0.550543 0.071438 0.134837
2 0.571859 0.345870 0.058719 0.128696
2 0.390828 0.286345 0.056719 0.112962
4 0.252781 0.223682 0.064813 0.127473
4 0.203117 0.429280 0.075016 0.131114
4 0.354844 0.873179 0.062250 0.145870
4 0.432898 0.533220 0.069422 0.095136
4 0.345852 0.383329 0.053609 0.125299
4 0.459867 0.292255 0.073047 0.108696
1 0.379656 0.106753 0.063594 0.104103
1 0.604336 0.238329 0.063141 0.133234
1 0.651570 0.355190 0.070953 0.128315
1 0.621758 0.450109 0.059578 0.115435
1 0.626188 0.579606 0.068969 0.118886
1 0.264172 0.822310 0.080469 0.134239
1 0.292539 0.645149 0.074172 0.132473
1 0.295664 0.492120 0.066047 0.120543
3 0.327273 0.259212 0.066953 0.119783
3 0.272695 0.361386 0.067203 0.125815
3 0.222836 0.558193 0.073859 0.127310
3 0.211281 0.694158 0.077656 0.128696
3 0.351000 0.723533 0.079219 0.121033
3 0.431852 0.861277 0.076078 0.136522
3 0.528430 0.843913 0.082734 0.118750
3 0.570125 0.510448 0.051875 0.127310
3 0.504391 0.479959 0.072969 0.096277
3 0.501750 0.373804 0.072344 0.100978
3 0.423063 0.188723 0.074031 0.083370
