0 0.518461 0.149918 0.063609 0.109511
0 0.420797 0.111427 0.068125 0.095462
0 0.453750 0.188329 0.061719 0.124538
0 0.492586 0.269810 0.070859 0.127826
0 0.635648 0.493505 0.059609 0.116141
0 0.648281 0.618071 0.063281 0.127337
0 0.396391 0.630489 0.078594 0.095815
0 0.386484 0.422120 0.067750 0.121196
0 0.290031 0.178383 0.061375 0.120951
2 0.484156 0.600978 0.070781 0.132228
2 0.589359 0.680557 0.068750 0.128668
2 0.524914 0.691046 0.059641 0.118125
2 0.448414 0.717378 0.071078 0.120462
2 0.344438 0.549361 0.062563 0.134864
2 0.534484 0.361046 0.058719 0.112038
2 0.371125 0.318288 0.052656 0.103533
4 0.239187 0.269769 0.064812 0.127473
4 0.197000 0.455285 0.075000 0.131114
4 0.342570 0.841875 0.058922 0.133967
4 0.413187 0.530856 0.069438 0.095136
4 0.326820 0.401658 0.053609 0.125272
4 0.429609 0.315897 0.068281 0.108696
1 0.359656 0.164334 0.063594 0.104103
1 0.561172 0.254266 0.055656 0.105978
1 0.607391 0.351114 0.064187 0.098641
1 0.585797 0.446739 0.054188 0.100000
1 0.575125 0.562391 0.068969 0.114293
1 0.261109 0.812255 0.080469 0.134239
1 0.285867 0.645217 0.074172 0.121739
1 0.278414 0.502364 0.059172 0.120543
3 0.308922 0.292323 0.066969 0.119755
3 0.260789 0.382663 0.065141 0.125815
3 0.215313 0.572147 0.073875 0.127337
3 0.210594 0.691793 0.077656 0.128696
3 0.336375 0.711128 0.079219 0.121005
3 0.412844 0.832921 0.074094 0.136549
3 0.499539 0.808451 0.082734 0.118750
3 0.535672 0.507894 0.051875 0.127310
3 0.474484 0.479918 0.072969 0.088098
3 0.472859 0.389171 0.072344 0.086766
3 0.394516 0.225367 0.074031 0.083397
