0 0.527602 0.175557 0.062859 0.137962
0 0.433531 0.130109 0.068125 0.099946
0 0.468359 0.206073 0.061719 0.124538
0 0.503367 0.301739 0.066828 0.117174
0 0.631391 0.546413 0.059625 0.116141
0 0.638422 0.673030 0.063281 0.127364
0 0.397031 0.674837 0.078531 0.098207
0 0.394258 0.458777 0.071766 0.121196
0 0.300602 0.191957 0.064141 0.130380
2 0.481406 0.631427 0.070031 0.132255
2 0.582047 0.722527 0.068750 0.128696
2 0.518938 0.727133 0.069875 0.132255
2 0.449547 0.749905 0.071094 0.120462
2 0.349344 0.581861 0.071438 0.134864
2 0.539305 0.391576 0.059391 0.128696
2 0.376547 0.343071 0.056719 0.112935
4 0.248813 0.287106 0.064812 0.127473
4 0.206750 0.477391 0.075000 0.128804
4 0.347078 0.877636 0.064281 0.131141
4 0.412195 0.572677 0.067453 0.104701
4 0.331922 0.437310 0.053594 0.125272
4 0.434258 0.352527 0.073047 0.122935
1 0.366547 0.156807 0.063594 0.104103
1 0.569250 0.280245 0.063156 0.132120
1 0.612156 0.387976 0.070969 0.128288
1 0.581008 0.495136 0.059578 0.115435
1 0.581641 0.605353 0.067656 0.105815
1 0.269609 0.795421 0.080469 0.134266
1 0.290523 0.669511 0.074172 0.132500
1 0.289148 0.530136 0.066047 0.120543
3 0.315047 0.317704 0.066969 0.119755
3 0.268734 0.416332 0.067219 0.125815
3 0.228906 0.600829 0.073875 0.127310
3 0.224359 0.725774 0.077656 0.128723
3 0.341484 0.751902 0.079219 0.121033
3 0.410789 0.863397 0.076078 0.133696
3 0.492398 0.853668 0.082734 0.118750
3 0.532391 0.559511 0.051875 0.127337
3 0.475281 0.531182 0.072969 0.096277
3 0.475687 0.433899 0.072344 0.100951
3 0.400742 0.254321 0.074016 0.083370
