0 0.521570 0.213927 0.063609 0.109538
0 0.438367 0.179429 0.068109 0.094076
0 0.467484 0.240856 0.061719 0.124538
0 0.501148 0.313995 0.066359 0.104620
0 0.616805 0.511753 0.059609 0.116114
0 0.624578 0.622622 0.063281 0.127364
0 0.408594 0.622677 0.080625 0.101712
0 0.401914 0.444239 0.071766 0.121196
0 0.324992 0.227690 0.061359 0.120924
2 0.484766 0.595639 0.070781 0.132255
2 0.575375 0.673628 0.068750 0.128668
2 0.519500 0.674022 0.069875 0.132283
2 0.454242 0.692568 0.071078 0.120462
2 0.361891 0.549022 0.071438 0.134837
2 0.532891 0.394864 0.058719 0.128696
2 0.386219 0.344579 0.056719 0.112962
4 0.277406 0.308913 0.064812 0.127446
4 0.238914 0.461997 0.075016 0.131114
4 0.358930 0.811739 0.062234 0.145870
4 0.419352 0.544144 0.069422 0.095136
4 0.351969 0.425299 0.053594 0.125272
4 0.441992 0.356264 0.073047 0.108668
1 0.383453 0.191916 0.063594 0.104103
1 0.559961 0.287133 0.063141 0.133234
1 0.596719 0.390639 0.070969 0.128288
1 0.574977 0.458832 0.059578 0.115435
1 0.576578 0.573030 0.068969 0.118886
1 0.289828 0.761957 0.080469 0.134239
1 0.312172 0.626780 0.074187 0.132473
1 0.314836 0.516766 0.066047 0.120543
3 0.336219 0.330802 0.066969 0.119755
3 0.295125 0.403804 0.067219 0.125815
3 0.257453 0.564280 0.073875 0.127310
3 0.250344 0.673886 0.077656 0.128696
3 0.353297 0.691929 0.079219 0.121033
3 0.418367 0.797160 0.076078 0.136549
3 0.500008 0.780598 0.082734 0.118750
3 0.530922 0.519878 0.051875 0.127310
3 0.476344 0.499117 0.072969 0.096277
3 0.477438 0.417106 0.072344 0.100951
3 0.412469 0.273030 0.074031 0.083397
