3 0.346352 0.196894 0.050922 0.089083
4 0.443958 0.104611 0.061813 0.086574
3 0.432911 0.191630 0.049302 0.086870
4 0.368021 0.117074 0.057802 0.101815
0 0.113687 0.190389 0.046375 0.090667
0 0.174781 0.230014 0.053156 0.090917
0 0.217706 0.095741 0.058620 0.071981
0 0.396128 0.403829 0.052693 0.074880
1 0.172737 0.490134 0.055745 0.100472
1 0.135055 0.254380 0.041797 0.086130
0 0.161435 0.090352 0.049286 0.058352
0 0.196237 0.146412 0.042526 0.068731
1 0.150930 0.149644 0.043495 0.082472
3 0.245115 0.039435 0.050292 0.065833
3 0.298427 0.046810 0.057990 0.069880
1 0.256635 0.371213 0.052094 0.093463
4 0.193807 0.044407 0.056417 0.075426
4 0.428596 0.470875 0.049245 0.085861
2 0.413565 0.247875 0.044495 0.084787
1 0.306039 0.155815 0.038849 0.087574
3 0.401536 0.332102 0.053979 0.085852
3 0.475378 0.902028 0.059661 0.104352
4 0.261773 0.501130 0.065714 0.095667
1 0.361911 0.465440 0.048271 0.094269
1 0.239008 0.791282 0.077630 0.114398
3 0.394367 0.872519 0.065453 0.097389
3 0.507242 0.575130 0.065203 0.107259
3 0.399622 0.525356 0.049755 0.093250
3 0.729883 0.858051 0.091130 0.103231
1 0.227669 0.939120 0.076099 0.121759
4 0.340956 0.520380 0.062828 0.101389
0 0.264849 0.273338 0.052833 0.092176
3 0.546531 0.317657 0.058833 0.110259
1 0.473125 0.506241 0.048135 0.083907
1 0.450224 0.557625 0.055250 0.094769
1 0.464622 0.272625 0.048339 0.094491
2 0.604651 0.238954 0.050979 0.086778
2 0.172326 0.310329 0.049984 0.079361
2 0.245159 0.176866 0.050172 0.078806
2 0.280523 0.127356 0.045453 0.075731
2 0.443753 0.488667 0.059745 0.095704
3 0.310216 0.407310 0.059016 0.099491
3 0.452740 0.386486 0.063312 0.103065
3 0.354557 0.284407 0.056219 0.088833
