0 0.534906 0.229348 0.063625 0.109511
0 0.443703 0.189049 0.068125 0.094076
0 0.479547 0.262283 0.061719 0.124565
0 0.511758 0.344796 0.062078 0.106603
0 0.635648 0.568995 0.059609 0.116141
0 0.642156 0.691359 0.063281 0.127337
0 0.414016 0.693573 0.080625 0.101712
0 0.410789 0.492418 0.071766 0.121196
0 0.324492 0.251848 0.061359 0.120924
2 0.496391 0.658899 0.070781 0.132255
2 0.588187 0.745734 0.068750 0.128696
2 0.527266 0.740720 0.069875 0.132255
2 0.459367 0.767948 0.071078 0.120462
2 0.367234 0.609986 0.071438 0.134864
2 0.546031 0.433098 0.058719 0.128696
2 0.389469 0.388668 0.056719 0.112935
4 0.274375 0.334959 0.064812 0.127473
4 0.238359 0.505774 0.075000 0.131114
4 0.364375 0.877649 0.062250 0.145842
4 0.428531 0.595014 0.069438 0.095136
4 0.354414 0.476821 0.053609 0.125272
4 0.447625 0.391549 0.073062 0.108696
1 0.379375 0.222269 0.063594 0.104103
1 0.574437 0.335802 0.063156 0.132147
1 0.610117 0.422554 0.070953 0.128315
1 0.584148 0.513641 0.059578 0.115435
1 0.586484 0.623519 0.068969 0.118886
1 0.288344 0.823179 0.080469 0.134239
1 0.314227 0.686399 0.074172 0.132473
1 0.315148 0.557908 0.066047 0.120543
3 0.337086 0.361889 0.066953 0.119755
3 0.295125 0.447283 0.067219 0.125815
3 0.255602 0.620448 0.073859 0.127310
3 0.248172 0.737717 0.077656 0.128696
3 0.360641 0.763302 0.079219 0.121005
3 0.424445 0.870014 0.076078 0.136549
3 0.506602 0.857391 0.082734 0.118750
3 0.542484 0.588274 0.051875 0.127310
3 0.489438 0.547921 0.072969 0.096277
3 0.487813 0.462459 0.072344 0.100951
3 0.418797 0.305530 0.074031 0.083397
