3 0.343320 0.193523 0.050922 0.089083
4 0.443130 0.098731 0.061812 0.086574
3 0.424732 0.191630 0.049297 0.086870
4 0.368021 0.117074 0.057802 0.101815
0 0.113687 0.174222 0.046375 0.090667
0 0.185271 0.242449 0.053156 0.090917
0 0.217706 0.083620 0.058620 0.071981
0 0.392490 0.396556 0.052698 0.074889
1 0.170138 0.486671 0.055745 0.100472
1 0.133656 0.235731 0.041792 0.086130
0 0.159617 0.079847 0.049286 0.058361
0 0.196690 0.137523 0.042526 0.068731
1 0.149565 0.136718 0.043495 0.082472
3 0.243750 0.036204 0.050292 0.065833
3 0.298427 0.038995 0.057990 0.066120
1 0.255120 0.363806 0.052094 0.093463
4 0.193456 0.039630 0.056411 0.072556
4 0.422536 0.460773 0.049240 0.085861
2 0.401065 0.221616 0.044495 0.084787
1 0.301497 0.148407 0.038849 0.087574
3 0.398062 0.315463 0.053979 0.085852
3 0.475378 0.902028 0.059661 0.104352
4 0.258591 0.487389 0.065714 0.095667
1 0.357365 0.461977 0.048271 0.094269
1 0.238096 0.781588 0.077630 0.114398
3 0.390732 0.859583 0.065453 0.097389
3 0.503997 0.573977 0.065203 0.107269
3 0.395076 0.517949 0.049755 0.093250
3 0.718846 0.859208 0.091130 0.103231
1 0.227669 0.939120 0.076099 0.121759
4 0.340956 0.520380 0.062828 0.101389
0 0.258484 0.263644 0.052833 0.092176
3 0.547180 0.326894 0.058828 0.110269
1 0.471177 0.502773 0.048135 0.083898
1 0.444380 0.559940 0.055250 0.094769
1 0.452880 0.264551 0.046823 0.094491
2 0.671182 0.215444 0.050979 0.086778
2 0.169878 0.296032 0.049984 0.079361
2 0.243508 0.166579 0.050172 0.078806
2 0.275599 0.120616 0.045458 0.075731
2 0.443753 0.488667 0.059745 0.095704
3 0.305018 0.396921 0.059016 0.099491
3 0.452089 0.376097 0.063312 0.103065
3 0.353732 0.284407 0.056224 0.088833
