0 0.505016 0.238641 0.066906 0.123696
0 0.416031 0.196033 0.068125 0.098859
0 0.450945 0.265231 0.064516 0.122092
0 0.482500 0.348967 0.069625 0.124402
0 0.600094 0.576440 0.058219 0.116141
0 0.610555 0.685448 0.065297 0.127364
0 0.384703 0.688274 0.081188 0.093560
0 0.382680 0.494239 0.071766 0.121196
0 0.299430 0.254946 0.064141 0.130380
2 0.463898 0.664253 0.072016 0.133397
2 0.557125 0.736726 0.068750 0.118071
2 0.499891 0.741060 0.069875 0.132283
2 0.436344 0.768166 0.064187 0.120571
2 0.344609 0.607459 0.071438 0.134864
2 0.520227 0.437826 0.059391 0.128696
2 0.365414 0.389633 0.060141 0.114103
4 0.251234 0.341481 0.060656 0.127473
4 0.212406 0.509565 0.075000 0.128804
4 0.339500 0.872908 0.064281 0.131141
4 0.402367 0.597024 0.067453 0.104701
4 0.332320 0.477269 0.053609 0.125299
4 0.422047 0.398628 0.064906 0.122908
1 0.362203 0.224130 0.063594 0.104076
1 0.551094 0.335394 0.063156 0.132147
1 0.584484 0.428465 0.070969 0.128288
1 0.564242 0.531196 0.059578 0.115435
1 0.561570 0.634158 0.065516 0.107989
1 0.274344 0.821726 0.080469 0.134266
1 0.294648 0.696698 0.074172 0.132473
1 0.291352 0.572092 0.066047 0.120543
3 0.313141 0.368438 0.066969 0.119755
3 0.270664 0.453560 0.067203 0.125815
3 0.232313 0.624171 0.073875 0.127310
3 0.226945 0.734348 0.075672 0.128696
3 0.336344 0.762867 0.077750 0.121549
3 0.400492 0.863397 0.078172 0.133696
3 0.474953 0.851549 0.078750 0.110380
3 0.510391 0.580000 0.051875 0.127337
3 0.461922 0.556793 0.068219 0.102174
3 0.460750 0.471916 0.072344 0.100951
3 0.393242 0.308302 0.074016 0.083397
