0 0.551086 0.136916 0.063609 0.109538
0 0.446625 0.087785 0.068125 0.095462
0 0.486719 0.164701 0.061719 0.124565
0 0.526172 0.268043 0.070844 0.127826
0 0.678461 0.526617 0.059609 0.116114
0 0.691094 0.668899 0.063281 0.127364
0 0.407594 0.663003 0.080625 0.101712
0 0.404797 0.430408 0.071750 0.121196
0 0.303625 0.151196 0.061375 0.120924
2 0.507266 0.630530 0.070781 0.132255
2 0.619938 0.738478 0.068750 0.128696
2 0.548359 0.745421 0.068469 0.118125
2 0.464727 0.763492 0.071078 0.120462
2 0.350250 0.570639 0.071438 0.134864
2 0.563016 0.369266 0.058719 0.128696
2 0.382000 0.314715 0.056719 0.112962
4 0.244625 0.247323 0.064813 0.127473
4 0.194281 0.450557 0.075000 0.131114
4 0.346344 0.903315 0.062250 0.145870
4 0.425422 0.553315 0.069437 0.095109
4 0.338375 0.411114 0.053594 0.125272
4 0.451023 0.317092 0.073047 0.108696
1 0.368484 0.131236 0.063594 0.104103
1 0.594820 0.261970 0.063141 0.133234
1 0.646133 0.376467 0.070953 0.128315
1 0.614602 0.470516 0.059578 0.115435
1 0.620367 0.604429 0.068953 0.118859
1 0.254312 0.851671 0.080469 0.134266
1 0.282930 0.671481 0.074172 0.132473
1 0.287961 0.518913 0.066047 0.120543
3 0.317078 0.281671 0.066969 0.119755
3 0.264539 0.387391 0.067203 0.125815
3 0.213273 0.591060 0.073859 0.127337
3 0.205156 0.723709 0.077656 0.128723
3 0.342500 0.754851 0.079219 0.121005
3 0.425398 0.884918 0.076078 0.136522
3 0.523320 0.869918 0.082734 0.118750
3 0.564906 0.537459 0.051875 0.127310
3 0.498953 0.504198 0.072969 0.096277
3 0.495281 0.402174 0.072344 0.100978
3 0.411500 0.212378 0.074031 0.083397
