0 0.609164 0.198410 0.062859 0.137962
0 0.519344 0.153478 0.068125 0.098859
0 0.552602 0.228573 0.064516 0.122092
0 0.585227 0.315870 0.069641 0.124402
0 0.707680 0.559728 0.059609 0.116141
0 0.712844 0.680720 0.063281 0.127364
0 0.481344 0.663655 0.081188 0.093560
0 0.479562 0.461141 0.071750 0.121196
0 0.395414 0.205571 0.064141 0.130380
2 0.566703 0.638818 0.070031 0.132255
2 0.660719 0.721929 0.068750 0.128696
2 0.598633 0.721807 0.069859 0.132255
2 0.533367 0.746943 0.071078 0.120462
2 0.438594 0.576562 0.071438 0.134864
2 0.622492 0.410625 0.059391 0.128696
2 0.462859 0.352527 0.056719 0.112935
4 0.346562 0.296970 0.064812 0.127473
4 0.306422 0.468315 0.075000 0.128804
4 0.438656 0.850435 0.064281 0.131141
4 0.498516 0.571101 0.067437 0.104701
4 0.425375 0.443003 0.053594 0.125299
4 0.523781 0.359620 0.064906 0.122935
1 0.454141 0.185611 0.063594 0.104103
1 0.655312 0.300340 0.063156 0.132147
1 0.686914 0.406005 0.070953 0.128315
1 0.665117 0.506386 0.059578 0.115435
1 0.658453 0.613342 0.067656 0.105815
1 0.373250 0.796902 0.080469 0.134239
1 0.392242 0.661821 0.074172 0.132500
1 0.389898 0.542554 0.066047 0.120543
3 0.406125 0.324226 0.066969 0.119755
3 0.363438 0.416929 0.067219 0.125815
3 0.326781 0.588709 0.073875 0.127310
3 0.321375 0.708342 0.077656 0.128696
3 0.428828 0.737717 0.079219 0.121033
3 0.495406 0.843315 0.076094 0.133696
3 0.572281 0.839185 0.084125 0.118750
3 0.609766 0.564633 0.051875 0.127310
3 0.557422 0.531386 0.072969 0.096304
3 0.555781 0.438818 0.072344 0.100951
3 0.491031 0.267921 0.074031 0.083397
