0 0.539937 0.126984 0.063625 0.109511
0 0.448320 0.088995 0.068109 0.094076
0 0.483656 0.158193 0.061719 0.124538
0 0.518859 0.245285 0.070844 0.127799
0 0.654758 0.477269 0.059609 0.116114
0 0.664844 0.604769 0.063281 0.127364
0 0.414125 0.598927 0.080625 0.101712
0 0.412586 0.389973 0.071766 0.121196
0 0.316195 0.144701 0.061359 0.120924
2 0.504047 0.569511 0.070781 0.132228
2 0.607859 0.653899 0.068750 0.128668
2 0.542750 0.662704 0.069875 0.132255
2 0.470594 0.682215 0.071094 0.120462
2 0.368844 0.510231 0.071438 0.134864
2 0.556094 0.331196 0.058719 0.128696
2 0.393469 0.280435 0.056719 0.112935
4 0.268406 0.229280 0.064813 0.127473
4 0.223031 0.416522 0.075000 0.131141
4 0.359938 0.809130 0.062250 0.145870
4 0.434625 0.500476 0.069437 0.095136
4 0.350812 0.367853 0.053594 0.125272
4 0.454812 0.292174 0.073062 0.108696
1 0.383109 0.110557 0.063594 0.104103
1 0.592187 0.233383 0.063156 0.133234
1 0.639711 0.330476 0.070953 0.128288
1 0.601945 0.417201 0.059578 0.115435
1 0.607828 0.536005 0.068969 0.118859
1 0.283359 0.760829 0.080469 0.134266
1 0.308742 0.598166 0.074172 0.132473
1 0.308008 0.465625 0.066047 0.120543
3 0.330344 0.265856 0.066969 0.119755
3 0.288406 0.345272 0.067219 0.125815
3 0.241906 0.528573 0.073875 0.127310
3 0.234719 0.651603 0.077656 0.128696
3 0.360109 0.676454 0.079219 0.121005
3 0.428945 0.799946 0.076078 0.136522
3 0.516945 0.779837 0.082734 0.118750
3 0.552125 0.486617 0.051875 0.127310
3 0.496109 0.452894 0.072969 0.096277
3 0.491750 0.358899 0.072344 0.100951
3 0.420453 0.204103 0.074031 0.083370
