0 0.340359 0.229851 0.075094 0.116929
0 0.319547 0.340639 0.071531 0.131766
0 0.363594 0.437622 0.077844 0.134864
0 0.422203 0.612473 0.072719 0.115978
0 0.691859 0.397500 0.065406 0.136793
0 0.624109 0.597812 0.071844 0.140190
0 0.562633 0.547636 0.066672 0.124565
0 0.515937 0.848818 0.080219 0.155571
0 0.434281 0.879076 0.079750 0.147500
3 0.455281 0.071209 0.077094 0.108886
3 0.394969 0.149932 0.077125 0.120353
3 0.453266 0.288995 0.062781 0.129130
3 0.440016 0.399742 0.068813 0.122527
3 0.569211 0.137568 0.074859 0.133234
3 0.613820 0.205299 0.075797 0.128533
3 0.676781 0.274117 0.071063 0.121821
3 0.504633 0.491522 0.076422 0.118370
3 0.492617 0.615707 0.070234 0.126793
3 0.359922 0.678071 0.071937 0.124185
3 0.366273 0.799361 0.080578 0.129538
4 0.568664 0.439660 0.069922 0.122038
4 0.639508 0.474538 0.072922 0.127989
4 0.676750 0.702649 0.078906 0.139321
4 0.353289 0.556549 0.077016 0.125272
4 0.512633 0.280720 0.075391 0.127201
4 0.529398 0.227120 0.076047 0.107554
2 0.536523 0.024497 0.077016 0.048995
2 0.525117 0.109090 0.072266 0.134212
2 0.388687 0.310340 0.076375 0.133071
2 0.462352 0.742242 0.077953 0.134375
2 0.594000 0.790489 0.077813 0.145652
2 0.272758 0.569389 0.078453 0.135679
1 0.251586 0.452989 0.079172 0.118967
1 0.286516 0.702731 0.080438 0.148342
1 0.551906 0.677092 0.068594 0.134946
1 0.468148 0.175543 0.072859 0.118043
1 0.593828 0.068696 0.072219 0.110163
1 0.630258 0.346671 0.060984 0.134321
1 0.573094 0.324511 0.064812 0.128967
1 0.507234 0.383655 0.076844 0.103614
2 0.422273 0.501821 0.076141 0.116739
