0 0.305984 0.257079 0.075094 0.116929
0 0.284180 0.378940 0.068141 0.131739
0 0.328344 0.481875 0.077844 0.134837
0 0.380578 0.672527 0.072719 0.115978
0 0.654195 0.459620 0.065391 0.136793
0 0.579484 0.663057 0.071844 0.128179
0 0.521086 0.617880 0.066672 0.124565
0 0.470906 0.899552 0.080219 0.140516
0 0.389586 0.923071 0.076766 0.133207
3 0.428250 0.096671 0.077094 0.118234
3 0.365031 0.175910 0.077125 0.120353
3 0.423039 0.334864 0.062766 0.129130
3 0.400313 0.456209 0.068813 0.122527
3 0.540273 0.187568 0.074859 0.133234
3 0.586320 0.261440 0.075797 0.128533
3 0.644992 0.330611 0.071078 0.121821
3 0.463602 0.552908 0.076422 0.118370
3 0.452008 0.673818 0.070234 0.126766
3 0.321563 0.723940 0.071937 0.124185
3 0.327305 0.844511 0.080578 0.121304
4 0.532508 0.503940 0.069922 0.122065
4 0.598195 0.543818 0.072922 0.128016
4 0.626938 0.772554 0.078906 0.139348
4 0.313203 0.603682 0.077000 0.125245
4 0.483430 0.337541 0.075391 0.127201
4 0.500398 0.263003 0.076047 0.107527
2 0.513523 0.039103 0.077016 0.078207
2 0.497984 0.142106 0.072281 0.134212
2 0.355625 0.356005 0.076375 0.133043
2 0.418484 0.793451 0.075875 0.134348
2 0.542930 0.849932 0.077828 0.140951
2 0.239258 0.608913 0.078453 0.135652
1 0.221008 0.494647 0.079172 0.118967
1 0.248570 0.747880 0.080422 0.140489
1 0.508016 0.738057 0.068594 0.124158
1 0.437117 0.210149 0.072859 0.118071
1 0.569047 0.106848 0.072219 0.123967
1 0.593984 0.411372 0.060969 0.134321
1 0.538062 0.383274 0.064813 0.128940
1 0.471906 0.443736 0.076844 0.103614
2 0.385000 0.568927 0.076156 0.116712
