0 0.520117 0.212595 0.062859 0.137962
0 0.430305 0.170041 0.068109 0.098832
0 0.464930 0.249851 0.064516 0.122092
0 0.496875 0.331236 0.069625 0.124375
0 0.619328 0.565625 0.059625 0.116141
0 0.623812 0.684266 0.063281 0.127337
0 0.399781 0.682568 0.081187 0.093560
0 0.395773 0.482935 0.071766 0.121196
0 0.305695 0.226848 0.064141 0.130380
2 0.481063 0.648655 0.070031 0.132255
2 0.578250 0.731780 0.068750 0.128668
2 0.513906 0.746630 0.069875 0.132283
2 0.445922 0.758764 0.071094 0.120462
2 0.352969 0.602568 0.071438 0.134864
2 0.533461 0.418899 0.059391 0.128668
2 0.379937 0.371440 0.056719 0.112935
4 0.255484 0.322976 0.064812 0.127473
4 0.222148 0.507337 0.075016 0.128804
4 0.348258 0.868179 0.064297 0.131141
4 0.411516 0.586481 0.067437 0.104701
4 0.339734 0.460734 0.053594 0.125272
4 0.434750 0.378533 0.064906 0.122935
1 0.371906 0.202174 0.063594 0.104076
1 0.566172 0.319416 0.063156 0.132147
1 0.600594 0.419008 0.070969 0.128288
1 0.579477 0.519375 0.059578 0.115435
1 0.572125 0.629375 0.067656 0.105815
1 0.283547 0.824090 0.080469 0.134266
1 0.306492 0.694334 0.074172 0.132473
1 0.298320 0.566793 0.066047 0.120543
3 0.317766 0.351399 0.066969 0.119755
3 0.280180 0.441739 0.067203 0.125815
3 0.238422 0.614715 0.073875 0.127310
3 0.233703 0.736712 0.077656 0.128696
3 0.347266 0.753682 0.079219 0.121005
3 0.410766 0.862228 0.078156 0.133696
3 0.488000 0.853370 0.084125 0.118750
3 0.523453 0.571726 0.051875 0.127310
3 0.473813 0.540842 0.072969 0.096304
3 0.471500 0.453003 0.072344 0.100951
3 0.403344 0.283288 0.074031 0.083370
