0 0.508297 0.179321 0.066750 0.120109
0 0.411773 0.139701 0.067641 0.102500
0 0.446469 0.214728 0.062344 0.125217
0 0.482766 0.305557 0.070906 0.125516
0 0.614617 0.549063 0.058328 0.116277
0 0.622953 0.672649 0.062500 0.129103
0 0.378852 0.679212 0.079266 0.092663
0 0.376086 0.469063 0.070391 0.120625
0 0.282570 0.206590 0.059016 0.128505
2 0.462375 0.636821 0.059312 0.103533
2 0.565414 0.729959 0.064859 0.108886
2 0.499180 0.739823 0.050297 0.110190
2 0.427836 0.760883 0.062328 0.111440
2 0.327445 0.596196 0.060422 0.130978
2 0.518125 0.399946 0.058344 0.123587
2 0.355391 0.359647 0.051437 0.111467
4 0.231016 0.299687 0.063562 0.126712
4 0.191961 0.489674 0.074766 0.127283
4 0.328594 0.880639 0.052500 0.128071
4 0.392930 0.579620 0.069453 0.101087
4 0.314609 0.446848 0.053594 0.126087
4 0.417594 0.357582 0.065906 0.118043
1 0.345961 0.181345 0.060891 0.104266
1 0.546359 0.294022 0.054312 0.106196
1 0.591680 0.398315 0.061578 0.099022
1 0.561078 0.490774 0.043344 0.099266
1 0.564781 0.610571 0.061500 0.100489
1 0.246031 0.828410 0.051906 0.087745
1 0.278266 0.683302 0.064594 0.111712
1 0.275617 0.554198 0.056609 0.107690
3 0.296797 0.333804 0.064812 0.126467
3 0.252586 0.428750 0.065141 0.128098
3 0.213180 0.609416 0.068922 0.123342
3 0.206719 0.733247 0.074625 0.120462
3 0.324430 0.755489 0.075766 0.108587
3 0.394820 0.869728 0.069516 0.128043
3 0.476461 0.854592 0.075734 0.100489
3 0.513633 0.559891 0.052297 0.124185
3 0.456766 0.533302 0.072313 0.098071
3 0.456555 0.436630 0.070797 0.091413
3 0.384266 0.261970 0.073344 0.088668
