0 0.523516 0.208859 0.063625 0.109511
0 0.439578 0.176467 0.068125 0.094076
0 0.469922 0.234524 0.061719 0.124538
0 0.503445 0.310353 0.067766 0.111848
0 0.621180 0.508370 0.059609 0.116141
0 0.628469 0.621780 0.063281 0.127364
0 0.410203 0.621970 0.080625 0.101712
0 0.404516 0.442500 0.071750 0.121196
0 0.326445 0.223043 0.061359 0.120924
2 0.485391 0.592215 0.070781 0.132255
2 0.576828 0.668573 0.068750 0.128668
2 0.524836 0.671481 0.069859 0.132255
2 0.459586 0.686644 0.071078 0.120462
2 0.364078 0.544375 0.071438 0.134837
2 0.535297 0.390924 0.058719 0.128696
2 0.386656 0.340380 0.056719 0.112935
4 0.278203 0.303709 0.064812 0.127473
4 0.239625 0.460258 0.075000 0.131114
4 0.359617 0.809429 0.062234 0.145870
4 0.422953 0.539606 0.069438 0.095136
4 0.353242 0.423071 0.053609 0.125272
4 0.444422 0.345299 0.073062 0.108696
1 0.384719 0.186997 0.063594 0.104103
1 0.564094 0.279959 0.063156 0.133234
1 0.599383 0.390639 0.070953 0.128288
1 0.575336 0.455109 0.059578 0.115435
1 0.578516 0.569647 0.068969 0.118859
1 0.290250 0.759552 0.080469 0.134266
1 0.312039 0.625177 0.074172 0.132473
1 0.314219 0.512473 0.066031 0.120543
3 0.336703 0.328274 0.066969 0.119755
3 0.295125 0.403098 0.067219 0.125815
3 0.257453 0.562296 0.073875 0.127310
3 0.250656 0.671359 0.077656 0.128696
3 0.356297 0.690530 0.079219 0.121005
3 0.420562 0.795774 0.076094 0.136549
3 0.500758 0.778207 0.082734 0.118750
3 0.534328 0.520720 0.051875 0.127310
3 0.478766 0.497432 0.072969 0.096277
3 0.479937 0.414932 0.072344 0.100951
3 0.413906 0.268981 0.074031 0.083397
