0 0.547008 0.115639 0.063609 0.109538
0 0.449609 0.078940 0.068125 0.094076
0 0.486844 0.151698 0.061719 0.124538
0 0.521953 0.237785 0.070844 0.127799
0 0.661477 0.475543 0.059609 0.116141
0 0.673156 0.601522 0.063281 0.127337
0 0.414312 0.598302 0.080625 0.101712
0 0.412773 0.387147 0.071766 0.121196
0 0.318984 0.136060 0.061375 0.120924
2 0.505281 0.568274 0.070781 0.132255
2 0.617219 0.653370 0.068750 0.128696
2 0.546977 0.662704 0.069859 0.132255
2 0.473250 0.683179 0.071094 0.120489
2 0.367703 0.506739 0.071438 0.134837
2 0.566422 0.330245 0.058719 0.128696
2 0.395813 0.269810 0.056719 0.112935
4 0.265500 0.219796 0.064812 0.127473
4 0.220789 0.410856 0.075016 0.131114
4 0.359938 0.810380 0.062250 0.145870
4 0.434781 0.498519 0.069437 0.095136
4 0.350336 0.361223 0.053609 0.125272
4 0.455336 0.283995 0.073047 0.108696
1 0.384219 0.094049 0.063594 0.104076
1 0.596180 0.226046 0.063141 0.133234
1 0.644234 0.323736 0.070969 0.128288
1 0.605305 0.411807 0.059578 0.115462
1 0.610852 0.537065 0.068953 0.118859
1 0.282313 0.761902 0.080469 0.134239
1 0.308383 0.597120 0.074172 0.132500
1 0.307055 0.462935 0.066047 0.120543
3 0.332172 0.250462 0.066969 0.119783
3 0.287453 0.341630 0.067219 0.125815
3 0.239094 0.524171 0.073875 0.127310
3 0.232078 0.647826 0.077656 0.128696
3 0.359359 0.675897 0.079219 0.121033
3 0.429555 0.800462 0.076078 0.136522
3 0.519117 0.781739 0.082734 0.118750
3 0.554844 0.485204 0.051875 0.127310
3 0.498281 0.450992 0.072969 0.096277
3 0.496641 0.356073 0.072344 0.100951
3 0.422609 0.181644 0.074031 0.083397
