3 0.388776 0.354130 0.050917 0.089074
4 0.487068 0.269741 0.061812 0.086574
3 0.472971 0.345347 0.049297 0.086861
4 0.408021 0.274648 0.057802 0.101815
0 0.178604 0.363111 0.046375 0.090667
0 0.236870 0.392736 0.053156 0.090917
0 0.258443 0.340995 0.058281 0.071991
0 0.448727 0.552023 0.052693 0.074880
1 0.233424 0.658009 0.053495 0.088315
1 0.202799 0.425324 0.041797 0.086130
0 0.222456 0.262069 0.049286 0.058361
0 0.268737 0.268431 0.042526 0.068731
1 0.207578 0.330097 0.043490 0.082472
3 0.299659 0.231352 0.050286 0.065833
3 0.349109 0.217991 0.057990 0.071759
1 0.309667 0.546231 0.052094 0.093463
4 0.246677 0.199884 0.056417 0.079009
4 0.473219 0.630569 0.049240 0.085861
2 0.459299 0.412870 0.044505 0.090833
1 0.357180 0.326528 0.038849 0.087574
3 0.457193 0.470718 0.053979 0.085861
3 0.475378 0.902028 0.059661 0.104352
4 0.312599 0.685102 0.063458 0.087574
1 0.412195 0.617676 0.048276 0.094278
1 0.307190 0.925528 0.077630 0.116222
3 0.459234 0.985361 0.065458 0.029278
3 0.557690 0.717412 0.065203 0.107269
3 0.456297 0.686208 0.049760 0.093250
3 0.798310 0.959981 0.084318 0.080037
1 0.227669 0.939120 0.076099 0.121759
4 0.340956 0.520380 0.062828 0.101389
0 0.321380 0.433681 0.050604 0.094213
3 0.598695 0.471227 0.058828 0.110269
1 0.515060 0.637972 0.048141 0.083907
1 0.500062 0.715495 0.055250 0.094769
1 0.512589 0.422588 0.049469 0.094491
2 0.426271 0.367477 0.050979 0.086787
2 0.226771 0.494921 0.049990 0.079361
2 0.294802 0.335977 0.050167 0.078806
2 0.325411 0.283051 0.045458 0.075731
2 0.443753 0.488667 0.059745 0.095704
3 0.365461 0.574801 0.059016 0.099491
3 0.505497 0.519245 0.063307 0.103065
3 0.397799 0.428708 0.056224 0.088824
