0 0.537797 0.088492 0.062875 0.137962
0 0.439211 0.046780 0.068109 0.091712
0 0.474484 0.117405 0.061719 0.124538
0 0.511859 0.204810 0.066844 0.117174
0 0.641078 0.458057 0.059625 0.116114
0 0.647594 0.582609 0.063281 0.127337
0 0.404875 0.581427 0.080625 0.101712
0 0.402078 0.365408 0.071750 0.121196
0 0.307703 0.096821 0.061375 0.130380
2 0.490375 0.552894 0.070031 0.132255
2 0.590719 0.638818 0.068750 0.128668
2 0.526969 0.648927 0.069875 0.132255
2 0.458273 0.673655 0.071078 0.120462
2 0.356359 0.490258 0.071438 0.134864
2 0.547945 0.314891 0.059391 0.128696
2 0.384703 0.252065 0.056719 0.112935
4 0.256172 0.196481 0.064812 0.127473
4 0.214672 0.378478 0.075000 0.128804
4 0.353703 0.783071 0.062250 0.131141
4 0.421711 0.486590 0.067453 0.104701
4 0.342453 0.347283 0.053594 0.125272
4 0.442195 0.266250 0.073047 0.108696
1 0.379375 0.080421 0.063594 0.104103
1 0.579109 0.202242 0.063156 0.132147
1 0.619812 0.309484 0.070969 0.128315
1 0.592508 0.408098 0.059578 0.115435
1 0.592344 0.529334 0.068969 0.118886
1 0.276750 0.734837 0.080469 0.134239
1 0.304734 0.595041 0.074188 0.132473
1 0.302914 0.456250 0.066047 0.120543
3 0.321164 0.227296 0.066953 0.119755
3 0.276781 0.324728 0.067219 0.125815
3 0.235703 0.504769 0.073875 0.127310
3 0.232344 0.622065 0.077656 0.128696
3 0.349977 0.652024 0.079234 0.121005
3 0.417469 0.772391 0.076094 0.133696
3 0.501570 0.755245 0.082734 0.118750
3 0.540438 0.462976 0.051875 0.127310
3 0.483328 0.440367 0.072969 0.096277
3 0.483734 0.338356 0.072344 0.100951
3 0.409656 0.161875 0.074031 0.083370
