0 0.341500 0.230639 0.075094 0.116929
0 0.320695 0.341766 0.071516 0.131739
0 0.364414 0.438478 0.077828 0.134837
0 0.423633 0.614457 0.072703 0.115978
0 0.692805 0.397962 0.065391 0.136793
0 0.625203 0.597812 0.071844 0.140190
0 0.563492 0.546644 0.066672 0.124592
0 0.516625 0.847799 0.080219 0.155598
0 0.435344 0.877745 0.079156 0.147500
3 0.456781 0.070503 0.077094 0.108886
3 0.396109 0.150734 0.077125 0.120380
3 0.454406 0.290978 0.062781 0.129130
3 0.440594 0.401726 0.068813 0.122527
3 0.570227 0.139035 0.074859 0.133234
3 0.615297 0.205679 0.075813 0.128533
3 0.677359 0.277106 0.071063 0.121821
3 0.504633 0.492527 0.076422 0.118370
3 0.494133 0.615707 0.070234 0.126793
3 0.361437 0.676753 0.071937 0.124212
3 0.367805 0.799361 0.080578 0.129538
4 0.569352 0.439185 0.069922 0.122065
4 0.641398 0.475720 0.072922 0.128016
4 0.677891 0.701318 0.078906 0.139321
4 0.355320 0.554361 0.077016 0.125245
4 0.513727 0.280122 0.075391 0.127201
4 0.530555 0.228139 0.076047 0.107527
2 0.538523 0.025245 0.077016 0.050489
2 0.525312 0.110747 0.072281 0.134212
2 0.390922 0.309837 0.076375 0.133043
2 0.463305 0.742242 0.077953 0.134375
2 0.594383 0.788505 0.077828 0.145652
2 0.276187 0.571372 0.078469 0.135679
1 0.255023 0.453995 0.079172 0.118967
1 0.289367 0.703736 0.080422 0.148342
1 0.552672 0.677092 0.068594 0.134946
1 0.468914 0.176875 0.072859 0.118043
1 0.594969 0.070679 0.072219 0.110163
1 0.630641 0.348655 0.060969 0.134321
1 0.574016 0.326101 0.064813 0.128940
1 0.507234 0.385231 0.076844 0.103614
2 0.423250 0.504090 0.076156 0.116712
