0 0.527258 0.223872 0.062859 0.123723
0 0.440156 0.183043 0.068125 0.098859
0 0.469008 0.255761 0.064516 0.122120
0 0.503664 0.331236 0.069641 0.124375
0 0.617617 0.557948 0.058234 0.116114
0 0.624484 0.670679 0.065313 0.127337
0 0.407937 0.671345 0.081188 0.093560
0 0.406844 0.477092 0.071750 0.121196
0 0.320992 0.236291 0.064141 0.130408
2 0.483414 0.640611 0.072016 0.133397
2 0.571688 0.721345 0.068750 0.118071
2 0.515031 0.727133 0.069875 0.132255
2 0.450156 0.750435 0.064187 0.120598
2 0.364516 0.591929 0.071437 0.134837
2 0.532430 0.424810 0.059391 0.128696
2 0.387773 0.375584 0.060141 0.114103
4 0.273547 0.320014 0.060656 0.127473
4 0.236758 0.493152 0.075016 0.128804
4 0.360828 0.848668 0.064281 0.131141
4 0.420687 0.580557 0.067437 0.104701
4 0.354008 0.461902 0.053609 0.125272
4 0.443914 0.377935 0.064922 0.122935
1 0.375812 0.212812 0.063594 0.104103
1 0.561734 0.327215 0.063156 0.132147
1 0.600031 0.418220 0.070969 0.128288
1 0.573477 0.512473 0.059578 0.115435
1 0.571492 0.617554 0.065516 0.107989
1 0.283547 0.802514 0.080469 0.134266
1 0.312555 0.670109 0.074172 0.132500
1 0.305633 0.549348 0.066047 0.120543
3 0.332375 0.350231 0.066969 0.119755
3 0.293430 0.435842 0.067203 0.125815
3 0.255758 0.599334 0.073859 0.127310
3 0.249984 0.715435 0.075687 0.128696
3 0.358484 0.738899 0.079219 0.121005
3 0.417898 0.840938 0.078172 0.133723
3 0.493453 0.827908 0.078750 0.110380
3 0.530922 0.566399 0.051875 0.127310
3 0.477891 0.536685 0.068219 0.102174
3 0.478297 0.454185 0.072344 0.100978
3 0.413531 0.291563 0.074031 0.083397
