0 0.527602 0.185421 0.062859 0.137962
0 0.433703 0.142201 0.068125 0.099946
0 0.467000 0.222622 0.061719 0.124538
0 0.503703 0.315924 0.066844 0.117174
0 0.631336 0.568383 0.059609 0.116114
0 0.637625 0.689389 0.063281 0.127364
0 0.399750 0.696712 0.078531 0.098207
0 0.395281 0.481223 0.071750 0.121196
0 0.298352 0.205571 0.064141 0.130380
2 0.480547 0.632079 0.070031 0.132255
2 0.581203 0.740842 0.068750 0.128696
2 0.519109 0.747812 0.069875 0.132255
2 0.450453 0.764674 0.071094 0.120489
2 0.346625 0.599008 0.071438 0.134864
2 0.538883 0.407079 0.059391 0.128668
2 0.376547 0.366712 0.056719 0.112935
4 0.245750 0.298139 0.064813 0.127473
4 0.205156 0.491957 0.075000 0.128804
4 0.344641 0.898125 0.064281 0.131141
4 0.411859 0.588247 0.067438 0.104701
4 0.332266 0.452473 0.053594 0.125272
4 0.434711 0.365516 0.073047 0.122935
1 0.366969 0.156236 0.063594 0.104103
1 0.569672 0.292065 0.063156 0.132120
1 0.612836 0.403641 0.070953 0.128315
1 0.580430 0.494728 0.059578 0.115435
1 0.581641 0.621603 0.067656 0.105815
1 0.270469 0.793981 0.080469 0.134266
1 0.290289 0.680149 0.074172 0.132473
1 0.289992 0.544918 0.066047 0.120543
3 0.315727 0.331698 0.066953 0.119755
3 0.269984 0.427554 0.067219 0.125815
3 0.228219 0.617079 0.073875 0.127310
3 0.224188 0.744402 0.077656 0.128696
3 0.340469 0.771399 0.079219 0.121005
3 0.410445 0.883492 0.076078 0.133723
3 0.494102 0.872283 0.082734 0.118750
3 0.531609 0.570543 0.051875 0.127337
3 0.477219 0.543601 0.072969 0.096277
3 0.475812 0.449851 0.072344 0.100951
3 0.401312 0.269090 0.074031 0.083397
