0 0.497695 0.214416 0.062859 0.123723
0 0.407875 0.168859 0.068125 0.098859
0 0.440117 0.244524 0.064516 0.122092
0 0.471375 0.320598 0.069625 0.124402
0 0.591578 0.551060 0.059625 0.116141
0 0.599000 0.662595 0.063281 0.127364
0 0.379562 0.665720 0.081187 0.093560
0 0.373875 0.474158 0.071750 0.121196
0 0.287008 0.229783 0.064141 0.130380
2 0.452516 0.639986 0.070031 0.132255
2 0.540078 0.707147 0.068750 0.128696
2 0.483258 0.724769 0.069859 0.132255
2 0.418164 0.740734 0.071078 0.120489
2 0.329844 0.588967 0.071438 0.134837
2 0.505758 0.417120 0.059391 0.128696
2 0.351750 0.372052 0.060125 0.114103
4 0.240922 0.314687 0.060656 0.127473
4 0.205672 0.487541 0.075000 0.128777
4 0.330078 0.851033 0.064281 0.131141
4 0.390453 0.578193 0.067438 0.104701
4 0.316625 0.456005 0.053594 0.125272
4 0.411969 0.372609 0.064906 0.122935
1 0.345047 0.200394 0.063594 0.104103
1 0.527531 0.313927 0.063156 0.132147
1 0.567805 0.409851 0.070953 0.128288
1 0.538023 0.509321 0.059578 0.115435
1 0.543289 0.612228 0.065516 0.107989
1 0.247516 0.800435 0.080469 0.134239
1 0.278398 0.671875 0.074172 0.132500
1 0.266203 0.545217 0.066031 0.120543
3 0.303492 0.344905 0.066953 0.119755
3 0.263188 0.432283 0.067219 0.125815
3 0.224500 0.604660 0.073875 0.127310
3 0.217047 0.715435 0.077656 0.128696
3 0.326875 0.737731 0.079219 0.121005
3 0.388336 0.836807 0.078172 0.133723
3 0.465227 0.827935 0.084141 0.118750
3 0.499672 0.559905 0.051875 0.127310
3 0.446625 0.530190 0.072969 0.096304
3 0.447031 0.442948 0.072344 0.100951
3 0.381594 0.282704 0.074031 0.083397
