0 0.520687 0.227935 0.063625 0.109511
0 0.436375 0.192337 0.068125 0.094076
0 0.463047 0.263791 0.061719 0.124538
0 0.495258 0.332663 0.066078 0.103152
0 0.612383 0.534049 0.059609 0.116141
0 0.623812 0.644416 0.063281 0.127364
0 0.402281 0.643492 0.080625 0.101712
0 0.398438 0.464158 0.071750 0.121196
0 0.318438 0.241644 0.061375 0.120951
2 0.481266 0.614796 0.070781 0.132255
2 0.571344 0.693750 0.068750 0.128696
2 0.513687 0.698207 0.069875 0.132283
2 0.449625 0.713302 0.071094 0.120462
2 0.356703 0.566304 0.071438 0.134837
2 0.526203 0.416929 0.058719 0.128696
2 0.383703 0.368098 0.056719 0.112935
4 0.273844 0.320394 0.064812 0.127473
4 0.234953 0.468682 0.075000 0.131114
4 0.355055 0.824647 0.062234 0.145870
4 0.419813 0.556372 0.069437 0.095136
4 0.347664 0.446562 0.053609 0.125299
4 0.438555 0.369783 0.073047 0.108696
1 0.381406 0.222459 0.063594 0.104103
1 0.551094 0.313383 0.063156 0.133234
1 0.594711 0.405421 0.070953 0.128288
1 0.572977 0.479755 0.059578 0.115435
1 0.568141 0.583560 0.068969 0.118859
1 0.287391 0.778383 0.080469 0.134266
1 0.310336 0.637989 0.074172 0.132500
1 0.310383 0.525598 0.066047 0.120543
3 0.328078 0.348655 0.066969 0.119755
3 0.292625 0.418125 0.067219 0.125815
3 0.254734 0.577269 0.073875 0.127310
3 0.247547 0.688995 0.077656 0.128696
3 0.354734 0.709538 0.079219 0.121033
3 0.416055 0.813098 0.076078 0.136522
3 0.494789 0.795462 0.082734 0.118750
3 0.526625 0.542568 0.051875 0.127310
3 0.474375 0.516005 0.072969 0.096304
3 0.472406 0.435462 0.072344 0.100978
3 0.410258 0.291372 0.074016 0.083397
