0 0.333062 0.239742 0.075094 0.116929
0 0.314797 0.347405 0.071531 0.131766
0 0.355625 0.442215 0.077844 0.134864
0 0.409531 0.627500 0.072719 0.115978
0 0.670531 0.413424 0.065406 0.136793
0 0.603484 0.606943 0.071844 0.140190
0 0.543836 0.561549 0.066672 0.124565
0 0.499078 0.838329 0.080219 0.148397
0 0.421383 0.867813 0.076766 0.139158
3 0.448969 0.085639 0.077094 0.108886
3 0.389781 0.165734 0.077125 0.120380
3 0.444922 0.300489 0.062781 0.129130
3 0.426453 0.412418 0.068812 0.122500
3 0.555773 0.152921 0.074859 0.133234
3 0.601320 0.224239 0.075797 0.128533
3 0.657227 0.293139 0.071078 0.121821
3 0.487797 0.506522 0.076437 0.118370
3 0.480289 0.622554 0.070234 0.126793
3 0.353703 0.679918 0.071937 0.124185
3 0.357664 0.794810 0.080578 0.121304
4 0.555508 0.447418 0.069922 0.122065
4 0.618758 0.493546 0.072922 0.128016
4 0.651234 0.711495 0.078906 0.139348
4 0.345344 0.560870 0.077000 0.125272
4 0.500367 0.292391 0.075391 0.127228
4 0.515258 0.231576 0.076047 0.107554
2 0.524133 0.031848 0.077016 0.060870
2 0.510219 0.121644 0.072281 0.134212
2 0.381078 0.324755 0.076375 0.133043
2 0.448172 0.742242 0.075875 0.134375
2 0.572508 0.794837 0.077828 0.140924
2 0.268219 0.570992 0.078469 0.135679
1 0.249555 0.457147 0.079172 0.118967
1 0.277945 0.705272 0.080422 0.140489
1 0.534437 0.679565 0.068594 0.124185
1 0.454641 0.184389 0.072875 0.118071
1 0.580969 0.087717 0.072219 0.110163
1 0.614469 0.368438 0.060969 0.134321
1 0.557477 0.341522 0.064797 0.128967
1 0.492219 0.394742 0.076844 0.103614
2 0.412656 0.515543 0.076156 0.116739
