0 0.555164 0.093478 0.063609 0.109511
0 0.456648 0.053152 0.068109 0.094076
0 0.490453 0.126291 0.061719 0.124538
0 0.531523 0.214552 0.070859 0.127799
0 0.674641 0.465747 0.059625 0.116114
0 0.685234 0.591617 0.063281 0.127364
0 0.419500 0.590883 0.080625 0.101712
0 0.419133 0.374375 0.071766 0.121196
0 0.318375 0.110408 0.061375 0.120924
2 0.513250 0.559606 0.070781 0.132255
2 0.626563 0.650122 0.068750 0.128668
2 0.554453 0.662704 0.069875 0.132255
2 0.477242 0.684049 0.071078 0.120489
2 0.368312 0.503696 0.071437 0.134837
2 0.567781 0.314293 0.058719 0.128696
2 0.397062 0.262717 0.056719 0.112935
4 0.263828 0.195897 0.064812 0.127446
4 0.215805 0.390910 0.075016 0.131114
4 0.361469 0.813179 0.062250 0.145870
4 0.436727 0.483139 0.069422 0.095136
4 0.351625 0.346087 0.053594 0.125272
4 0.459570 0.266250 0.073047 0.108696
1 0.385219 0.087976 0.063594 0.104103
1 0.601359 0.224715 0.063156 0.133234
1 0.654039 0.320285 0.070953 0.128288
1 0.623727 0.414171 0.059578 0.115462
1 0.623875 0.532826 0.068969 0.118859
1 0.279422 0.764837 0.080469 0.134239
1 0.309258 0.594063 0.074172 0.132473
1 0.308039 0.458777 0.066047 0.120543
3 0.331898 0.234144 0.066953 0.119755
3 0.285813 0.328152 0.067219 0.125815
3 0.232234 0.518139 0.073875 0.127310
3 0.229078 0.645217 0.077656 0.128696
3 0.357453 0.671522 0.079219 0.121033
3 0.435711 0.796861 0.076078 0.136549
3 0.527477 0.783641 0.082734 0.118750
3 0.566938 0.472432 0.051875 0.127310
3 0.504125 0.440367 0.072969 0.096277
3 0.501062 0.337160 0.072344 0.100951
3 0.425906 0.165679 0.074031 0.083370
