0 0.312672 0.201997 0.075094 0.116929
0 0.290492 0.317323 0.071516 0.131766
0 0.332453 0.420788 0.077844 0.134837
0 0.383437 0.606223 0.072719 0.115978
0 0.651445 0.398098 0.065391 0.136793
0 0.579023 0.598438 0.071859 0.140190
0 0.519047 0.548791 0.066687 0.124592
0 0.474117 0.827242 0.080234 0.148397
0 0.395273 0.850516 0.076766 0.139130
3 0.428648 0.051101 0.077109 0.102201
3 0.367094 0.123166 0.077125 0.120353
3 0.423063 0.275231 0.062781 0.129158
3 0.403500 0.387446 0.068812 0.122500
3 0.540680 0.124552 0.074859 0.133234
3 0.584680 0.197554 0.075797 0.128533
3 0.642547 0.273546 0.071063 0.121821
3 0.468555 0.488641 0.076422 0.118370
3 0.454680 0.606236 0.070234 0.126766
3 0.324992 0.658356 0.071953 0.124212
3 0.332289 0.775516 0.080578 0.121304
4 0.532758 0.434946 0.069922 0.122065
4 0.597539 0.475122 0.072922 0.128016
4 0.626938 0.703655 0.078906 0.139321
4 0.320711 0.534484 0.077016 0.125272
4 0.482750 0.269321 0.075406 0.127228
4 0.501539 0.204810 0.076047 0.107554
2 0.513523 0.009280 0.077016 0.018560
2 0.496844 0.086454 0.072281 0.134212
2 0.359063 0.294389 0.076375 0.133071
2 0.421906 0.722378 0.075875 0.134375
2 0.544773 0.777242 0.077828 0.140951
2 0.245219 0.548587 0.078469 0.135652
1 0.225570 0.428764 0.079172 0.118940
1 0.256570 0.681155 0.080422 0.140462
1 0.512250 0.666793 0.068594 0.124185
1 0.440930 0.153166 0.072859 0.118071
1 0.569266 0.060190 0.072219 0.120380
1 0.597172 0.351399 0.060969 0.134321
1 0.538391 0.315421 0.064813 0.128940
1 0.474766 0.389063 0.076844 0.103614
2 0.389328 0.500217 0.076156 0.116739
