3 0.323651 0.062713 0.049323 0.077222
4 0.512596 0.051769 0.062818 0.084685
3 0.383565 0.048792 0.058943 0.097583
3 0.389977 0.807019 0.086016 0.137463
3 0.474708 0.412606 0.071521 0.115120
3 0.779156 0.815199 0.083167 0.139676
1 0.205297 0.642403 0.083115 0.132306
4 0.258112 0.379315 0.067651 0.109963
0 0.184901 0.151986 0.051146 0.077213
3 0.195536 0.261713 0.054760 0.108370
1 0.327820 0.239759 0.067266 0.092778
1 0.364443 0.293366 0.066104 0.098972
1 0.415565 0.237273 0.063786 0.111343
2 0.403943 0.125435 0.062437 0.085926
2 0.166432 0.343505 0.076542 0.113398
2 0.146167 0.195463 0.056187 0.105204
2 0.242698 0.151273 0.056833 0.082176
2 0.276755 0.167181 0.048885 0.099583
3 0.244398 0.235912 0.063786 0.101028
3 0.310667 0.329194 0.060031 0.104630
3 0.346984 0.133699 0.067094 0.088824
