0 0.522938 0.227935 0.063625 0.109511
0 0.435813 0.191359 0.068125 0.094076
0 0.469422 0.258139 0.061719 0.124538
0 0.502117 0.334022 0.062641 0.106087
0 0.620133 0.556780 0.059609 0.116114
0 0.631484 0.663030 0.063281 0.127364
0 0.405625 0.664959 0.080625 0.101712
0 0.401539 0.470136 0.071766 0.121196
0 0.317930 0.245380 0.061359 0.120924
2 0.484578 0.636440 0.070781 0.132228
2 0.574547 0.706359 0.068750 0.128696
2 0.517719 0.711997 0.069875 0.132255
2 0.451461 0.738818 0.071078 0.120462
2 0.358078 0.583750 0.071438 0.134837
2 0.530375 0.425217 0.058719 0.128696
2 0.385219 0.372255 0.056719 0.112935
4 0.272047 0.329905 0.064812 0.127473
4 0.235906 0.495258 0.075000 0.131114
4 0.356273 0.849103 0.062234 0.145870
4 0.421766 0.575503 0.069437 0.095136
4 0.352102 0.462405 0.053609 0.125299
4 0.442242 0.376603 0.073047 0.108696
1 0.379234 0.224158 0.063594 0.104076
1 0.553594 0.324022 0.063156 0.132283
1 0.599891 0.410435 0.070969 0.128315
1 0.575648 0.486848 0.059578 0.115435
1 0.573352 0.599918 0.068953 0.118859
1 0.285719 0.807908 0.080469 0.134239
1 0.304133 0.661576 0.074172 0.132500
1 0.301836 0.532717 0.066047 0.120543
3 0.330406 0.354253 0.066969 0.119755
3 0.290453 0.438777 0.067219 0.125815
3 0.251273 0.602052 0.073859 0.127310
3 0.242531 0.717201 0.077656 0.128696
3 0.356500 0.737432 0.079219 0.121005
3 0.417437 0.842351 0.076094 0.136549
3 0.494187 0.825598 0.082750 0.118750
3 0.528937 0.555992 0.051875 0.127310
3 0.479125 0.531726 0.072969 0.096277
3 0.475875 0.442188 0.072344 0.100951
3 0.410734 0.291726 0.074031 0.083397
