0 0.565109 0.087568 0.063625 0.109538
0 0.461406 0.049103 0.068125 0.097609
0 0.499547 0.120068 0.061719 0.124538
0 0.540672 0.217215 0.070844 0.127799
0 0.690813 0.474402 0.059625 0.116141
0 0.700828 0.611766 0.063281 0.127337
0 0.423687 0.612160 0.080625 0.101712
0 0.419750 0.384321 0.071750 0.121196
0 0.319937 0.104511 0.061375 0.120924
2 0.518828 0.583723 0.070781 0.132228
2 0.633344 0.678424 0.068750 0.128696
2 0.559570 0.686535 0.068703 0.120462
2 0.482398 0.706345 0.071078 0.120462
2 0.365531 0.520394 0.071438 0.134864
2 0.577969 0.328043 0.058719 0.128696
2 0.394906 0.270842 0.056719 0.112935
4 0.261734 0.200639 0.064812 0.127473
4 0.213203 0.398954 0.075000 0.131114
4 0.364016 0.841250 0.062250 0.145870
4 0.440039 0.503383 0.069422 0.095136
4 0.352984 0.357622 0.053594 0.125299
4 0.464961 0.270408 0.073047 0.108696
1 0.388687 0.089660 0.063594 0.104103
1 0.608039 0.226264 0.063141 0.133234
1 0.655312 0.333913 0.070969 0.128315
1 0.628086 0.425408 0.059578 0.115435
1 0.627211 0.559905 0.068953 0.118886
1 0.275859 0.789524 0.080469 0.134266
1 0.299977 0.621481 0.074172 0.132473
1 0.304617 0.472065 0.066047 0.120543
3 0.332719 0.236155 0.066969 0.119755
3 0.284594 0.334185 0.067219 0.125815
3 0.232641 0.533139 0.073875 0.127310
3 0.222141 0.667554 0.077656 0.128696
3 0.360734 0.695557 0.079219 0.121005
3 0.439672 0.830543 0.076094 0.136522
3 0.537492 0.812391 0.082734 0.118750
3 0.578719 0.483274 0.051875 0.127310
3 0.512328 0.456128 0.072969 0.096277
3 0.511375 0.348193 0.072344 0.100951
3 0.427141 0.164891 0.074031 0.083370
