0 0.533492 0.242188 0.062859 0.123723
0 0.448430 0.199198 0.068109 0.098832
0 0.479648 0.269552 0.064516 0.122092
0 0.512312 0.350489 0.069625 0.124402
0 0.629078 0.581386 0.059625 0.116141
0 0.638312 0.692935 0.063281 0.127337
0 0.412547 0.694117 0.081187 0.093560
0 0.412375 0.497092 0.071750 0.121196
0 0.327898 0.255190 0.064141 0.130380
2 0.494289 0.663465 0.072016 0.133397
2 0.586188 0.741440 0.068750 0.118043
2 0.524938 0.746291 0.069875 0.132255
2 0.462813 0.761467 0.066281 0.121739
2 0.372125 0.603750 0.071437 0.134837
2 0.544602 0.435462 0.059391 0.128696
2 0.398867 0.391753 0.060141 0.114103
4 0.281133 0.342663 0.060672 0.127446
4 0.238070 0.513071 0.075016 0.128804
4 0.367969 0.878804 0.064281 0.131141
4 0.431453 0.601834 0.067437 0.104701
4 0.357859 0.478071 0.053594 0.125272
4 0.448742 0.400992 0.064922 0.122908
1 0.386375 0.220747 0.063594 0.104103
1 0.571031 0.331916 0.063156 0.132147
1 0.609977 0.436508 0.070953 0.128288
1 0.582961 0.522935 0.059578 0.115435
1 0.577117 0.630353 0.065516 0.107989
1 0.292375 0.830380 0.080469 0.134239
1 0.318500 0.697486 0.074188 0.132473
1 0.317180 0.568940 0.066047 0.120543
3 0.338445 0.371834 0.066953 0.119755
3 0.299203 0.459076 0.067219 0.125815
3 0.260406 0.633220 0.073875 0.127310
3 0.256711 0.735299 0.075672 0.128696
3 0.365484 0.762663 0.079219 0.121033
3 0.425945 0.870109 0.078172 0.133696
3 0.502531 0.857446 0.078750 0.110380
3 0.540938 0.589280 0.051875 0.127310
3 0.489336 0.563478 0.068203 0.102174
3 0.486453 0.472296 0.072344 0.100951
3 0.423063 0.310476 0.074031 0.083397
