3 0.429237 0.235611 0.053578 0.089074
4 0.542297 0.140009 0.061812 0.086574
3 0.524826 0.213569 0.049297 0.086861
4 0.463958 0.144083 0.057802 0.101815
0 0.210073 0.228528 0.046375 0.090667
0 0.268000 0.263454 0.053156 0.085907
0 0.295682 0.187278 0.055281 0.083796
0 0.471253 0.391556 0.063880 0.082537
1 0.260617 0.479088 0.045172 0.082250
1 0.219404 0.291699 0.041797 0.086120
0 0.258063 0.132227 0.049292 0.058361
0 0.303648 0.117542 0.042526 0.068731
1 0.248344 0.192523 0.043490 0.082472
3 0.337195 0.085648 0.051224 0.069185
3 0.393573 0.059769 0.057990 0.071759
1 0.353146 0.386282 0.045448 0.095139
4 0.285216 0.053625 0.056411 0.075676
4 0.493844 0.446634 0.049240 0.085861
2 0.514651 0.313718 0.044510 0.094380
1 0.391570 0.195792 0.045453 0.099324
3 0.482766 0.338218 0.053979 0.085861
3 0.423810 0.688222 0.059661 0.099778
4 0.346284 0.522491 0.071974 0.112796
1 0.439669 0.435690 0.046120 0.094269
1 0.284068 0.679440 0.073865 0.121213
3 0.596490 0.579329 0.065198 0.107269
3 0.489320 0.526190 0.062193 0.105750
3 0.847503 0.902421 0.084318 0.127824
1 0.227669 0.939120 0.076099 0.121759
4 0.340956 0.520380 0.062828 0.101389
0 0.352010 0.281250 0.045833 0.087500
3 0.644003 0.345431 0.058828 0.110269
1 0.569555 0.507352 0.048141 0.083907
1 0.525505 0.579894 0.055250 0.094769
1 0.558367 0.327769 0.052891 0.099167
2 0.468818 0.246287 0.055135 0.086778
2 0.264508 0.332917 0.059964 0.096259
2 0.334987 0.202722 0.052411 0.082833
2 0.378276 0.166861 0.047760 0.079722
2 0.443753 0.488667 0.059745 0.095704
3 0.396883 0.407208 0.059016 0.099491
3 0.538927 0.407310 0.063312 0.103065
3 0.437466 0.287764 0.056224 0.088824
