0 0.526750 0.242188 0.062875 0.123723
0 0.437781 0.198410 0.068125 0.098832
0 0.472062 0.274660 0.064500 0.122092
0 0.501141 0.352188 0.069625 0.124375
0 0.620680 0.582174 0.058922 0.116141
0 0.627891 0.690774 0.063281 0.127364
0 0.404992 0.692813 0.081203 0.093560
0 0.403102 0.497772 0.071766 0.121196
0 0.317242 0.255190 0.064141 0.130380
2 0.484094 0.663655 0.072000 0.133397
2 0.572703 0.740258 0.068750 0.118071
2 0.517750 0.746046 0.069875 0.132255
2 0.452344 0.765217 0.066281 0.121739
2 0.364516 0.605815 0.071437 0.134837
2 0.538039 0.437228 0.059391 0.128696
2 0.391680 0.392133 0.060141 0.114103
4 0.270141 0.341291 0.060656 0.127473
4 0.232734 0.512228 0.075000 0.128804
4 0.360492 0.878804 0.064297 0.131141
4 0.423406 0.601264 0.067437 0.104701
4 0.349758 0.476087 0.053609 0.125272
4 0.443578 0.400992 0.064906 0.122908
1 0.378531 0.220204 0.063594 0.104103
1 0.568984 0.332242 0.063156 0.132147
1 0.607906 0.435856 0.070969 0.128288
1 0.581633 0.522935 0.059578 0.115435
1 0.572969 0.629375 0.065531 0.107989
1 0.286609 0.832948 0.080469 0.134266
1 0.314648 0.698084 0.074172 0.132473
1 0.312422 0.569728 0.066031 0.120543
3 0.329711 0.373519 0.066953 0.119755
3 0.288844 0.456522 0.067219 0.125815
3 0.252703 0.630666 0.073875 0.127310
3 0.247266 0.733750 0.075687 0.128696
3 0.357125 0.760774 0.079219 0.121005
3 0.416031 0.869307 0.078156 0.133723
3 0.492781 0.856861 0.078750 0.110353
3 0.529766 0.588438 0.051875 0.127310
3 0.476875 0.561223 0.068219 0.102174
3 0.478797 0.471318 0.072344 0.100951
3 0.412188 0.312840 0.074031 0.083397
