3 0.431229 0.247394 0.052250 0.089083
4 0.543776 0.153694 0.061813 0.086574
3 0.523638 0.228301 0.049297 0.086861
4 0.465438 0.155130 0.057802 0.101815
0 0.210747 0.234056 0.046370 0.090667
0 0.270031 0.268745 0.053156 0.085917
0 0.296797 0.191236 0.055281 0.083787
0 0.480076 0.425611 0.058286 0.078704
1 0.261211 0.510125 0.052276 0.093824
1 0.219404 0.299375 0.041797 0.086120
0 0.258737 0.138727 0.049286 0.058361
0 0.303648 0.119028 0.042526 0.068722
1 0.249458 0.200449 0.043490 0.082472
3 0.336753 0.090384 0.051224 0.069194
3 0.393474 0.063736 0.057990 0.071769
1 0.340839 0.392181 0.045448 0.095139
4 0.285216 0.056778 0.056411 0.075685
4 0.512784 0.480301 0.049245 0.085861
2 0.517268 0.321694 0.044505 0.092611
1 0.391570 0.201403 0.045453 0.099324
3 0.491477 0.343940 0.053974 0.085861
3 0.485794 0.907083 0.059661 0.104352
4 0.348958 0.519023 0.071969 0.112787
1 0.451245 0.492509 0.048271 0.094278
1 0.299766 0.759634 0.073865 0.121213
3 0.593648 0.587750 0.065203 0.107259
3 0.489836 0.555940 0.049755 0.093250
3 0.847138 0.919255 0.084318 0.127824
1 0.227669 0.939120 0.076099 0.121759
4 0.340956 0.520380 0.062828 0.101389
0 0.351544 0.291639 0.050891 0.095370
3 0.641638 0.347116 0.058828 0.110269
1 0.571013 0.519653 0.048141 0.083898
1 0.528471 0.588106 0.055245 0.094769
1 0.560013 0.335486 0.051182 0.096824
2 0.471633 0.257338 0.053057 0.086787
2 0.260167 0.351856 0.059969 0.096250
2 0.337073 0.209792 0.051281 0.080824
2 0.381122 0.172250 0.046609 0.077722
2 0.443753 0.488667 0.059745 0.095704
3 0.401513 0.420921 0.059016 0.099491
3 0.539815 0.415208 0.063307 0.103065
3 0.437831 0.292944 0.056224 0.088833
