0 0.535750 0.232731 0.066906 0.123723
0 0.450352 0.187758 0.068109 0.098832
0 0.482930 0.263451 0.064516 0.122120
0 0.513859 0.340693 0.069625 0.124375
0 0.632008 0.567609 0.058234 0.116141
0 0.638195 0.680720 0.065297 0.127364
0 0.417437 0.682568 0.077094 0.093560
0 0.413234 0.490707 0.071750 0.121196
0 0.331867 0.246929 0.064141 0.130380
2 0.485148 0.650068 0.072016 0.133397
2 0.586188 0.733166 0.068750 0.118071
2 0.528664 0.741929 0.066422 0.132228
2 0.458102 0.761549 0.064203 0.120598
2 0.366719 0.601984 0.071438 0.134837
2 0.543758 0.436834 0.059391 0.128668
2 0.394906 0.388003 0.060125 0.114103
4 0.283398 0.333601 0.060672 0.127473
4 0.246102 0.500245 0.075016 0.128804
4 0.371234 0.866291 0.064281 0.131114
4 0.431359 0.587649 0.067437 0.104701
4 0.359992 0.469701 0.053609 0.125272
4 0.451320 0.388940 0.064922 0.122935
1 0.383453 0.216698 0.063594 0.104103
1 0.565828 0.330082 0.063156 0.132120
1 0.607742 0.426101 0.070953 0.128288
1 0.576430 0.534511 0.059578 0.115435
1 0.580102 0.628587 0.065516 0.107989
1 0.292859 0.822065 0.080469 0.134239
1 0.316914 0.685666 0.074172 0.132473
1 0.310383 0.564429 0.066047 0.120543
3 0.342234 0.362636 0.066969 0.119783
3 0.303062 0.445272 0.067219 0.125815
3 0.263984 0.619212 0.073875 0.127337
3 0.259297 0.728424 0.075687 0.128696
3 0.364406 0.753043 0.075813 0.122283
3 0.425578 0.859389 0.078156 0.133723
3 0.504469 0.844457 0.078750 0.110380
3 0.539766 0.576454 0.051875 0.127310
3 0.486930 0.548995 0.068203 0.102174
3 0.487578 0.464035 0.072344 0.100951
3 0.422234 0.302921 0.074031 0.083397
