0 0.531000 0.183057 0.062875 0.137962
0 0.432008 0.139266 0.068109 0.099946
0 0.465984 0.216712 0.061719 0.124565
0 0.502344 0.320054 0.066844 0.117174
0 0.632242 0.572717 0.059609 0.116141
0 0.637859 0.692935 0.063281 0.127337
0 0.395281 0.701929 0.079062 0.097283
0 0.395281 0.475571 0.071750 0.121196
0 0.300805 0.205571 0.064141 0.130380
2 0.479758 0.629090 0.070016 0.132255
2 0.582219 0.747745 0.068750 0.128696
2 0.521156 0.755611 0.069875 0.132255
2 0.446711 0.770584 0.071078 0.120462
2 0.345094 0.600870 0.071438 0.134837
2 0.538211 0.417092 0.059391 0.128696
2 0.374797 0.361141 0.056719 0.112935
4 0.244391 0.296182 0.064813 0.127473
4 0.204484 0.496114 0.075000 0.128804
4 0.343500 0.897717 0.064281 0.131141
4 0.412875 0.598288 0.067437 0.104728
4 0.334297 0.457799 0.053594 0.125272
4 0.433258 0.359443 0.073047 0.122908
1 0.367719 0.149416 0.063594 0.104103
1 0.569094 0.290543 0.063156 0.132120
1 0.613016 0.399130 0.070969 0.128315
1 0.579789 0.487908 0.059578 0.115435
1 0.581898 0.618940 0.067641 0.105815
1 0.271250 0.789620 0.080469 0.134239
1 0.289953 0.685068 0.074187 0.132473
1 0.289445 0.548696 0.066047 0.120543
3 0.313008 0.336033 0.066953 0.119783
3 0.267945 0.433478 0.067203 0.125815
3 0.227883 0.625938 0.073859 0.127310
3 0.222969 0.752554 0.077656 0.128696
3 0.340469 0.769986 0.079219 0.121005
3 0.410445 0.887636 0.076078 0.133696
3 0.494445 0.871087 0.082734 0.118750
3 0.532734 0.579606 0.051875 0.127310
3 0.476766 0.549117 0.072969 0.096277
3 0.477391 0.447092 0.072344 0.100978
3 0.403344 0.261114 0.074031 0.083370
