0 0.321828 0.245190 0.080875 0.128804
0 0.297805 0.360734 0.071516 0.131739
0 0.344562 0.459402 0.077844 0.140924
0 0.405219 0.642201 0.072719 0.126033
0 0.676258 0.410842 0.065391 0.136793
0 0.608609 0.619090 0.071844 0.140190
0 0.545289 0.569728 0.066672 0.124565
0 0.500984 0.876671 0.080219 0.155571
0 0.417500 0.907894 0.081563 0.147527
3 0.438109 0.090285 0.077094 0.108886
3 0.377297 0.162948 0.077125 0.120353
3 0.435594 0.306726 0.062781 0.129158
3 0.419969 0.417459 0.068813 0.122527
3 0.554937 0.145842 0.074875 0.133207
3 0.598414 0.225000 0.075797 0.128533
3 0.659789 0.293030 0.071078 0.121821
3 0.483500 0.514986 0.076437 0.124321
3 0.475289 0.640516 0.070234 0.126793
3 0.344234 0.695217 0.076000 0.128804
3 0.349453 0.826495 0.086563 0.134185
4 0.553711 0.457636 0.069922 0.122065
4 0.621555 0.496997 0.072922 0.128016
4 0.661023 0.728152 0.080891 0.145380
4 0.332383 0.574918 0.077016 0.125272
4 0.498180 0.285448 0.075391 0.127201
4 0.513320 0.230000 0.076047 0.107554
2 0.518258 0.030761 0.077016 0.059130
2 0.506391 0.121454 0.072281 0.134212
2 0.373445 0.329416 0.076359 0.133071
2 0.444148 0.763519 0.082016 0.134375
2 0.578289 0.813370 0.077828 0.145652
2 0.252539 0.590462 0.080484 0.140217
1 0.232555 0.470910 0.080484 0.118940
1 0.265273 0.729742 0.080422 0.148342
1 0.536453 0.697772 0.068594 0.134946
1 0.448961 0.189443 0.072859 0.118071
1 0.575906 0.087174 0.072219 0.110163
1 0.614922 0.364783 0.060969 0.134293
1 0.555875 0.344198 0.064813 0.128940
1 0.490234 0.403329 0.076844 0.103614
2 0.406719 0.524457 0.076156 0.116739
