0 0.531680 0.136943 0.062859 0.137962
0 0.434383 0.084864 0.068109 0.091739
0 0.469047 0.162337 0.061719 0.124565
0 0.503703 0.260367 0.066844 0.117201
0 0.631563 0.511250 0.059625 0.116141
0 0.641484 0.635802 0.063281 0.127364
0 0.396359 0.630516 0.078531 0.098207
0 0.394602 0.422147 0.071766 0.121196
0 0.300945 0.152364 0.064141 0.130380
2 0.483781 0.587976 0.070031 0.132255
2 0.582906 0.677609 0.068750 0.128696
2 0.520133 0.679851 0.069859 0.132255
2 0.449773 0.703193 0.071078 0.120462
2 0.351609 0.532813 0.071438 0.134864
2 0.537523 0.360978 0.059391 0.128696
2 0.377906 0.301712 0.056719 0.112935
4 0.252094 0.248492 0.064813 0.127473
4 0.212633 0.434049 0.075016 0.128804
4 0.344187 0.829158 0.064281 0.131141
4 0.417633 0.530910 0.067453 0.104701
4 0.338375 0.393370 0.053594 0.125272
4 0.438117 0.307636 0.073047 0.108696
1 0.367812 0.125340 0.063594 0.104103
1 0.571484 0.233356 0.063156 0.132147
1 0.611133 0.339226 0.070953 0.128288
1 0.584914 0.443139 0.059578 0.115462
1 0.581641 0.561332 0.067656 0.105815
1 0.271312 0.770883 0.080469 0.134266
1 0.296750 0.625774 0.074187 0.132473
1 0.295430 0.488179 0.066047 0.120543
3 0.316406 0.280476 0.066969 0.119755
3 0.272023 0.372011 0.067203 0.125815
3 0.233656 0.557976 0.073875 0.127310
3 0.226234 0.681141 0.077656 0.128696
3 0.345219 0.705204 0.079219 0.121005
3 0.410445 0.822038 0.076078 0.133696
3 0.490023 0.804891 0.082734 0.118750
3 0.532281 0.517351 0.051875 0.127310
3 0.477891 0.480557 0.072969 0.096277
3 0.475578 0.391535 0.072344 0.100951
3 0.405391 0.211182 0.074031 0.083397
