0 0.546633 0.245734 0.062859 0.123696
0 0.455555 0.208220 0.068109 0.098832
0 0.490070 0.278220 0.064516 0.122092
0 0.518625 0.361087 0.069625 0.124402
0 0.640383 0.581005 0.058234 0.116141
0 0.647258 0.693736 0.065297 0.127364
0 0.429688 0.697935 0.081188 0.093587
0 0.425305 0.502500 0.071766 0.121196
0 0.340352 0.267024 0.064141 0.130408
2 0.497586 0.659864 0.072016 0.133370
2 0.592953 0.744986 0.068750 0.118071
2 0.539617 0.748016 0.069859 0.132283
2 0.475867 0.769755 0.064203 0.120598
2 0.380531 0.611345 0.071437 0.134864
2 0.551805 0.446087 0.059391 0.128696
2 0.406805 0.396861 0.060141 0.114103
4 0.292234 0.347785 0.060656 0.127473
4 0.255453 0.516793 0.075000 0.128804
4 0.378672 0.882065 0.064281 0.131141
4 0.440742 0.604198 0.067453 0.104701
4 0.368867 0.483179 0.053609 0.125272
4 0.459969 0.399361 0.064906 0.122908
1 0.395359 0.226997 0.063594 0.104103
1 0.577766 0.340951 0.063156 0.132120
1 0.613766 0.433492 0.070969 0.128288
1 0.585945 0.534158 0.059578 0.115435
1 0.591250 0.633003 0.065531 0.108016
1 0.309711 0.834728 0.080484 0.134239
1 0.333570 0.698084 0.074172 0.132473
1 0.332133 0.570924 0.066047 0.120543
3 0.353297 0.376236 0.066969 0.119755
3 0.312117 0.455924 0.067203 0.125815
3 0.275805 0.627717 0.073859 0.127337
3 0.269359 0.741440 0.075688 0.128696
3 0.373578 0.764484 0.079219 0.121033
3 0.438938 0.868342 0.078156 0.133696
3 0.513656 0.857622 0.078750 0.110353
3 0.550500 0.593478 0.051875 0.127337
3 0.494695 0.564973 0.068203 0.102174
3 0.498125 0.475367 0.072344 0.100951
3 0.433250 0.317568 0.074031 0.083397
