0 0.551594 0.105000 0.063625 0.109511
0 0.452398 0.058071 0.068109 0.094076
0 0.487844 0.137120 0.061719 0.124565
0 0.526172 0.221345 0.070844 0.127799
0 0.669117 0.468696 0.059609 0.116141
0 0.679703 0.595313 0.063281 0.127364
0 0.416656 0.594823 0.080625 0.101712
0 0.414719 0.381467 0.071750 0.121196
0 0.318031 0.119293 0.061375 0.120924
2 0.509625 0.563546 0.070781 0.132255
2 0.622312 0.651590 0.068750 0.128668
2 0.551055 0.662704 0.069859 0.132255
2 0.475430 0.683655 0.071078 0.120462
2 0.367062 0.503383 0.071437 0.134864
2 0.565906 0.317840 0.058719 0.128668
2 0.396625 0.262717 0.056719 0.112935
4 0.262062 0.204361 0.064813 0.127473
4 0.218070 0.399973 0.075016 0.131141
4 0.359938 0.812228 0.062250 0.145870
4 0.435453 0.492731 0.069437 0.095136
4 0.349930 0.346087 0.053609 0.125272
4 0.457148 0.266250 0.073047 0.108696
1 0.384766 0.090747 0.063594 0.104103
1 0.599602 0.224307 0.063141 0.133234
1 0.649195 0.320312 0.070953 0.128288
1 0.620758 0.414171 0.059578 0.115462
1 0.619914 0.533315 0.068953 0.118859
1 0.280734 0.763492 0.080469 0.134266
1 0.308867 0.595448 0.074172 0.132473
1 0.307422 0.460353 0.066031 0.120543
3 0.330539 0.237704 0.066953 0.119755
3 0.286156 0.335842 0.067219 0.125815
3 0.235297 0.519905 0.073875 0.127310
3 0.230438 0.646399 0.077656 0.128723
3 0.358219 0.675041 0.079219 0.121005
3 0.431742 0.799810 0.076078 0.136522
3 0.523055 0.783641 0.082734 0.118750
3 0.562859 0.475978 0.051875 0.127337
3 0.501406 0.440367 0.072969 0.096277
3 0.498000 0.341291 0.072344 0.100951
3 0.423875 0.168641 0.074031 0.083370
