0 0.585711 0.118030 0.062859 0.137962
0 0.491141 0.063614 0.068125 0.099946
0 0.525078 0.147595 0.064500 0.122092
0 0.558414 0.230815 0.066828 0.117174
0 0.680492 0.478152 0.059609 0.116141
0 0.688047 0.599742 0.063281 0.127364
0 0.454836 0.592731 0.081203 0.093560
0 0.454070 0.387255 0.071766 0.121196
0 0.363133 0.120462 0.064141 0.130380
2 0.533062 0.569063 0.070031 0.132255
2 0.630141 0.652188 0.068750 0.128668
2 0.569406 0.660340 0.069875 0.132255
2 0.501766 0.673057 0.071094 0.120462
2 0.405297 0.505041 0.071438 0.134864
2 0.590539 0.336168 0.059391 0.128696
2 0.437031 0.276875 0.056719 0.112935
4 0.315641 0.211861 0.064812 0.127473
4 0.277547 0.396223 0.075000 0.128804
4 0.404344 0.781902 0.064281 0.131141
4 0.469969 0.500774 0.067438 0.104701
4 0.397852 0.367948 0.053609 0.125299
4 0.496258 0.282772 0.064922 0.122935
1 0.423219 0.091046 0.063594 0.104103
1 0.615547 0.222323 0.063156 0.132147
1 0.661430 0.330353 0.070953 0.128315
1 0.630633 0.425408 0.059578 0.115435
1 0.629906 0.543003 0.067656 0.105788
1 0.321594 0.729524 0.080469 0.134266
1 0.357414 0.593560 0.074172 0.132500
1 0.350477 0.462174 0.066047 0.120543
3 0.376898 0.246196 0.066953 0.119783
3 0.336930 0.343641 0.067203 0.125815
3 0.296531 0.516603 0.073875 0.127337
3 0.291469 0.631508 0.077656 0.128723
3 0.403672 0.663247 0.079219 0.121005
3 0.468898 0.772976 0.076078 0.133723
3 0.547477 0.768261 0.084141 0.118750
3 0.587344 0.485448 0.051875 0.127310
3 0.531594 0.455149 0.072969 0.096277
3 0.532328 0.360802 0.072344 0.100951
3 0.460781 0.183995 0.074031 0.083370
