0 0.527602 0.170041 0.062859 0.137962
0 0.433195 0.124783 0.068109 0.099946
0 0.469719 0.198981 0.061719 0.124538
0 0.502688 0.297011 0.066844 0.117174
0 0.632414 0.538723 0.059609 0.116141
0 0.639109 0.664769 0.063281 0.127364
0 0.397031 0.666563 0.078531 0.098234
0 0.393586 0.454049 0.071766 0.121196
0 0.301273 0.186658 0.064141 0.130380
2 0.482086 0.626101 0.070016 0.132255
2 0.582391 0.711889 0.068750 0.128668
2 0.518609 0.721209 0.069875 0.132255
2 0.449094 0.739253 0.071094 0.120462
2 0.350250 0.571236 0.071438 0.134864
2 0.539477 0.385353 0.059391 0.128696
2 0.376547 0.338342 0.056719 0.112935
4 0.247672 0.279226 0.064812 0.127473
4 0.207203 0.469511 0.075000 0.128804
4 0.347414 0.868179 0.064297 0.131141
4 0.412195 0.564008 0.067453 0.104701
4 0.332602 0.428234 0.053609 0.125272
4 0.434711 0.345435 0.073047 0.122935
1 0.366719 0.148832 0.063594 0.104076
1 0.569078 0.275516 0.063156 0.132120
1 0.612156 0.375571 0.070969 0.128315
1 0.581352 0.486875 0.059578 0.115435
1 0.581641 0.591766 0.067656 0.105815
1 0.268922 0.792459 0.080469 0.134266
1 0.290289 0.660054 0.074172 0.132500
1 0.288805 0.524212 0.066047 0.120543
3 0.314367 0.312976 0.066953 0.119755
3 0.268969 0.408071 0.067219 0.125815
3 0.228906 0.594334 0.073875 0.127310
3 0.223344 0.715734 0.077656 0.128696
3 0.342156 0.743628 0.079219 0.121005
3 0.411461 0.853940 0.076078 0.133696
3 0.491727 0.842418 0.082734 0.118750
3 0.532625 0.551630 0.051875 0.127337
3 0.475516 0.521332 0.072969 0.096304
3 0.475922 0.426399 0.072344 0.100951
3 0.401312 0.246046 0.074031 0.083397
