0 0.547992 0.245992 0.062859 0.123723
0 0.457648 0.208410 0.068109 0.098832
0 0.491281 0.278492 0.064500 0.122092
0 0.519641 0.360639 0.069625 0.124375
0 0.641742 0.581522 0.058234 0.116141
0 0.648312 0.694524 0.065313 0.127364
0 0.430445 0.697935 0.081203 0.093587
0 0.426102 0.502500 0.071766 0.121196
0 0.341305 0.267024 0.064141 0.130408
2 0.499242 0.660041 0.072016 0.133397
2 0.593141 0.744986 0.068750 0.118071
2 0.540406 0.748207 0.069875 0.132283
2 0.476094 0.770149 0.064187 0.120571
2 0.381406 0.612187 0.071437 0.134864
2 0.552711 0.446087 0.059391 0.128696
2 0.407484 0.396861 0.060125 0.114103
4 0.292797 0.347785 0.060656 0.127473
4 0.256656 0.516793 0.075000 0.128804
4 0.379266 0.881916 0.064281 0.131114
4 0.442102 0.604198 0.067453 0.104701
4 0.369445 0.483179 0.053609 0.125272
4 0.460055 0.398913 0.064922 0.122935
1 0.395859 0.226997 0.063594 0.104103
1 0.578250 0.341046 0.063156 0.132147
1 0.614531 0.433193 0.070969 0.128288
1 0.586555 0.534253 0.059578 0.115462
1 0.592125 0.633342 0.065531 0.107989
1 0.309922 0.834728 0.080469 0.134239
1 0.334359 0.698274 0.074187 0.132473
1 0.332680 0.571630 0.066047 0.120543
3 0.354156 0.376236 0.066969 0.119755
3 0.313820 0.456223 0.067203 0.125815
3 0.276484 0.628193 0.073875 0.127310
3 0.270445 0.742147 0.075672 0.128696
3 0.374750 0.764660 0.079219 0.121005
3 0.439922 0.868560 0.078156 0.133696
3 0.514141 0.857799 0.078750 0.110380
3 0.551734 0.593954 0.051875 0.127310
3 0.496477 0.565516 0.068203 0.102174
3 0.499609 0.476427 0.072344 0.100951
3 0.434203 0.317568 0.074031 0.083397
