3 0.370052 0.277486 0.053208 0.084065
4 0.551974 0.240759 0.063781 0.104444
3 0.427135 0.247375 0.058948 0.097583
4 0.472003 0.231551 0.043495 0.082472
0 0.205742 0.252449 0.046370 0.072176
0 0.261792 0.298556 0.053156 0.085907
0 0.288615 0.225310 0.040594 0.083787
0 0.365203 0.204815 0.058958 0.066611
1 0.301898 0.286106 0.042526 0.067009
1 0.214130 0.308972 0.040594 0.096222
0 0.258891 0.167565 0.058958 0.049796
0 0.316638 0.194597 0.042526 0.068731
1 0.249948 0.209856 0.043490 0.082472
3 0.353367 0.149060 0.051224 0.056306
3 0.402536 0.150778 0.057990 0.071759
1 0.326786 0.239713 0.034792 0.068722
4 0.302380 0.115338 0.047354 0.068324
3 0.441091 0.939995 0.080922 0.120009
3 0.521745 0.590440 0.071521 0.115120
3 0.790336 0.853565 0.083464 0.122074
1 0.284146 0.833833 0.083115 0.132296
4 0.328422 0.583769 0.067656 0.109963
0 0.248089 0.361389 0.044865 0.087500
3 0.263029 0.471319 0.053151 0.103787
1 0.380490 0.431759 0.067271 0.092778
1 0.422430 0.483218 0.066109 0.098972
1 0.461474 0.424551 0.063792 0.111343
2 0.452268 0.326454 0.062443 0.085926
2 0.237734 0.544537 0.053354 0.096259
2 0.222516 0.402921 0.056187 0.105194
2 0.291503 0.360875 0.042339 0.089083
2 0.338607 0.372491 0.048891 0.080704
3 0.307943 0.448384 0.063792 0.101028
3 0.374937 0.513037 0.060031 0.104630
3 0.400865 0.332569 0.067094 0.088824
