0 0.509250 0.217378 0.062875 0.123723
0 0.419430 0.172405 0.068109 0.098832
0 0.453367 0.246304 0.064516 0.122120
0 0.482594 0.327690 0.069625 0.124402
0 0.601664 0.552636 0.059609 0.116141
0 0.606141 0.666535 0.063281 0.127364
0 0.388234 0.664823 0.081187 0.093560
0 0.383727 0.476495 0.071766 0.121196
0 0.299570 0.230380 0.064141 0.130380
2 0.464078 0.638818 0.070031 0.132255
2 0.555375 0.714837 0.068750 0.128696
2 0.493969 0.726535 0.069875 0.132255
2 0.432102 0.745761 0.071078 0.120489
2 0.339359 0.588383 0.071438 0.134864
2 0.516461 0.420082 0.059391 0.128696
2 0.368742 0.370856 0.060141 0.114103
4 0.255531 0.311128 0.060656 0.127473
4 0.217391 0.488424 0.075000 0.128804
4 0.340781 0.849266 0.064281 0.131141
4 0.398602 0.578193 0.067453 0.104701
4 0.330219 0.456005 0.053594 0.125272
4 0.423867 0.374973 0.064922 0.122935
1 0.352875 0.202174 0.063594 0.104076
1 0.532969 0.316889 0.063156 0.132147
1 0.574773 0.414280 0.070953 0.128288
1 0.546180 0.507554 0.059578 0.115435
1 0.551445 0.611046 0.065516 0.108016
1 0.250234 0.798071 0.080469 0.134239
1 0.287508 0.672582 0.074172 0.132500
1 0.277352 0.545163 0.066047 0.120543
3 0.312328 0.349035 0.066969 0.119755
3 0.271344 0.433478 0.067219 0.125815
3 0.232992 0.605258 0.073859 0.127310
3 0.233031 0.715435 0.077656 0.128696
3 0.338438 0.740679 0.079219 0.121033
3 0.399891 0.839769 0.078156 0.133723
3 0.471008 0.828533 0.084141 0.118750
3 0.511891 0.561087 0.051875 0.127337
3 0.458188 0.534918 0.072969 0.096304
3 0.459266 0.445910 0.072344 0.100951
3 0.391930 0.286128 0.074016 0.083397
