0 0.344031 0.239742 0.075094 0.116929
0 0.327555 0.348587 0.071516 0.131739
0 0.369305 0.443587 0.077828 0.134837
0 0.424516 0.621603 0.072719 0.115978
0 0.684922 0.409511 0.065406 0.136793
0 0.619938 0.603383 0.071844 0.140190
0 0.556961 0.561549 0.066672 0.124565
0 0.515266 0.842351 0.080219 0.148397
0 0.436883 0.870611 0.076766 0.139158
3 0.458273 0.086834 0.077109 0.108886
3 0.401359 0.164552 0.077125 0.120353
3 0.455797 0.301671 0.062781 0.129158
3 0.438906 0.412418 0.068813 0.122500
3 0.568531 0.148207 0.074875 0.133207
3 0.611117 0.221114 0.075797 0.128533
3 0.670453 0.294307 0.071062 0.121821
3 0.502594 0.501413 0.076438 0.118370
3 0.493273 0.626345 0.070234 0.126766
3 0.365969 0.676372 0.071938 0.124212
3 0.370281 0.796427 0.080563 0.121332
4 0.567773 0.443872 0.069922 0.122038
4 0.632398 0.491562 0.072922 0.128016
4 0.669281 0.710312 0.078906 0.139321
4 0.355570 0.560068 0.077016 0.125245
4 0.513586 0.293723 0.075391 0.127228
4 0.529977 0.233546 0.076047 0.107527
2 0.535961 0.029959 0.077016 0.059918
2 0.523844 0.115720 0.072281 0.134212
2 0.392266 0.324375 0.076375 0.133043
2 0.461766 0.742242 0.075875 0.134375
2 0.587586 0.788125 0.077828 0.140924
2 0.281219 0.573356 0.078469 0.135679
1 0.261883 0.453995 0.079172 0.118967
1 0.291227 0.707690 0.080422 0.140489
1 0.552906 0.678288 0.068594 0.134946
1 0.466445 0.185571 0.072859 0.118043
1 0.592250 0.087717 0.072219 0.110163
1 0.625367 0.368438 0.060984 0.134321
1 0.569281 0.340340 0.064812 0.128940
1 0.506547 0.394742 0.076844 0.103614
2 0.425125 0.514361 0.076156 0.116712
