0 0.527602 0.167296 0.062859 0.137962
0 0.433023 0.122120 0.068109 0.099946
0 0.470406 0.195435 0.061719 0.124565
0 0.502344 0.294647 0.066844 0.117174
0 0.632922 0.534891 0.059625 0.116141
0 0.639437 0.660625 0.063281 0.127337
0 0.397031 0.662432 0.078531 0.098234
0 0.393242 0.451685 0.071766 0.121196
0 0.301617 0.184293 0.064141 0.130380
2 0.482422 0.623437 0.070031 0.132255
2 0.582562 0.706562 0.068750 0.128668
2 0.518437 0.718261 0.069875 0.132283
2 0.448867 0.733940 0.071078 0.120489
2 0.350703 0.565910 0.071438 0.134864
2 0.539570 0.382255 0.059391 0.128696
2 0.376547 0.335978 0.056719 0.112935
4 0.247109 0.275285 0.064812 0.127473
4 0.207422 0.465571 0.075000 0.128804
4 0.347586 0.863451 0.064297 0.131141
4 0.412195 0.559674 0.067453 0.104728
4 0.332937 0.423709 0.053594 0.125299
4 0.434945 0.341875 0.073047 0.122935
1 0.366797 0.144837 0.063594 0.104076
1 0.568984 0.273152 0.063156 0.132120
1 0.612156 0.369361 0.070969 0.128288
1 0.581523 0.482745 0.059578 0.115435
1 0.581641 0.584973 0.067656 0.105815
1 0.268578 0.790978 0.080469 0.134239
1 0.290180 0.655326 0.074172 0.132500
1 0.288633 0.521277 0.066047 0.120543
3 0.314367 0.310041 0.066953 0.119755
3 0.269078 0.403940 0.067219 0.125815
3 0.228906 0.591073 0.073875 0.127310
3 0.222828 0.710707 0.077656 0.128696
3 0.342500 0.739497 0.079219 0.121005
3 0.411805 0.849212 0.076078 0.133696
3 0.491383 0.836821 0.082734 0.118750
3 0.532734 0.547690 0.051875 0.127337
3 0.475625 0.516399 0.072969 0.096277
3 0.476031 0.422663 0.072344 0.100978
3 0.401984 0.240734 0.074031 0.083370
