0 0.528141 0.102310 0.066000 0.120489
0 0.431641 0.061821 0.068125 0.101576
0 0.465328 0.134783 0.064344 0.128152
0 0.501789 0.223533 0.070859 0.127826
0 0.636344 0.460476 0.060688 0.119266
0 0.644484 0.587826 0.063281 0.130978
0 0.400203 0.591753 0.080625 0.095788
0 0.396359 0.381359 0.067750 0.121196
0 0.301602 0.128071 0.061359 0.130652
2 0.483047 0.556603 0.071719 0.115652
2 0.586516 0.635408 0.068750 0.110761
2 0.521938 0.642989 0.054688 0.099674
2 0.449727 0.664701 0.063922 0.112500
2 0.349594 0.506087 0.059844 0.130978
2 0.537187 0.317337 0.055938 0.119837
2 0.375078 0.277405 0.051750 0.112853
4 0.250961 0.218682 0.066484 0.127473
4 0.212500 0.404579 0.074219 0.128016
4 0.348156 0.788397 0.057656 0.128424
4 0.414969 0.493804 0.069437 0.101087
4 0.335883 0.359837 0.053609 0.125815
4 0.436617 0.275774 0.067234 0.120408
1 0.363312 0.097799 0.063594 0.104076
1 0.564773 0.202853 0.055672 0.105978
1 0.609187 0.312092 0.065312 0.106467
1 0.582484 0.408071 0.048438 0.101467
1 0.585609 0.520258 0.065625 0.104864
1 0.269234 0.733995 0.060125 0.090924
1 0.293547 0.592663 0.072812 0.111141
1 0.295234 0.457785 0.056406 0.118288
3 0.317750 0.250109 0.066969 0.125163
3 0.273492 0.341522 0.065141 0.128804
3 0.233063 0.523302 0.074094 0.120190
3 0.228234 0.645883 0.077656 0.125299
3 0.343969 0.666929 0.079219 0.119022
3 0.415937 0.777908 0.074062 0.130978
3 0.497609 0.763505 0.076719 0.104891
3 0.534906 0.474280 0.051875 0.132310
3 0.475328 0.445516 0.072969 0.098641
3 0.474969 0.349864 0.072344 0.091576
3 0.402781 0.180815 0.074594 0.091576
