0 0.528797 0.168696 0.064094 0.109511
0 0.437570 0.132758 0.068109 0.095462
0 0.468078 0.204063 0.060969 0.124538
0 0.504141 0.284606 0.070844 0.127799
0 0.639352 0.504090 0.059422 0.116766
0 0.649359 0.627228 0.063281 0.127663
0 0.406891 0.634334 0.078594 0.095788
0 0.401250 0.433288 0.067750 0.121196
0 0.309367 0.196304 0.061359 0.120924
2 0.490703 0.603071 0.072094 0.130489
2 0.593648 0.681603 0.068734 0.125109
2 0.528180 0.692908 0.059172 0.118098
2 0.458586 0.718356 0.071359 0.120462
2 0.356023 0.557201 0.062547 0.133370
2 0.539047 0.369986 0.058156 0.112038
2 0.381562 0.327799 0.052656 0.103533
4 0.258734 0.280870 0.064813 0.127446
4 0.218477 0.460109 0.074641 0.129348
4 0.355563 0.837935 0.058437 0.133152
4 0.420078 0.538614 0.069437 0.096141
4 0.340813 0.416549 0.053594 0.125272
4 0.441281 0.332908 0.068281 0.108696
1 0.373359 0.173261 0.063594 0.104076
1 0.567578 0.264457 0.055656 0.105978
1 0.611328 0.366658 0.063719 0.098641
1 0.587398 0.444063 0.054203 0.098723
1 0.590836 0.563247 0.068641 0.098288
1 0.276617 0.798261 0.075891 0.125978
1 0.301438 0.635299 0.074031 0.103750
1 0.299484 0.508682 0.058625 0.118940
3 0.322148 0.310951 0.066953 0.119293
3 0.279539 0.398370 0.065141 0.125815
3 0.239500 0.573179 0.073500 0.126033
3 0.231844 0.692622 0.077656 0.127418
3 0.352141 0.711467 0.079219 0.120054
3 0.423258 0.826630 0.074078 0.135435
3 0.507000 0.808234 0.081531 0.115978
3 0.538078 0.520543 0.051875 0.127826
3 0.481594 0.491766 0.072969 0.088098
3 0.481766 0.403084 0.072344 0.087255
3 0.407766 0.242174 0.074031 0.083370
