3 0.389378 0.370861 0.053214 0.094852
4 0.562714 0.312407 0.063781 0.104444
3 0.445656 0.338269 0.058948 0.097593
4 0.482867 0.309926 0.048318 0.101815
0 0.232312 0.354796 0.046375 0.072185
0 0.286367 0.393023 0.053161 0.085917
0 0.310956 0.329444 0.040589 0.083796
0 0.379214 0.310306 0.058958 0.065741
1 0.327263 0.397481 0.042526 0.071852
1 0.239201 0.412523 0.041797 0.072639
0 0.283349 0.265255 0.058958 0.049787
0 0.336487 0.258917 0.042526 0.068722
1 0.270479 0.309690 0.043490 0.082472
3 0.369872 0.236731 0.051224 0.069185
3 0.420047 0.242028 0.057990 0.071759
1 0.352148 0.333111 0.034797 0.068722
4 0.312042 0.201222 0.047354 0.068333
3 0.438521 0.952727 0.075781 0.094546
3 0.545255 0.681477 0.071521 0.115120
3 0.800893 0.889801 0.083745 0.105435
1 0.301747 0.908361 0.080078 0.117778
4 0.350164 0.678245 0.062828 0.101380
0 0.271937 0.471963 0.044865 0.087500
3 0.285974 0.563644 0.053146 0.103787
1 0.400417 0.542333 0.067271 0.092778
1 0.444180 0.578778 0.058891 0.086130
1 0.480331 0.505477 0.054130 0.109157
2 0.476302 0.410204 0.056396 0.088093
2 0.268531 0.657259 0.053354 0.096259
2 0.236393 0.504921 0.047755 0.077269
2 0.309919 0.473593 0.042339 0.089074
2 0.352331 0.487264 0.048891 0.080694
3 0.328474 0.534264 0.063792 0.101028
3 0.391229 0.609676 0.056385 0.100370
3 0.420187 0.429190 0.067094 0.088824
