0 0.547312 0.245870 0.062875 0.123696
0 0.456602 0.208315 0.068109 0.098859
0 0.490680 0.278356 0.064516 0.122092
0 0.519125 0.360856 0.069625 0.124375
0 0.641062 0.581264 0.058219 0.116114
0 0.647789 0.694117 0.065297 0.127364
0 0.430063 0.697935 0.081188 0.093587
0 0.425703 0.502500 0.071750 0.121196
0 0.340836 0.267024 0.064141 0.130408
2 0.498414 0.659946 0.072016 0.133370
2 0.593047 0.744986 0.068750 0.118071
2 0.540016 0.748111 0.069875 0.132255
2 0.475984 0.769946 0.064188 0.120598
2 0.380969 0.611766 0.071438 0.134837
2 0.552258 0.446087 0.059391 0.128696
2 0.407148 0.396861 0.060141 0.114103
4 0.292516 0.347785 0.060656 0.127473
4 0.256047 0.516793 0.075000 0.128804
4 0.378969 0.881984 0.064281 0.131141
4 0.441422 0.604198 0.067437 0.104701
4 0.369156 0.483179 0.053594 0.125272
4 0.460016 0.399144 0.064906 0.122908
1 0.395609 0.226997 0.063594 0.104103
1 0.578016 0.340992 0.063156 0.132147
1 0.614148 0.433342 0.070953 0.128315
1 0.586250 0.534212 0.059594 0.115435
1 0.591687 0.633166 0.065531 0.108016
1 0.309812 0.834728 0.080469 0.134239
1 0.333961 0.698179 0.074172 0.132500
1 0.332398 0.571277 0.066047 0.120543
3 0.353727 0.376236 0.066953 0.119755
3 0.312969 0.456087 0.067219 0.125815
3 0.276141 0.627948 0.073875 0.127310
3 0.269898 0.741793 0.075672 0.128696
3 0.374156 0.764565 0.079219 0.121033
3 0.439430 0.868451 0.078172 0.133696
3 0.513898 0.857717 0.078766 0.110380
3 0.551117 0.593709 0.051891 0.127310
3 0.495586 0.565245 0.068203 0.102174
3 0.498875 0.475897 0.072344 0.100978
3 0.433719 0.317568 0.074031 0.083397
