0 0.528320 0.170611 0.063609 0.109538
0 0.434734 0.135068 0.068125 0.095462
0 0.468016 0.203111 0.061719 0.124538
0 0.500117 0.282228 0.070859 0.127826
0 0.638242 0.502527 0.059609 0.116141
0 0.653906 0.632418 0.063281 0.127337
0 0.407250 0.644674 0.078594 0.095815
0 0.399016 0.435408 0.067750 0.121196
0 0.307367 0.197880 0.061359 0.120924
2 0.488922 0.604742 0.070781 0.132255
2 0.596156 0.689429 0.068750 0.128696
2 0.527078 0.694823 0.059625 0.118125
2 0.455336 0.720394 0.071078 0.120462
2 0.354258 0.557500 0.062547 0.134837
2 0.537500 0.369307 0.058719 0.112038
2 0.378047 0.327310 0.052656 0.103533
4 0.256516 0.284552 0.064812 0.127473
4 0.215641 0.466101 0.075000 0.131114
4 0.355000 0.849158 0.058906 0.133967
4 0.417516 0.538383 0.069437 0.095136
4 0.338977 0.415448 0.053609 0.125299
4 0.440484 0.336005 0.068281 0.108696
1 0.371219 0.173927 0.063594 0.104103
1 0.565063 0.261766 0.055656 0.105978
1 0.609984 0.363886 0.064187 0.098641
1 0.586984 0.447446 0.054188 0.100000
1 0.585313 0.563587 0.068969 0.103641
1 0.275719 0.809307 0.080469 0.134266
1 0.301961 0.654660 0.074172 0.115462
1 0.298117 0.514185 0.059172 0.120543
3 0.320141 0.314769 0.066969 0.119755
3 0.276711 0.403424 0.065141 0.125815
3 0.235125 0.584144 0.073875 0.127310
3 0.227781 0.705978 0.077656 0.128696
3 0.352687 0.722609 0.079219 0.121033
3 0.424062 0.835285 0.074094 0.136549
3 0.508367 0.816141 0.082734 0.118750
3 0.539000 0.520503 0.051875 0.127310
3 0.481281 0.492908 0.072969 0.088098
3 0.478922 0.398940 0.072344 0.086793
3 0.406406 0.244878 0.074031 0.083397
