0 0.534055 0.225639 0.062859 0.123723
0 0.447977 0.188356 0.068109 0.098832
0 0.478523 0.255761 0.064516 0.122120
0 0.511484 0.334783 0.069625 0.124402
0 0.627812 0.564457 0.058219 0.116141
0 0.634000 0.673628 0.065313 0.127364
0 0.416773 0.673111 0.081203 0.093560
0 0.413633 0.484783 0.071766 0.121196
0 0.326930 0.238940 0.064141 0.130380
2 0.489531 0.647704 0.072000 0.133397
2 0.580516 0.726535 0.068750 0.118071
2 0.525563 0.732160 0.069875 0.132255
2 0.460523 0.752514 0.064203 0.120571
2 0.372328 0.594293 0.071437 0.134837
2 0.542117 0.426875 0.059391 0.128696
2 0.395242 0.377948 0.060141 0.114103
4 0.281703 0.321780 0.060656 0.127473
4 0.245250 0.497582 0.075000 0.128804
4 0.371031 0.852228 0.064281 0.131141
4 0.430039 0.583220 0.067453 0.104701
4 0.359617 0.464864 0.053609 0.125272
4 0.451391 0.380299 0.064906 0.122935
1 0.380406 0.216359 0.063594 0.104076
1 0.565359 0.330774 0.063156 0.132147
1 0.603203 0.419796 0.070969 0.128288
1 0.582086 0.513261 0.059578 0.115435
1 0.582539 0.617554 0.065516 0.107989
1 0.293406 0.814035 0.080469 0.134266
1 0.318500 0.676902 0.074188 0.132500
1 0.313781 0.552880 0.066031 0.120543
3 0.342234 0.357323 0.066969 0.119755
3 0.301922 0.441141 0.067219 0.125815
3 0.265266 0.605842 0.073875 0.127337
3 0.257805 0.718383 0.075672 0.128723
3 0.369898 0.743274 0.079234 0.121005
3 0.427758 0.842120 0.078172 0.133696
3 0.501953 0.833220 0.078750 0.110353
3 0.535859 0.570842 0.051875 0.127337
3 0.487406 0.539049 0.068219 0.102174
3 0.488484 0.457731 0.072344 0.100951
3 0.420328 0.295122 0.074031 0.083397
