4 0.565023 0.352514 0.082922 0.119484
0 0.346508 0.334524 0.088828 0.132201
0 0.315617 0.467840 0.079703 0.142364
0 0.362547 0.587826 0.088719 0.147880
0 0.415508 0.823356 0.078797 0.138995
0 0.731477 0.597364 0.074234 0.167772
0 0.642797 0.829348 0.080656 0.160761
0 0.576984 0.766535 0.077500 0.154158
0 0.511984 0.990788 0.087625 0.018424
0 0.425977 0.993478 0.084266 0.013043
3 0.487969 0.156916 0.084844 0.123288
3 0.416789 0.245245 0.086109 0.131630
3 0.473586 0.430313 0.072984 0.142255
3 0.446992 0.555707 0.074578 0.140380
3 0.613547 0.270611 0.078906 0.146114
3 0.661188 0.362283 0.081250 0.142283
3 0.725945 0.453424 0.084078 0.132446
3 0.514148 0.688220 0.089797 0.136223
3 0.498250 0.830109 0.080500 0.148043
3 0.348203 0.875340 0.082719 0.148071
3 0.347953 0.971033 0.086562 0.057935
4 0.594078 0.629878 0.080594 0.143016
4 0.667563 0.685951 0.083312 0.154076
4 0.693789 0.936957 0.091797 0.126087
4 0.343109 0.727133 0.086594 0.150136
4 0.545773 0.436413 0.085109 0.140163
2 0.582789 0.081495 0.086297 0.124076
2 0.563711 0.214769 0.078047 0.141277
2 0.397109 0.442853 0.085937 0.142446
2 0.453930 0.941304 0.087422 0.117391
2 0.597898 0.978329 0.083328 0.043342
2 0.254031 0.728546 0.090938 0.157799
1 0.237086 0.585489 0.093141 0.129076
1 0.260766 0.883655 0.094063 0.168234
1 0.560781 0.912052 0.079062 0.154973
1 0.494719 0.289620 0.081000 0.129293
1 0.646477 0.189932 0.077703 0.135190
1 0.668141 0.539334 0.066688 0.155299
1 0.603914 0.492351 0.074359 0.143125
1 0.526188 0.556549 0.078906 0.122120
2 0.424812 0.692310 0.082531 0.135272
