0 0.457898 0.213397 0.062859 0.137989
0 0.369211 0.166630 0.068109 0.098859
0 0.400812 0.239348 0.064500 0.122120
0 0.436133 0.322541 0.069641 0.124375
0 0.553477 0.549864 0.059609 0.116141
0 0.563469 0.660231 0.063281 0.127364
0 0.334633 0.673614 0.081203 0.093587
0 0.335969 0.473288 0.071750 0.121196
0 0.245102 0.234429 0.064141 0.130380
2 0.419008 0.644715 0.070016 0.132255
2 0.510711 0.711970 0.068734 0.128668
2 0.454914 0.726861 0.069859 0.132255
2 0.385945 0.750489 0.071078 0.120489
2 0.294063 0.593505 0.071438 0.134837
2 0.470930 0.414918 0.059391 0.128696
2 0.320141 0.367908 0.056719 0.112935
4 0.198500 0.316726 0.064813 0.127473
4 0.164000 0.490788 0.075000 0.128804
4 0.288141 0.855163 0.064281 0.131141
4 0.357297 0.577459 0.067437 0.104701
4 0.278625 0.456970 0.053594 0.125299
4 0.371766 0.372745 0.064906 0.122935
1 0.307859 0.201780 0.063594 0.104103
1 0.501516 0.310747 0.063156 0.132147
1 0.541156 0.413424 0.070969 0.128315
1 0.524789 0.506386 0.059578 0.115435
1 0.514062 0.614592 0.065531 0.107989
1 0.228484 0.810815 0.080469 0.134239
1 0.238828 0.677527 0.074187 0.132500
1 0.231773 0.549647 0.066047 0.120543
3 0.263031 0.345313 0.066969 0.119755
3 0.224109 0.431114 0.067219 0.125815
3 0.182391 0.608016 0.073875 0.127337
3 0.175781 0.721739 0.077656 0.128696
3 0.283563 0.745231 0.079219 0.121005
3 0.348461 0.844103 0.078172 0.133696
3 0.428789 0.832337 0.084141 0.118750
3 0.465797 0.561481 0.051875 0.127310
3 0.410453 0.531630 0.072969 0.096304
3 0.409422 0.441970 0.072344 0.100951
3 0.336742 0.277378 0.074016 0.083397
