0 0.520500 0.227935 0.063625 0.109511
0 0.436422 0.192418 0.068125 0.094076
0 0.463094 0.262514 0.061719 0.124538
0 0.495258 0.331576 0.066078 0.103152
0 0.612648 0.532446 0.059609 0.116141
0 0.623812 0.642813 0.063281 0.127364
0 0.402672 0.642024 0.080625 0.101712
0 0.398656 0.462717 0.071750 0.121196
0 0.318859 0.240992 0.061375 0.120951
2 0.481516 0.613424 0.070781 0.132228
2 0.571516 0.692079 0.068750 0.128668
2 0.514047 0.696454 0.069875 0.132255
2 0.449883 0.711861 0.071078 0.120462
2 0.356875 0.565312 0.071438 0.134864
2 0.526484 0.415353 0.058719 0.128696
2 0.383891 0.366413 0.056719 0.112935
4 0.273844 0.319715 0.064812 0.127473
4 0.235234 0.468302 0.075000 0.131114
4 0.355336 0.823723 0.062234 0.145870
4 0.419727 0.555530 0.069422 0.095136
4 0.347891 0.444783 0.053594 0.125272
4 0.438773 0.368940 0.073047 0.108696
1 0.381406 0.220204 0.063594 0.104103
1 0.551320 0.311916 0.063141 0.133234
1 0.594484 0.403940 0.070969 0.128315
1 0.573117 0.478261 0.059578 0.115435
1 0.568203 0.582568 0.068969 0.118886
1 0.287609 0.774443 0.080469 0.134266
1 0.311023 0.632867 0.074172 0.132473
1 0.313102 0.523641 0.066047 0.120543
3 0.328813 0.347269 0.066969 0.119755
3 0.292742 0.417527 0.067203 0.125815
3 0.256766 0.574524 0.073875 0.127310
3 0.248656 0.687065 0.077656 0.128696
3 0.354734 0.706386 0.079219 0.121033
3 0.416563 0.810448 0.076094 0.136549
3 0.496148 0.793098 0.082734 0.118750
3 0.527531 0.540992 0.051875 0.127310
3 0.474656 0.514823 0.072969 0.096277
3 0.472516 0.433791 0.072344 0.100951
3 0.410313 0.290679 0.074031 0.083370
