4 0.584203 0.392052 0.090313 0.140082
0 0.352398 0.357785 0.096578 0.146386
0 0.317023 0.502228 0.085297 0.161304
0 0.365695 0.630489 0.098672 0.159239
0 0.421078 0.889334 0.091125 0.147418
0 0.761055 0.667296 0.081078 0.167745
0 0.662016 0.910408 0.090156 0.160761
0 0.591602 0.840177 0.083672 0.154158
0 0.513195 0.991848 0.087609 0.016304
0 0.438172 0.990530 0.084281 0.018940
3 0.504570 0.182554 0.091328 0.138750
3 0.425445 0.269891 0.091547 0.143478
3 0.487344 0.468777 0.081062 0.156250
3 0.456148 0.610394 0.082578 0.153342
3 0.642891 0.310000 0.085750 0.159130
3 0.686805 0.399185 0.093266 0.163750
3 0.754477 0.504062 0.087391 0.147853
3 0.522727 0.747228 0.095047 0.150326
3 0.503375 0.895598 0.088094 0.155380
3 0.346133 0.931264 0.090141 0.137473
3 0.345625 0.986073 0.086563 0.027853
4 0.613758 0.696970 0.084047 0.158234
4 0.689000 0.756916 0.090813 0.154103
4 0.717047 0.979620 0.091781 0.040761
4 0.342492 0.789307 0.096828 0.160136
4 0.559961 0.482500 0.096453 0.166957
2 0.608992 0.099144 0.089047 0.142201
2 0.585609 0.237948 0.083781 0.160842
2 0.403602 0.477785 0.090016 0.150679
2 0.456883 0.972799 0.087422 0.054402
2 0.605961 0.988465 0.083328 0.023071
2 0.247867 0.788003 0.099109 0.157799
1 0.228586 0.632079 0.099203 0.142310
1 0.256125 0.932948 0.102250 0.134103
1 0.573289 0.952772 0.080297 0.094457
1 0.509109 0.319443 0.085031 0.138125
1 0.673922 0.218601 0.090281 0.149321
1 0.693594 0.592799 0.077500 0.168207
1 0.622211 0.545503 0.079828 0.163342
1 0.540547 0.610190 0.089844 0.141033
2 0.429844 0.744117 0.091469 0.146603
