0 0.528406 0.171345 0.063625 0.109538
0 0.435664 0.135666 0.068109 0.095462
0 0.468109 0.204443 0.061719 0.124538
0 0.501195 0.283995 0.070859 0.127826
0 0.638609 0.503832 0.059625 0.116141
0 0.652844 0.632079 0.063281 0.127364
0 0.407250 0.642908 0.078594 0.095815
0 0.399625 0.435924 0.067750 0.121196
0 0.307961 0.198614 0.061359 0.120924
2 0.489594 0.605285 0.070781 0.132255
2 0.595641 0.688696 0.068750 0.128696
2 0.527383 0.695340 0.059641 0.118125
2 0.456328 0.720815 0.071094 0.120489
2 0.354859 0.558424 0.062562 0.134837
2 0.537937 0.370503 0.058719 0.112038
2 0.379047 0.328614 0.052656 0.103533
4 0.257281 0.284389 0.064813 0.127473
4 0.216422 0.465761 0.075000 0.131141
4 0.355297 0.847636 0.058906 0.133967
4 0.418133 0.539443 0.069422 0.095136
4 0.339508 0.417024 0.053609 0.125299
4 0.440828 0.336304 0.068281 0.108696
1 0.371891 0.174198 0.063594 0.104103
1 0.565625 0.262853 0.055656 0.105978
1 0.610352 0.365707 0.064172 0.098641
1 0.587156 0.447527 0.054188 0.100000
1 0.586773 0.563750 0.068953 0.102120
1 0.276141 0.808274 0.080469 0.134266
1 0.301844 0.649918 0.074187 0.112337
1 0.298461 0.514185 0.059172 0.120543
3 0.320734 0.314769 0.066969 0.119755
3 0.277492 0.403261 0.065141 0.125815
3 0.236289 0.582622 0.073859 0.127310
3 0.228750 0.703614 0.077656 0.128696
3 0.352687 0.720910 0.079219 0.121005
3 0.423984 0.834389 0.074094 0.136549
3 0.508211 0.815408 0.082734 0.118750
3 0.538844 0.520910 0.051875 0.127310
3 0.481453 0.492908 0.072969 0.088098
3 0.479781 0.400353 0.072344 0.086793
3 0.406828 0.245326 0.074031 0.083370
