3 0.336336 0.726264 0.086016 0.137454
3 0.430250 0.312097 0.071521 0.115120
3 0.764727 0.777880 0.083120 0.142611
1 0.135711 0.549620 0.083120 0.132296
4 0.204792 0.279370 0.067656 0.109963
0 0.130203 0.043755 0.060312 0.085213
3 0.143182 0.152611 0.057990 0.117519
1 0.275630 0.134949 0.067271 0.092787
1 0.319500 0.194569 0.066104 0.098972
1 0.374904 0.133444 0.063786 0.111333
2 0.368424 0.035222 0.061953 0.068759
2 0.107799 0.231245 0.076547 0.113398
2 0.090109 0.074616 0.056187 0.105194
2 0.173271 0.058491 0.056833 0.082185
2 0.230047 0.071245 0.061469 0.099583
3 0.195107 0.129667 0.063786 0.101037
3 0.252667 0.214074 0.070646 0.121796
3 0.309047 0.041796 0.063698 0.075074
