3 0.345594 0.196051 0.050917 0.089083
4 0.443750 0.103148 0.061813 0.086574
3 0.430867 0.191630 0.049297 0.086870
4 0.368021 0.117074 0.057802 0.101815
0 0.113687 0.186347 0.046375 0.090657
0 0.177406 0.233125 0.053156 0.090917
0 0.217706 0.092713 0.058620 0.071981
0 0.395216 0.402009 0.052693 0.074889
1 0.172086 0.489269 0.055745 0.100481
1 0.134703 0.249722 0.041792 0.086130
0 0.160979 0.087727 0.049292 0.058361
0 0.196352 0.144190 0.042526 0.068731
1 0.150589 0.146412 0.043490 0.082472
3 0.244773 0.038625 0.050286 0.065843
3 0.298427 0.044856 0.057990 0.068935
1 0.256258 0.369361 0.052099 0.093463
4 0.193719 0.043213 0.056417 0.074704
4 0.427083 0.468347 0.049240 0.085861
2 0.410440 0.241310 0.044495 0.084787
1 0.304904 0.153963 0.038849 0.087574
3 0.400669 0.327940 0.053974 0.085861
3 0.475378 0.902028 0.059661 0.104352
4 0.260977 0.497694 0.065714 0.095667
1 0.360776 0.464574 0.048271 0.094278
1 0.238779 0.788861 0.077630 0.114407
3 0.393458 0.869287 0.065458 0.097389
3 0.506430 0.574843 0.065203 0.107259
3 0.398484 0.523505 0.049760 0.093250
3 0.727128 0.858338 0.091130 0.103231
1 0.227669 0.939120 0.076099 0.121759
4 0.340956 0.520380 0.062828 0.101389
0 0.263258 0.270912 0.052828 0.092176
3 0.546695 0.319963 0.058828 0.110259
1 0.472638 0.505370 0.048141 0.083907
1 0.448763 0.558208 0.055245 0.094769
1 0.461685 0.270606 0.047964 0.094491
2 0.621284 0.233079 0.050984 0.086787
2 0.171714 0.306755 0.049990 0.079361
2 0.244747 0.174292 0.050172 0.078806
2 0.279292 0.125671 0.045458 0.075731
2 0.443753 0.488667 0.059745 0.095704
3 0.308914 0.404718 0.059016 0.099491
3 0.452576 0.383894 0.063307 0.103065
3 0.354352 0.284407 0.056224 0.088833
