0 0.511953 0.238641 0.066906 0.123696
0 0.424867 0.194851 0.068109 0.098832
0 0.456430 0.264633 0.064516 0.122092
0 0.489047 0.346019 0.069625 0.124375
0 0.607086 0.577446 0.058234 0.116141
0 0.617352 0.686630 0.065297 0.127337
0 0.394594 0.686535 0.081187 0.093560
0 0.390531 0.494239 0.071750 0.121196
0 0.303648 0.252826 0.064141 0.130380
2 0.465742 0.663071 0.072016 0.133370
2 0.560813 0.736726 0.068750 0.118071
2 0.505523 0.743084 0.069859 0.132255
2 0.440297 0.768166 0.064187 0.120571
2 0.349219 0.607595 0.071438 0.134864
2 0.523195 0.437826 0.059391 0.128696
2 0.371461 0.388601 0.060141 0.114103
4 0.260289 0.338329 0.060672 0.127473
4 0.221469 0.508505 0.075000 0.128804
4 0.345547 0.872908 0.064281 0.131141
4 0.410734 0.596291 0.067437 0.104701
4 0.334297 0.477269 0.053594 0.125299
4 0.429297 0.398628 0.064906 0.122908
1 0.362391 0.223451 0.063594 0.104076
1 0.552000 0.329878 0.063156 0.132147
1 0.591766 0.427283 0.070969 0.128315
1 0.569961 0.531196 0.059578 0.115435
1 0.565039 0.633505 0.065516 0.107989
1 0.276844 0.821726 0.080469 0.134266
1 0.299695 0.696304 0.074172 0.132500
1 0.294070 0.571522 0.066047 0.120543
3 0.320758 0.363383 0.066953 0.119755
3 0.277461 0.453560 0.067203 0.125815
3 0.240469 0.621807 0.073875 0.127310
3 0.234695 0.735516 0.075672 0.128696
3 0.339453 0.762500 0.075812 0.122283
3 0.405320 0.863397 0.078172 0.133696
3 0.479187 0.851549 0.078750 0.110380
3 0.514617 0.580000 0.051891 0.127337
3 0.467352 0.556793 0.068203 0.102174
3 0.464703 0.471916 0.072344 0.100951
3 0.401297 0.305761 0.074031 0.083370
