0 0.528203 0.151848 0.066000 0.109511
0 0.433820 0.115802 0.068109 0.095462
0 0.466430 0.186236 0.057922 0.124538
0 0.502180 0.266073 0.070859 0.127799
0 0.636391 0.490272 0.058656 0.119239
0 0.646609 0.613098 0.063281 0.129511
0 0.404641 0.621359 0.078406 0.095815
0 0.400000 0.418152 0.067750 0.121196
0 0.307875 0.179579 0.061375 0.123832
2 0.486133 0.588954 0.075641 0.121060
2 0.589938 0.662962 0.068750 0.110761
2 0.525789 0.677269 0.057359 0.118125
2 0.454680 0.703546 0.071328 0.121821
2 0.353406 0.542514 0.062562 0.127473
2 0.537641 0.355802 0.055938 0.114375
2 0.379820 0.309076 0.052391 0.102011
4 0.255125 0.268546 0.065313 0.127473
4 0.217227 0.442201 0.073516 0.121087
4 0.352602 0.817867 0.056891 0.128995
4 0.420281 0.523954 0.069437 0.100408
4 0.339359 0.397826 0.053594 0.122337
4 0.438391 0.316617 0.067969 0.112201
1 0.370234 0.163791 0.063594 0.104103
1 0.567180 0.255924 0.055672 0.105978
1 0.610102 0.349973 0.062922 0.100978
1 0.584289 0.433125 0.054891 0.092391
1 0.589148 0.557677 0.066797 0.102310
1 0.274070 0.770543 0.058859 0.095109
1 0.301063 0.633043 0.073281 0.108261
1 0.299500 0.488981 0.056406 0.114266
3 0.320391 0.297541 0.066969 0.119701
3 0.278414 0.382133 0.065141 0.126712
3 0.238422 0.554239 0.072094 0.119783
3 0.232766 0.677622 0.077656 0.122201
3 0.349734 0.695299 0.079219 0.117065
3 0.420484 0.806522 0.073844 0.130978
3 0.503047 0.789348 0.076719 0.104891
3 0.536281 0.512024 0.051875 0.130571
3 0.479547 0.485530 0.072969 0.088125
3 0.478438 0.395068 0.072344 0.089918
3 0.406008 0.224851 0.074203 0.083397
