0 0.491078 0.240530 0.059031 0.105625
0 0.405562 0.205761 0.059875 0.092500
0 0.435828 0.273777 0.057813 0.111793
0 0.467508 0.351739 0.061141 0.113478
0 0.584875 0.567948 0.049594 0.102527
0 0.591359 0.677541 0.056344 0.115190
0 0.374609 0.682038 0.067656 0.083207
0 0.372781 0.496413 0.061875 0.108696
0 0.289578 0.265788 0.054719 0.114620
2 0.450281 0.649823 0.062469 0.108886
2 0.540078 0.721345 0.056750 0.095516
2 0.483812 0.734130 0.051562 0.095163
2 0.418719 0.753288 0.055688 0.106576
2 0.330914 0.608274 0.051516 0.115027
2 0.498359 0.435856 0.051719 0.108288
2 0.353742 0.398424 0.046891 0.101522
4 0.244375 0.346141 0.059063 0.110326
4 0.210258 0.514103 0.065891 0.110978
4 0.330234 0.863030 0.049969 0.116712
4 0.388922 0.594986 0.061406 0.091549
4 0.318641 0.477799 0.045906 0.110707
4 0.409719 0.399239 0.058875 0.103967
1 0.345766 0.239158 0.053094 0.096522
1 0.525094 0.336399 0.053531 0.105788
1 0.567500 0.432255 0.060281 0.084239
1 0.541289 0.518315 0.046078 0.086304
1 0.541977 0.623166 0.061266 0.095951
1 0.261586 0.819592 0.060453 0.095598
1 0.283719 0.684946 0.058375 0.090870
1 0.278008 0.564878 0.052922 0.109266
3 0.305273 0.374158 0.058359 0.109891
3 0.263141 0.455978 0.058656 0.104022
3 0.229188 0.622717 0.062750 0.110598
3 0.222875 0.730163 0.064594 0.102717
3 0.326094 0.750258 0.066875 0.104266
3 0.388219 0.851264 0.061563 0.113614
3 0.461164 0.836467 0.067047 0.093207
3 0.495398 0.576549 0.044953 0.111902
3 0.443672 0.552568 0.062031 0.083668
3 0.444609 0.469348 0.062344 0.082228
3 0.378992 0.314457 0.065078 0.082065
