3 0.367154 0.232394 0.053214 0.084065
4 0.541589 0.186222 0.063781 0.104444
3 0.423193 0.195273 0.058948 0.097583
4 0.464031 0.188171 0.043490 0.082472
0 0.190763 0.198903 0.046370 0.072176
0 0.255026 0.242898 0.053156 0.085907
0 0.283536 0.187944 0.040594 0.083796
0 0.358247 0.156495 0.058953 0.075213
1 0.298518 0.261625 0.042526 0.067009
1 0.204286 0.259046 0.040594 0.096222
0 0.255219 0.128310 0.058958 0.049787
0 0.303513 0.127319 0.042526 0.068731
1 0.239320 0.167125 0.043495 0.082472
3 0.345633 0.105898 0.051224 0.056296
3 0.396375 0.105042 0.057990 0.071769
1 0.316156 0.200199 0.034792 0.068731
4 0.286534 0.069903 0.047359 0.068324
3 0.439570 0.929046 0.082130 0.126574
3 0.511755 0.533745 0.071521 0.115120
3 0.787232 0.842907 0.083380 0.126963
1 0.265799 0.790171 0.083120 0.132306
4 0.318036 0.536528 0.067656 0.109963
0 0.238979 0.311444 0.044865 0.087500
3 0.253750 0.419097 0.053146 0.103787
1 0.365513 0.394829 0.067266 0.092787
1 0.406242 0.438551 0.066109 0.098972
1 0.454708 0.381032 0.063792 0.111343
2 0.447437 0.280648 0.062437 0.085926
2 0.227346 0.494153 0.053359 0.096250
2 0.213820 0.344088 0.056193 0.105194
2 0.280003 0.325144 0.042339 0.089083
2 0.327979 0.338565 0.048885 0.080704
3 0.295299 0.393412 0.063786 0.101028
3 0.356818 0.466222 0.060031 0.104630
3 0.392651 0.292204 0.067094 0.088833
