0 0.505023 0.190842 0.064391 0.118750
0 0.411109 0.151386 0.064531 0.101033
0 0.444211 0.224171 0.058891 0.121060
0 0.480656 0.312935 0.069063 0.120109
0 0.609938 0.551141 0.057469 0.111141
0 0.618297 0.672038 0.060719 0.124783
0 0.378992 0.680313 0.074891 0.092092
0 0.375469 0.474185 0.068219 0.118478
0 0.284781 0.216957 0.057969 0.126413
2 0.461719 0.638940 0.060625 0.107446
2 0.561219 0.725204 0.059375 0.103940
2 0.496117 0.737310 0.049453 0.106957
2 0.426797 0.752486 0.056094 0.092038
2 0.328000 0.596902 0.060437 0.130000
2 0.514117 0.404755 0.054672 0.121413
2 0.356891 0.367785 0.050781 0.104592
4 0.233805 0.307024 0.062266 0.123995
4 0.195828 0.493302 0.073906 0.124429
4 0.330664 0.876019 0.051703 0.123397
4 0.393414 0.581372 0.069797 0.100679
4 0.316789 0.453750 0.052797 0.125000
4 0.416437 0.365082 0.062813 0.112500
1 0.348797 0.201427 0.055781 0.104701
1 0.541117 0.304606 0.051203 0.107364
1 0.587828 0.408424 0.056875 0.094837
1 0.557578 0.503234 0.044219 0.090054
1 0.560078 0.617201 0.057344 0.105435
1 0.250156 0.827541 0.048594 0.086005
1 0.279703 0.685910 0.060438 0.104538
1 0.276906 0.556440 0.057313 0.109728
3 0.298000 0.340598 0.061813 0.124728
3 0.255281 0.434973 0.064344 0.125435
3 0.216977 0.613804 0.068672 0.122174
3 0.210133 0.734783 0.074266 0.117011
3 0.324961 0.753655 0.073297 0.106495
3 0.394969 0.865136 0.066656 0.120870
3 0.472930 0.852595 0.072859 0.096440
3 0.511039 0.562582 0.049516 0.124185
3 0.454984 0.535679 0.069656 0.094783
3 0.454219 0.441508 0.067156 0.089701
3 0.383773 0.270258 0.070422 0.087418
