0 0.536813 0.166861 0.063625 0.109538
0 0.447641 0.125652 0.068125 0.094076
0 0.479687 0.191889 0.061719 0.124538
0 0.513594 0.275136 0.070844 0.127826
0 0.642445 0.482283 0.059609 0.116141
0 0.650875 0.606644 0.063281 0.127364
0 0.412188 0.606563 0.080625 0.101712
0 0.409555 0.410897 0.071766 0.121196
0 0.325375 0.180353 0.061375 0.120924
2 0.502000 0.571291 0.070781 0.132255
2 0.592578 0.653519 0.068750 0.128668
2 0.534469 0.664851 0.069875 0.132255
2 0.465180 0.681970 0.071078 0.120462
2 0.371312 0.521386 0.071438 0.134837
2 0.550016 0.351821 0.058719 0.128696
2 0.392437 0.305707 0.056719 0.112935
4 0.275094 0.257758 0.064813 0.127473
4 0.235742 0.425747 0.075016 0.131114
4 0.362523 0.799755 0.062234 0.145870
4 0.432734 0.511508 0.069438 0.095136
4 0.356047 0.392418 0.053594 0.125272
4 0.452273 0.317283 0.073047 0.108696
1 0.384922 0.135774 0.063594 0.104103
1 0.578937 0.260856 0.063156 0.133234
1 0.622180 0.354592 0.070953 0.128315
1 0.591852 0.433424 0.059578 0.115435
1 0.595133 0.536766 0.068953 0.118859
1 0.286500 0.758111 0.080469 0.134266
1 0.310680 0.602133 0.074172 0.132473
1 0.312773 0.476359 0.066047 0.120543
3 0.337250 0.287187 0.066969 0.119755
3 0.293078 0.374375 0.067219 0.125815
3 0.252859 0.537582 0.073875 0.127337
3 0.245484 0.654158 0.077656 0.128696
3 0.362266 0.678872 0.079219 0.121005
3 0.427492 0.791807 0.076078 0.136549
3 0.510867 0.777337 0.082734 0.118750
3 0.545875 0.496223 0.051875 0.127337
3 0.492500 0.468736 0.072969 0.096277
3 0.488828 0.379117 0.072344 0.100951
3 0.421133 0.233057 0.074016 0.083397
