0 0.592852 0.118030 0.062859 0.137962
0 0.498273 0.061834 0.068109 0.099973
0 0.532891 0.144647 0.064500 0.122120
0 0.564875 0.231997 0.066844 0.117201
0 0.687289 0.476970 0.059609 0.116114
0 0.695172 0.596807 0.063281 0.127364
0 0.463672 0.589198 0.081188 0.093560
0 0.461211 0.386685 0.071766 0.121196
0 0.371617 0.120462 0.064141 0.130380
2 0.540195 0.567894 0.070016 0.132255
2 0.636250 0.648641 0.068750 0.128696
2 0.573484 0.657976 0.069875 0.132255
2 0.507547 0.670095 0.071094 0.120462
2 0.412781 0.499728 0.071438 0.134837
2 0.595977 0.334973 0.059391 0.128696
2 0.441109 0.275707 0.056719 0.112935
4 0.322781 0.210679 0.064812 0.127446
4 0.284000 0.393859 0.075000 0.128804
4 0.410109 0.777174 0.064281 0.131141
4 0.476086 0.495448 0.067453 0.104701
4 0.404312 0.366168 0.053594 0.125272
4 0.501359 0.282772 0.064906 0.122935
1 0.428312 0.089878 0.063594 0.104103
1 0.620641 0.219959 0.063156 0.132147
1 0.667883 0.326807 0.070953 0.128288
1 0.636570 0.421277 0.059578 0.115435
1 0.636023 0.540054 0.067641 0.105815
1 0.328391 0.729524 0.080469 0.134266
1 0.364039 0.589130 0.074172 0.132500
1 0.358633 0.456250 0.066047 0.120543
3 0.383695 0.247378 0.066953 0.119755
3 0.343391 0.342446 0.067219 0.125815
3 0.304352 0.511875 0.073859 0.127337
3 0.298266 0.625598 0.077656 0.128696
3 0.409797 0.661481 0.079219 0.121005
3 0.475695 0.770027 0.076078 0.133696
3 0.553930 0.764701 0.084141 0.118750
3 0.592781 0.480720 0.051875 0.127310
3 0.537703 0.455734 0.072969 0.096304
3 0.538109 0.358438 0.072344 0.100951
3 0.468594 0.182813 0.074031 0.083397
