0 0.460992 0.216155 0.062859 0.137962
0 0.371172 0.168859 0.068125 0.098859
0 0.403586 0.241291 0.064516 0.122092
0 0.438250 0.322079 0.069625 0.124375
0 0.558164 0.553804 0.059609 0.116141
0 0.563328 0.661807 0.063281 0.127364
0 0.337258 0.676658 0.081203 0.093587
0 0.336836 0.480054 0.071766 0.121196
0 0.247914 0.237473 0.064141 0.130380
2 0.420578 0.644715 0.070031 0.132255
2 0.515953 0.721929 0.068750 0.128696
2 0.457266 0.732459 0.069875 0.132255
2 0.390641 0.751671 0.071094 0.120462
2 0.292469 0.599008 0.071438 0.134864
2 0.475508 0.413587 0.059391 0.128696
2 0.323703 0.373071 0.056719 0.112935
4 0.201797 0.320611 0.064812 0.127473
4 0.163695 0.497880 0.075016 0.128804
4 0.292859 0.863451 0.064281 0.131141
4 0.356570 0.578111 0.067453 0.104701
4 0.281969 0.457174 0.053594 0.125272
4 0.377484 0.377337 0.064906 0.122935
1 0.312766 0.205720 0.063594 0.104103
1 0.505609 0.314226 0.063156 0.132147
1 0.544867 0.416644 0.070953 0.128288
1 0.523883 0.506386 0.059578 0.115435
1 0.513383 0.614592 0.065516 0.107989
1 0.230016 0.818764 0.080469 0.134266
1 0.242211 0.683696 0.074172 0.132500
1 0.241742 0.555543 0.066047 0.120543
3 0.260000 0.350217 0.066969 0.119783
3 0.221047 0.434647 0.067219 0.125815
3 0.183375 0.613818 0.073875 0.127310
3 0.178484 0.726658 0.077656 0.128696
3 0.287625 0.749253 0.079219 0.121005
3 0.353672 0.853356 0.078156 0.133723
3 0.431586 0.836821 0.084141 0.118750
3 0.465000 0.566997 0.051875 0.127310
3 0.412641 0.537283 0.072969 0.096304
3 0.413219 0.447976 0.072344 0.100951
3 0.342687 0.281508 0.074031 0.083397
