0 0.608484 0.115095 0.062875 0.137962
0 0.514930 0.061250 0.068109 0.099946
0 0.548188 0.144647 0.064500 0.122120
0 0.579828 0.235543 0.066844 0.117174
0 0.702586 0.475788 0.059609 0.116141
0 0.708437 0.599171 0.063281 0.127364
0 0.478961 0.588601 0.081203 0.093560
0 0.474461 0.384321 0.071766 0.121196
0 0.388273 0.123424 0.064141 0.130380
2 0.555828 0.565530 0.070031 0.132255
2 0.652906 0.646875 0.068750 0.128696
2 0.585219 0.656209 0.069875 0.132255
2 0.522836 0.665367 0.071078 0.120462
2 0.431125 0.498546 0.071437 0.134864
2 0.613992 0.332609 0.059391 0.128696
2 0.457250 0.274212 0.056719 0.112935
4 0.340109 0.206535 0.064812 0.127473
4 0.299633 0.394457 0.075016 0.128804
4 0.428125 0.774212 0.064281 0.131141
4 0.492398 0.494579 0.067453 0.104701
4 0.423336 0.365000 0.053609 0.125272
4 0.516984 0.279239 0.064906 0.122935
1 0.446656 0.096970 0.063594 0.104103
1 0.637297 0.217595 0.063156 0.132147
1 0.683180 0.326807 0.070953 0.128288
1 0.652547 0.423043 0.059594 0.115435
1 0.651992 0.534130 0.067641 0.105815
1 0.348781 0.732473 0.080469 0.134239
1 0.378305 0.587351 0.074172 0.132473
1 0.373930 0.454484 0.066047 0.120543
3 0.400344 0.247976 0.066969 0.119755
3 0.359023 0.337147 0.067203 0.125815
3 0.319641 0.513057 0.073875 0.127310
3 0.314922 0.622636 0.077656 0.128696
3 0.426781 0.656155 0.079219 0.121005
3 0.487930 0.770027 0.076078 0.133696
3 0.569898 0.764103 0.084141 0.118750
3 0.608750 0.479524 0.051875 0.127310
3 0.552656 0.450421 0.072969 0.096277
3 0.552719 0.358438 0.072344 0.100951
3 0.484234 0.183995 0.074031 0.083370
