0 0.330617 0.235476 0.075078 0.116929
0 0.311531 0.347405 0.071531 0.131766
0 0.353336 0.443207 0.077828 0.134837
0 0.407906 0.621848 0.072719 0.115978
0 0.667266 0.413424 0.065406 0.136793
0 0.598594 0.606943 0.071844 0.140190
0 0.539758 0.553043 0.066672 0.124565
0 0.495812 0.838329 0.080219 0.148397
0 0.418117 0.869226 0.076766 0.139158
3 0.443266 0.084226 0.077094 0.108886
3 0.384063 0.162894 0.077125 0.120353
3 0.440844 0.294810 0.062781 0.129130
3 0.422266 0.412418 0.068812 0.122500
3 0.552508 0.154361 0.074859 0.133234
3 0.597242 0.224239 0.075797 0.128533
3 0.653797 0.291155 0.071063 0.121821
3 0.484945 0.504389 0.076422 0.118342
3 0.476867 0.620068 0.070234 0.126766
3 0.347992 0.681332 0.071953 0.124185
3 0.352523 0.790842 0.080578 0.121304
4 0.548164 0.447418 0.069922 0.122065
4 0.613852 0.489307 0.072922 0.128016
4 0.646344 0.710082 0.078906 0.139348
4 0.341914 0.562853 0.077016 0.125272
4 0.498086 0.292065 0.075391 0.127228
4 0.512305 0.231182 0.076047 0.107527
2 0.520055 0.030435 0.077016 0.060870
2 0.506789 0.121644 0.072266 0.134212
2 0.379453 0.321916 0.076375 0.133071
2 0.444094 0.737976 0.075875 0.134375
2 0.566805 0.787745 0.077828 0.140924
2 0.264547 0.570285 0.078469 0.135679
1 0.247914 0.457147 0.079172 0.118967
1 0.276313 0.703859 0.080438 0.140489
1 0.531016 0.679565 0.068594 0.124185
1 0.452352 0.184389 0.072859 0.118071
1 0.579063 0.087717 0.072219 0.110163
1 0.611031 0.368438 0.060969 0.134321
1 0.555187 0.341522 0.064813 0.128967
1 0.489766 0.394742 0.076844 0.103614
2 0.409391 0.515068 0.076156 0.116712
