0 0.527813 0.103098 0.066000 0.121848
0 0.430742 0.062296 0.068109 0.102364
0 0.464703 0.135353 0.064562 0.128152
0 0.501227 0.224701 0.070859 0.127826
0 0.635727 0.462432 0.060703 0.119266
0 0.644031 0.590163 0.063281 0.130978
0 0.399203 0.594484 0.080625 0.095815
0 0.395461 0.383397 0.067734 0.121196
0 0.300656 0.128655 0.061375 0.130679
2 0.482656 0.558370 0.071719 0.115652
2 0.586469 0.637840 0.068750 0.110734
2 0.521828 0.645027 0.054688 0.098696
2 0.448891 0.666467 0.063906 0.112500
2 0.348687 0.508125 0.059844 0.130978
2 0.536406 0.318791 0.055938 0.119810
2 0.374063 0.278492 0.051750 0.113614
4 0.250008 0.220041 0.066484 0.127473
4 0.211328 0.406617 0.074219 0.128016
4 0.347156 0.791413 0.057656 0.128587
4 0.414016 0.496141 0.069437 0.101087
4 0.335047 0.361304 0.053594 0.125815
4 0.435836 0.277133 0.067234 0.120408
1 0.362359 0.098193 0.063594 0.104103
1 0.564156 0.203533 0.055656 0.105978
1 0.608344 0.314239 0.065313 0.106467
1 0.582094 0.409130 0.048438 0.101467
1 0.585219 0.522011 0.065625 0.104837
1 0.268344 0.735938 0.059906 0.089755
1 0.292141 0.595082 0.072813 0.111141
1 0.294562 0.458560 0.056406 0.118261
3 0.316742 0.251372 0.066953 0.125136
3 0.272367 0.343370 0.065141 0.128804
3 0.232172 0.525598 0.074313 0.121087
3 0.227328 0.648804 0.077656 0.125707
3 0.342781 0.669647 0.079219 0.119022
3 0.414984 0.780734 0.074063 0.130978
3 0.496781 0.766332 0.076719 0.104891
3 0.534625 0.476508 0.051875 0.132310
3 0.474531 0.447065 0.072969 0.098641
3 0.474125 0.351413 0.072344 0.091576
3 0.402000 0.181793 0.074594 0.091576
