0 0.541875 0.133410 0.062875 0.137962
0 0.445258 0.084293 0.068109 0.099946
0 0.481953 0.158791 0.061719 0.124538
0 0.515937 0.254457 0.066844 0.117174
0 0.643117 0.505340 0.059609 0.116114
0 0.647594 0.628709 0.063281 0.127364
0 0.408625 0.627011 0.081188 0.093587
0 0.404117 0.415054 0.071766 0.121196
0 0.313164 0.147649 0.064141 0.130408
2 0.491938 0.595068 0.070031 0.132255
2 0.588000 0.686467 0.068750 0.128696
2 0.527266 0.682799 0.069875 0.132283
2 0.458609 0.702024 0.071094 0.120462
2 0.361125 0.541101 0.071438 0.134864
2 0.549086 0.356250 0.059391 0.128696
2 0.387422 0.302880 0.056719 0.112935
4 0.262969 0.233139 0.064812 0.127473
4 0.222828 0.426957 0.075000 0.128804
4 0.355063 0.818533 0.064281 0.131141
4 0.425789 0.529728 0.067453 0.104728
4 0.347219 0.389810 0.053594 0.125272
4 0.447297 0.305245 0.066906 0.122935
1 0.378703 0.123560 0.063594 0.104076
1 0.577828 0.253655 0.063156 0.132147
1 0.620984 0.361087 0.070969 0.128315
1 0.588320 0.460272 0.059578 0.115435
1 0.593883 0.563696 0.067641 0.105815
1 0.277078 0.766168 0.080469 0.134239
1 0.308531 0.628927 0.074187 0.132473
1 0.302906 0.500000 0.066031 0.120543
3 0.331016 0.271617 0.066969 0.119755
3 0.284938 0.364918 0.067219 0.125815
3 0.246578 0.547337 0.073875 0.127337
3 0.237781 0.668152 0.077656 0.128696
3 0.356094 0.695761 0.079219 0.121033
3 0.421320 0.806671 0.076078 0.133723
3 0.506352 0.802527 0.084141 0.118750
3 0.543156 0.510258 0.051875 0.127310
3 0.486047 0.478193 0.072969 0.096277
3 0.490531 0.384443 0.072344 0.100951
3 0.416945 0.204090 0.074016 0.083397
