0 0.507195 0.238641 0.066922 0.123696
0 0.418750 0.196033 0.068125 0.098859
0 0.452109 0.265231 0.064500 0.122092
0 0.484828 0.348967 0.069625 0.124402
0 0.602031 0.577120 0.058219 0.116141
0 0.612367 0.685448 0.065297 0.127364
0 0.389648 0.687405 0.081203 0.093560
0 0.386602 0.494239 0.071766 0.121196
0 0.301539 0.253886 0.064141 0.130380
2 0.464680 0.664253 0.072016 0.133397
2 0.558680 0.736726 0.068734 0.118071
2 0.501828 0.742405 0.069875 0.132255
2 0.438320 0.768166 0.064203 0.120571
2 0.346547 0.608139 0.071438 0.134864
2 0.521711 0.437826 0.059391 0.128696
2 0.368438 0.389117 0.060125 0.114103
4 0.255766 0.339905 0.060656 0.127473
4 0.216938 0.509035 0.075000 0.128777
4 0.342523 0.872908 0.064297 0.131141
4 0.406547 0.596644 0.067437 0.104701
4 0.333313 0.477269 0.053594 0.125299
4 0.425672 0.398628 0.064906 0.122908
1 0.361031 0.223451 0.063594 0.104076
1 0.551703 0.334878 0.063156 0.132147
1 0.585258 0.428465 0.070953 0.128288
1 0.565789 0.531196 0.059578 0.115435
1 0.562070 0.633723 0.065516 0.107989
1 0.275594 0.821726 0.080469 0.134266
1 0.295148 0.696698 0.074172 0.132473
1 0.292258 0.572092 0.066047 0.120543
3 0.316953 0.365910 0.066969 0.119755
3 0.272477 0.453560 0.067203 0.125815
3 0.235031 0.624171 0.073875 0.127310
3 0.228578 0.734348 0.075687 0.128696
3 0.335375 0.762500 0.075813 0.122283
3 0.402906 0.863397 0.078156 0.133696
3 0.477070 0.851549 0.078766 0.110380
3 0.512500 0.580000 0.051875 0.127337
3 0.464633 0.556793 0.068203 0.102174
3 0.462734 0.471916 0.072344 0.100951
3 0.395188 0.306943 0.074031 0.083397
