0 0.531781 0.190815 0.063625 0.109511
0 0.444992 0.151304 0.068109 0.094076
0 0.474078 0.219307 0.061719 0.124538
0 0.509719 0.294511 0.070844 0.127826
0 0.631797 0.507704 0.059625 0.116114
0 0.641031 0.616889 0.063281 0.127364
0 0.411266 0.618315 0.080625 0.101739
0 0.408875 0.428641 0.071750 0.121196
0 0.325828 0.204783 0.061375 0.120924
2 0.493844 0.576155 0.070781 0.132255
2 0.589484 0.655258 0.068750 0.128668
2 0.531469 0.666997 0.069875 0.132255
2 0.463602 0.683193 0.071078 0.120462
2 0.368375 0.537147 0.071438 0.134837
2 0.543531 0.372799 0.058719 0.128696
2 0.393281 0.321576 0.056719 0.112935
4 0.274984 0.283166 0.064812 0.127473
4 0.236648 0.450177 0.075016 0.131114
4 0.361555 0.802989 0.062234 0.145870
4 0.430453 0.525421 0.069437 0.095136
4 0.356047 0.410462 0.053594 0.125272
4 0.445180 0.337880 0.073047 0.108696
1 0.386297 0.165530 0.063594 0.104103
1 0.567859 0.273397 0.063156 0.133261
1 0.612875 0.368111 0.070969 0.128288
1 0.586008 0.442065 0.059578 0.115435
1 0.590688 0.553614 0.068969 0.118859
1 0.288234 0.759606 0.080469 0.134266
1 0.311703 0.617976 0.074187 0.132473
1 0.316914 0.500462 0.066047 0.120543
3 0.336797 0.308859 0.066969 0.119783
3 0.295125 0.393777 0.067219 0.125815
3 0.255000 0.553709 0.073875 0.127310
3 0.248516 0.662962 0.077656 0.128696
3 0.362703 0.684891 0.079219 0.121033
3 0.426023 0.792446 0.076078 0.136522
3 0.507695 0.778424 0.082734 0.118750
3 0.538172 0.513410 0.051875 0.127310
3 0.484828 0.484810 0.072969 0.096304
3 0.486672 0.406902 0.072344 0.100978
3 0.417844 0.254932 0.074031 0.083397
