3 0.320448 0.315009 0.044781 0.079778
4 0.513594 0.241324 0.061813 0.086574
3 0.383263 0.273148 0.049297 0.086870
4 0.432828 0.251236 0.048312 0.101824
0 0.151596 0.307556 0.046370 0.072185
0 0.215615 0.331477 0.053156 0.085917
0 0.236180 0.259662 0.069786 0.083787
0 0.321625 0.230931 0.058958 0.066602
1 0.242018 0.426380 0.042526 0.073463
1 0.167945 0.371727 0.041797 0.072639
0 0.212596 0.195847 0.058953 0.058361
0 0.263695 0.214398 0.042526 0.068722
1 0.191172 0.248505 0.043490 0.082472
3 0.296703 0.161222 0.051229 0.069185
3 0.351911 0.148449 0.057990 0.071769
1 0.251302 0.341699 0.034792 0.068731
4 0.240987 0.133944 0.047359 0.068333
3 0.434742 0.971449 0.068224 0.057102
3 0.490344 0.648764 0.071521 0.115120
3 0.816422 0.943083 0.084156 0.080981
1 0.250643 0.943426 0.076099 0.113148
4 0.285750 0.649079 0.062823 0.101380
0 0.196255 0.420611 0.044865 0.087500
3 0.219951 0.545394 0.053151 0.103787
1 0.358258 0.533218 0.048141 0.083898
1 0.380174 0.542991 0.052859 0.073241
1 0.423586 0.454662 0.051755 0.100565
2 0.409878 0.354380 0.056401 0.088093
2 0.190833 0.631134 0.053354 0.096250
2 0.172586 0.469134 0.047755 0.077269
2 0.289193 0.439852 0.045365 0.081000
2 0.321195 0.486287 0.048891 0.080704
3 0.266281 0.501528 0.050510 0.094593
3 0.321586 0.589259 0.047932 0.091741
3 0.353294 0.364301 0.056224 0.088824
