0 0.529086 0.158954 0.065047 0.109538
0 0.435781 0.123410 0.068125 0.095462
0 0.467508 0.195285 0.059453 0.124538
0 0.503578 0.275204 0.070844 0.127799
0 0.638625 0.496889 0.059031 0.118016
0 0.648828 0.619579 0.063281 0.128288
0 0.406141 0.627840 0.078594 0.095788
0 0.400875 0.424837 0.067750 0.121196
0 0.308625 0.187201 0.061375 0.120924
2 0.488836 0.595421 0.074703 0.126929
2 0.592719 0.671848 0.068750 0.117935
2 0.527906 0.684796 0.058250 0.118125
2 0.457188 0.710883 0.071938 0.120408
2 0.354719 0.549266 0.062562 0.130435
2 0.538680 0.361875 0.057047 0.112065
2 0.380656 0.318451 0.052656 0.103533
4 0.257062 0.274715 0.064812 0.127473
4 0.217930 0.450842 0.073922 0.125815
4 0.354344 0.827677 0.057500 0.131549
4 0.420266 0.530476 0.069437 0.098125
4 0.340250 0.406168 0.053594 0.125272
4 0.440172 0.324321 0.068281 0.108696
1 0.372219 0.169823 0.063594 0.104103
1 0.568133 0.261196 0.055672 0.105978
1 0.611055 0.357582 0.062797 0.098641
1 0.586859 0.436549 0.054188 0.096141
1 0.590219 0.561236 0.067969 0.099755
1 0.275016 0.784457 0.066719 0.109457
1 0.301305 0.634470 0.073766 0.105408
1 0.299492 0.497663 0.057516 0.115761
3 0.321398 0.303302 0.066953 0.118342
3 0.278977 0.389592 0.065141 0.125815
3 0.238937 0.563424 0.072750 0.123478
3 0.232219 0.684837 0.077656 0.124783
3 0.351016 0.702731 0.079219 0.118125
3 0.422328 0.816440 0.074094 0.133207
3 0.505609 0.798342 0.079125 0.110435
3 0.537422 0.517446 0.051875 0.128804
3 0.480844 0.489511 0.072969 0.088098
3 0.480563 0.400163 0.072344 0.088207
3 0.407094 0.233220 0.074031 0.083397
