3 0.310643 0.719532 0.086016 0.137454
3 0.413635 0.299319 0.071521 0.115120
3 0.753969 0.780861 0.083115 0.142611
1 0.102615 0.538370 0.083115 0.132296
4 0.182117 0.260477 0.067651 0.109972
0 0.106453 0.029301 0.060313 0.058602
3 0.115083 0.129630 0.057990 0.117519
1 0.248266 0.108208 0.067271 0.092787
1 0.297044 0.173157 0.066109 0.098963
1 0.354070 0.113361 0.063786 0.111333
2 0.347891 0.025796 0.061469 0.051593
2 0.080305 0.206787 0.076547 0.113407
2 0.065482 0.052602 0.053349 0.105204
2 0.147503 0.031778 0.056828 0.053611
2 0.205628 0.038005 0.061464 0.076009
3 0.171432 0.111579 0.063792 0.101028
3 0.231414 0.203139 0.064974 0.113407
3 0.287865 0.029921 0.060313 0.059843
