0 0.549352 0.129864 0.062859 0.137989
0 0.455453 0.069484 0.068125 0.094076
0 0.488750 0.148139 0.061719 0.124538
0 0.520695 0.245000 0.066828 0.117174
0 0.656031 0.499429 0.059625 0.116141
0 0.663906 0.627527 0.063281 0.127337
0 0.414391 0.623981 0.080625 0.101712
0 0.415672 0.404402 0.071750 0.121196
0 0.317227 0.132283 0.061359 0.130380
2 0.499109 0.595068 0.070781 0.132255
2 0.600906 0.685285 0.068750 0.128668
2 0.537469 0.696984 0.069875 0.132283
2 0.465742 0.709117 0.071078 0.120462
2 0.363844 0.530448 0.071438 0.134864
2 0.559961 0.349158 0.059391 0.128696
2 0.393547 0.295802 0.056719 0.112962
4 0.262969 0.222486 0.064812 0.127473
4 0.224187 0.418682 0.075000 0.128777
4 0.358797 0.819701 0.062250 0.131141
4 0.430547 0.520285 0.067437 0.104701
4 0.351289 0.382731 0.053609 0.125299
4 0.457148 0.291087 0.073047 0.108696
1 0.381406 0.115883 0.063594 0.104103
1 0.589391 0.238872 0.063156 0.132147
1 0.631180 0.356372 0.070953 0.128288
1 0.601914 0.452011 0.059578 0.115435
1 0.603375 0.576073 0.068969 0.118886
1 0.271984 0.789810 0.080469 0.134239
1 0.299461 0.648234 0.074172 0.132500
1 0.299508 0.489348 0.066047 0.120543
3 0.330680 0.260394 0.066953 0.119755
3 0.287648 0.355462 0.067203 0.125815
3 0.244531 0.547323 0.073875 0.127310
3 0.239141 0.669334 0.077656 0.128723
3 0.354734 0.695747 0.079219 0.121005
3 0.426078 0.810217 0.076094 0.133696
3 0.512445 0.803723 0.082734 0.118750
3 0.552000 0.505530 0.051875 0.127310
3 0.496922 0.478193 0.072969 0.096277
3 0.495281 0.374986 0.072344 0.100951
3 0.421016 0.198179 0.074031 0.083370
