0 0.595227 0.207867 0.062859 0.137962
0 0.503367 0.155856 0.068109 0.098832
0 0.537992 0.232133 0.064516 0.122092
0 0.570781 0.315285 0.069625 0.124375
0 0.692391 0.561495 0.059625 0.116141
0 0.699937 0.676590 0.063281 0.127364
0 0.472508 0.671345 0.081203 0.093560
0 0.468688 0.468832 0.071750 0.121196
0 0.379773 0.216196 0.064141 0.130380
2 0.553781 0.635258 0.070031 0.132255
2 0.647469 0.721929 0.068750 0.128696
2 0.588438 0.731264 0.069875 0.132255
2 0.521648 0.750476 0.071078 0.120462
2 0.428969 0.579321 0.071437 0.134837
2 0.608898 0.412690 0.059391 0.128696
2 0.452328 0.357255 0.056719 0.112935
4 0.332633 0.300503 0.064828 0.127473
4 0.292156 0.474837 0.075000 0.128804
4 0.426766 0.859891 0.064281 0.131141
4 0.486617 0.573465 0.067453 0.104701
4 0.413141 0.445367 0.053594 0.125299
4 0.509844 0.365530 0.064906 0.122908
1 0.444969 0.187976 0.063594 0.104103
1 0.639328 0.303872 0.063156 0.132147
1 0.676719 0.408370 0.070969 0.128315
1 0.651867 0.506386 0.059578 0.115435
1 0.646898 0.610380 0.067641 0.105815
1 0.358297 0.802813 0.080469 0.134266
1 0.383414 0.668329 0.074172 0.132473
1 0.381398 0.546087 0.066047 0.120543
3 0.393211 0.333668 0.066953 0.119783
3 0.351539 0.422255 0.067203 0.125815
3 0.312172 0.598166 0.073875 0.127310
3 0.308125 0.711875 0.077656 0.128696
3 0.417953 0.743628 0.079219 0.121005
3 0.482469 0.848628 0.078156 0.133723
3 0.561742 0.841549 0.084141 0.118750
3 0.599062 0.563750 0.051875 0.127337
3 0.543828 0.531970 0.072969 0.096277
3 0.543547 0.438818 0.072344 0.100951
3 0.478109 0.272052 0.074031 0.083397
