0 0.313164 0.200285 0.075078 0.116929
0 0.290492 0.314348 0.071516 0.131739
0 0.332453 0.419103 0.077844 0.134837
0 0.385000 0.604864 0.072719 0.115978
0 0.652422 0.393003 0.065406 0.136766
0 0.581469 0.595041 0.071844 0.140190
0 0.520023 0.544538 0.066672 0.124565
0 0.474609 0.824688 0.080219 0.148397
0 0.396227 0.848193 0.076766 0.139158
3 0.428844 0.048886 0.077094 0.097772
3 0.367094 0.119198 0.077125 0.120353
3 0.424531 0.270122 0.062781 0.129158
3 0.404875 0.386073 0.068812 0.122527
3 0.540438 0.119443 0.074875 0.133234
3 0.585008 0.192446 0.075797 0.128533
3 0.641891 0.267867 0.071063 0.121821
3 0.467570 0.482690 0.076422 0.118370
3 0.455352 0.606603 0.070234 0.126793
3 0.327281 0.657228 0.071937 0.124185
3 0.333273 0.772106 0.080578 0.121332
4 0.532992 0.431535 0.069922 0.122038
4 0.598039 0.470014 0.072922 0.128016
4 0.628078 0.700340 0.078906 0.139321
4 0.321258 0.535788 0.077016 0.125272
4 0.482750 0.269715 0.075406 0.127201
4 0.501539 0.202541 0.076047 0.107527
2 0.513523 0.006929 0.077016 0.013859
2 0.497820 0.076236 0.072266 0.134212
2 0.359063 0.292120 0.076375 0.133043
2 0.421906 0.720679 0.075875 0.134348
2 0.545266 0.772133 0.077813 0.140951
2 0.246031 0.546875 0.078469 0.135652
1 0.225570 0.424511 0.079172 0.118967
1 0.256570 0.676046 0.080422 0.140462
1 0.513062 0.665082 0.068594 0.124185
1 0.437992 0.142962 0.072859 0.118043
1 0.569266 0.055082 0.072219 0.110163
1 0.597172 0.346304 0.060969 0.134293
1 0.539687 0.310312 0.064812 0.128940
1 0.474953 0.387418 0.076844 0.103641
2 0.389328 0.495666 0.076156 0.116712
