3 0.358872 0.220458 0.057568 0.089083
4 0.546474 0.148370 0.061812 0.086574
3 0.425867 0.177375 0.049297 0.086861
4 0.466383 0.151986 0.048318 0.101824
0 0.197083 0.219963 0.046375 0.090667
0 0.255745 0.251093 0.053156 0.085907
0 0.280833 0.182958 0.055281 0.083787
0 0.356799 0.152421 0.065005 0.083306
1 0.414320 0.474565 0.043745 0.079944
1 0.214667 0.268468 0.041792 0.072639
0 0.249430 0.116644 0.049286 0.058361
0 0.298154 0.127958 0.042526 0.068731
1 0.239617 0.171995 0.043495 0.082472
3 0.333732 0.075444 0.051224 0.069185
3 0.392526 0.072995 0.057990 0.071769
1 0.300578 0.249069 0.044479 0.081657
4 0.280167 0.051764 0.056417 0.081509
4 0.356534 0.315319 0.049245 0.085861
2 0.493370 0.311111 0.044510 0.070704
3 0.530328 0.817824 0.065198 0.084870
3 0.563391 0.580903 0.071521 0.115120
3 0.861451 0.927676 0.084318 0.112667
1 0.227669 0.939120 0.076099 0.121759
4 0.329154 0.554569 0.062828 0.101380
0 0.249370 0.321491 0.044865 0.087500
3 0.567773 0.381458 0.053151 0.110269
1 0.534435 0.493236 0.048141 0.083898
1 0.513794 0.533111 0.055245 0.094759
1 0.546034 0.291014 0.061786 0.111324
2 0.454078 0.270069 0.057625 0.086787
2 0.250547 0.511787 0.053354 0.096259
2 0.220776 0.379579 0.055813 0.102324
2 0.296784 0.348546 0.051224 0.070500
2 0.443753 0.488667 0.059745 0.095704
3 0.343125 0.445606 0.055250 0.092731
3 0.506612 0.391981 0.057630 0.089648
3 0.401044 0.266398 0.056224 0.088833
