0 0.520594 0.227935 0.063625 0.109511
0 0.436398 0.192391 0.068109 0.094076
0 0.463063 0.263166 0.061719 0.124538
0 0.495258 0.332120 0.066078 0.103152
0 0.612516 0.533247 0.059625 0.116114
0 0.623812 0.643614 0.063281 0.127337
0 0.402469 0.642758 0.080625 0.101712
0 0.398547 0.463424 0.071750 0.121196
0 0.318648 0.241318 0.061359 0.120951
2 0.481391 0.614117 0.070781 0.132255
2 0.571422 0.692921 0.068750 0.128668
2 0.513867 0.697323 0.069859 0.132255
2 0.449758 0.712568 0.071078 0.120462
2 0.356781 0.565802 0.071438 0.134864
2 0.526344 0.416141 0.058719 0.128696
2 0.383797 0.367255 0.056719 0.112935
4 0.273844 0.320054 0.064812 0.127446
4 0.235094 0.468492 0.075000 0.131114
4 0.355195 0.824185 0.062234 0.145870
4 0.419766 0.555937 0.069437 0.095136
4 0.347781 0.445679 0.053594 0.125272
4 0.438664 0.369375 0.073047 0.108696
1 0.381406 0.221318 0.063594 0.104103
1 0.551211 0.312649 0.063141 0.133234
1 0.594594 0.404688 0.070969 0.128288
1 0.573039 0.478995 0.059578 0.115435
1 0.568172 0.583057 0.068969 0.118886
1 0.287500 0.776413 0.080469 0.134239
1 0.310680 0.635421 0.074172 0.132473
1 0.311742 0.524620 0.066047 0.120543
3 0.328445 0.347962 0.066953 0.119783
3 0.292687 0.417826 0.067219 0.125815
3 0.255750 0.575883 0.073875 0.127310
3 0.248094 0.688030 0.077656 0.128723
3 0.354734 0.707962 0.079219 0.121033
3 0.416305 0.811780 0.076078 0.136549
3 0.495461 0.794266 0.082734 0.118750
3 0.527078 0.541780 0.051875 0.127310
3 0.474516 0.515421 0.072969 0.096277
3 0.472469 0.434633 0.072344 0.100951
3 0.410281 0.291019 0.074031 0.083397
