0 0.345047 0.236780 0.075094 0.116929
0 0.326406 0.347446 0.071531 0.131739
0 0.368492 0.442731 0.077828 0.134864
0 0.425656 0.621196 0.072719 0.115978
0 0.687641 0.406549 0.065406 0.136793
0 0.621516 0.601807 0.071844 0.140190
0 0.558664 0.561549 0.066672 0.124565
0 0.516961 0.841753 0.080234 0.148397
0 0.438242 0.871522 0.076766 0.143315
3 0.458273 0.083274 0.077109 0.108886
3 0.401023 0.159239 0.077109 0.120380
3 0.456484 0.300095 0.062781 0.129158
3 0.440047 0.410842 0.068812 0.122500
3 0.570227 0.149389 0.074859 0.133234
3 0.613836 0.217582 0.075797 0.128533
3 0.673508 0.290177 0.071078 0.121821
3 0.503273 0.499443 0.076422 0.118342
3 0.495086 0.622799 0.070234 0.126793
3 0.365969 0.675177 0.071938 0.124212
3 0.371641 0.799375 0.080563 0.121304
4 0.568906 0.443478 0.069906 0.122065
4 0.636141 0.489198 0.072938 0.128016
4 0.671656 0.707364 0.078906 0.139348
4 0.357609 0.557106 0.077000 0.125245
4 0.514602 0.291943 0.075391 0.127201
4 0.531336 0.232758 0.076047 0.107527
2 0.536867 0.029171 0.077016 0.058342
2 0.524523 0.115720 0.072266 0.134212
2 0.394297 0.323193 0.076375 0.133071
2 0.463234 0.742242 0.076563 0.134375
2 0.589961 0.788125 0.077828 0.140924
2 0.282242 0.570992 0.078453 0.135679
1 0.260727 0.453995 0.079172 0.118967
1 0.292586 0.704742 0.080422 0.140462
1 0.553594 0.677880 0.068594 0.134946
1 0.468477 0.185571 0.072859 0.118043
1 0.593609 0.084158 0.072219 0.110163
1 0.628766 0.362514 0.060969 0.134321
1 0.572000 0.336196 0.064813 0.128967
1 0.506781 0.393166 0.076844 0.103614
2 0.426156 0.513764 0.076156 0.116712
