0 0.343352 0.239742 0.075078 0.116929
0 0.322797 0.347405 0.071531 0.131766
0 0.365906 0.441223 0.077844 0.134837
0 0.421625 0.623071 0.072719 0.115978
0 0.684242 0.415408 0.065391 0.136793
0 0.618344 0.604959 0.071844 0.140190
0 0.555266 0.561549 0.066688 0.124565
0 0.510500 0.848247 0.080219 0.148397
0 0.432805 0.871793 0.076766 0.139130
3 0.455547 0.086427 0.077094 0.108886
3 0.398641 0.164959 0.077125 0.120353
3 0.453625 0.301427 0.062781 0.129158
3 0.437547 0.412418 0.068813 0.122500
3 0.566945 0.149783 0.074859 0.133207
3 0.609758 0.223478 0.075797 0.128533
3 0.669094 0.293927 0.071062 0.121821
3 0.495797 0.508505 0.076437 0.118370
3 0.491227 0.626739 0.070234 0.126793
3 0.363758 0.677255 0.071953 0.124185
3 0.368414 0.797011 0.080578 0.121304
4 0.564828 0.445054 0.069906 0.122065
4 0.630133 0.491562 0.072922 0.128016
4 0.667234 0.711495 0.078906 0.139348
4 0.353867 0.559769 0.077016 0.125245
4 0.509508 0.293723 0.075391 0.127228
4 0.527039 0.233152 0.076047 0.107554
2 0.533914 0.030584 0.077016 0.060245
2 0.521297 0.117201 0.072281 0.134185
2 0.390219 0.326739 0.076375 0.133043
2 0.459047 0.742242 0.075875 0.134375
2 0.586227 0.792853 0.077828 0.140924
2 0.278500 0.570992 0.078469 0.135679
1 0.259836 0.455163 0.079172 0.118967
1 0.293945 0.711236 0.080422 0.140462
1 0.548156 0.683533 0.068594 0.124185
1 0.464062 0.185272 0.072875 0.118043
1 0.589758 0.087717 0.072203 0.110163
1 0.623500 0.368438 0.060969 0.134321
1 0.566906 0.340625 0.064813 0.128967
1 0.504063 0.394742 0.076844 0.103614
2 0.422578 0.514647 0.076156 0.116739
