0 0.304852 0.245190 0.083578 0.128804
0 0.284555 0.362514 0.074234 0.135299
0 0.330477 0.462962 0.080234 0.140924
0 0.389570 0.651698 0.075422 0.128505
0 0.669297 0.416168 0.065406 0.136793
0 0.599062 0.630312 0.076531 0.140190
0 0.533359 0.582187 0.074219 0.132962
0 0.488828 0.890462 0.087625 0.155598
0 0.402766 0.918139 0.084281 0.147527
3 0.424969 0.086345 0.077094 0.108886
3 0.361664 0.160584 0.077109 0.120353
3 0.422000 0.306128 0.062781 0.129158
3 0.407391 0.423967 0.068812 0.122500
3 0.548477 0.155883 0.074859 0.133234
3 0.590859 0.226168 0.078344 0.128533
3 0.652313 0.293030 0.071063 0.121821
3 0.473188 0.524620 0.079281 0.124293
3 0.465789 0.651168 0.077016 0.133913
3 0.326562 0.711209 0.076000 0.133505
3 0.332453 0.843043 0.086563 0.134185
4 0.545016 0.461413 0.069906 0.122065
4 0.613914 0.499959 0.072922 0.128016
4 0.653523 0.741671 0.087641 0.152582
4 0.316609 0.585788 0.080469 0.144293
4 0.486266 0.292772 0.075406 0.127228
4 0.505508 0.231182 0.076047 0.107527
2 0.509133 0.031671 0.077016 0.062690
2 0.495961 0.121155 0.072266 0.134212
2 0.353734 0.330611 0.076375 0.133071
2 0.431234 0.778492 0.082000 0.134375
2 0.566055 0.833519 0.077828 0.152853
2 0.232445 0.598125 0.085984 0.140217
1 0.213180 0.474457 0.083891 0.118967
1 0.243898 0.743927 0.089203 0.148342
1 0.524180 0.712554 0.072047 0.134946
1 0.437531 0.192989 0.074469 0.118043
1 0.569203 0.086658 0.072219 0.110163
1 0.606773 0.374239 0.060984 0.139837
1 0.547719 0.350503 0.064812 0.128940
1 0.479281 0.410910 0.078906 0.103614
2 0.392750 0.537432 0.078125 0.121386
