0 0.527023 0.154484 0.065984 0.109511
0 0.433656 0.117568 0.068125 0.095462
0 0.465922 0.185938 0.057938 0.124538
0 0.501344 0.266372 0.070844 0.127799
0 0.634875 0.490856 0.058656 0.119266
0 0.644922 0.614280 0.063281 0.130136
0 0.403898 0.621359 0.078203 0.095815
0 0.399492 0.419918 0.067734 0.121196
0 0.307875 0.181046 0.061375 0.126766
2 0.485289 0.590109 0.073953 0.118750
2 0.588094 0.663845 0.068750 0.110734
2 0.523945 0.677840 0.057359 0.118125
2 0.453578 0.703709 0.070156 0.123288
2 0.353406 0.543682 0.062562 0.127473
2 0.536969 0.357840 0.055938 0.116712
2 0.379867 0.309049 0.052109 0.100489
4 0.254875 0.268546 0.065813 0.127473
4 0.217078 0.442840 0.073813 0.119918
4 0.352078 0.818315 0.057219 0.128098
4 0.420117 0.525543 0.069422 0.100707
4 0.339016 0.399864 0.053594 0.119402
4 0.437719 0.317473 0.067656 0.115707
1 0.369375 0.161223 0.063594 0.104076
1 0.565672 0.253859 0.055656 0.105978
1 0.609422 0.351427 0.063938 0.103342
1 0.582266 0.437215 0.055563 0.091223
1 0.588688 0.556155 0.066281 0.103397
1 0.274719 0.770421 0.060156 0.097310
1 0.300961 0.632432 0.073078 0.109484
1 0.299500 0.491304 0.056406 0.115978
3 0.320125 0.299416 0.066969 0.122038
3 0.278414 0.383424 0.065141 0.127609
3 0.238469 0.554823 0.072187 0.118614
3 0.232938 0.678220 0.077656 0.122201
3 0.349562 0.696630 0.079219 0.117880
3 0.419570 0.806821 0.073609 0.130978
3 0.501875 0.790217 0.076719 0.104891
3 0.535781 0.509701 0.051875 0.131304
3 0.478984 0.483832 0.072969 0.088098
3 0.477516 0.392880 0.072344 0.090598
3 0.405586 0.225421 0.074359 0.083397
