0 0.536133 0.170802 0.063609 0.109538
0 0.447984 0.130951 0.068125 0.094076
0 0.478781 0.196617 0.061719 0.124538
0 0.512984 0.277976 0.070844 0.127799
0 0.641766 0.482880 0.059625 0.116141
0 0.649625 0.607432 0.063281 0.127364
0 0.411672 0.608628 0.080625 0.101712
0 0.409008 0.414103 0.071766 0.121196
0 0.325375 0.183505 0.061375 0.120924
2 0.501828 0.571427 0.070781 0.132255
2 0.592078 0.653370 0.068750 0.128696
2 0.534031 0.665163 0.069875 0.132283
2 0.464961 0.682133 0.071078 0.120462
2 0.370641 0.522962 0.071438 0.134837
2 0.549422 0.353886 0.058719 0.128696
2 0.392359 0.309103 0.056719 0.112935
4 0.274984 0.261101 0.064812 0.127473
4 0.235742 0.426916 0.075016 0.131114
4 0.362383 0.800217 0.062234 0.145870
4 0.432219 0.513709 0.069437 0.095136
4 0.356047 0.395000 0.053594 0.125272
4 0.450805 0.321033 0.073047 0.108696
1 0.385031 0.140313 0.063594 0.104103
1 0.577828 0.263166 0.063156 0.133234
1 0.620719 0.356603 0.070969 0.128315
1 0.591008 0.434783 0.059578 0.115435
1 0.593859 0.537065 0.068969 0.118859
1 0.286750 0.758329 0.080469 0.134266
1 0.311023 0.603315 0.074172 0.132500
1 0.313789 0.478723 0.066047 0.120543
3 0.338156 0.288764 0.066969 0.119755
3 0.293766 0.379103 0.067219 0.125815
3 0.253031 0.539647 0.073875 0.127337
3 0.245703 0.655543 0.077656 0.128696
3 0.362328 0.679742 0.079219 0.121005
3 0.427281 0.791902 0.076094 0.136522
3 0.510414 0.777500 0.082734 0.118750
3 0.545203 0.498139 0.051875 0.127310
3 0.492156 0.472283 0.072969 0.096304
3 0.488484 0.385625 0.072344 0.100978
3 0.420563 0.236019 0.074031 0.083397
