3 0.370052 0.249574 0.053208 0.084074
4 0.543763 0.196963 0.063786 0.104444
3 0.425729 0.219106 0.058948 0.097583
4 0.468461 0.205782 0.043495 0.082472
0 0.198010 0.222958 0.046375 0.072176
0 0.259615 0.266347 0.053156 0.085917
0 0.287708 0.207597 0.040594 0.083787
0 0.361581 0.174759 0.058953 0.073056
1 0.301898 0.278051 0.042526 0.067009
1 0.208794 0.278375 0.040589 0.096213
0 0.258891 0.146630 0.058958 0.049796
0 0.308484 0.152731 0.042521 0.068722
1 0.244312 0.187310 0.043490 0.082472
3 0.349742 0.122222 0.051224 0.056296
3 0.398911 0.121792 0.057990 0.071769
1 0.320445 0.222000 0.034797 0.068722
4 0.291510 0.087963 0.047354 0.068333
3 0.441544 0.937750 0.081828 0.124500
3 0.514818 0.557801 0.071521 0.115120
3 0.788471 0.847171 0.083411 0.125009
1 0.275078 0.807352 0.083115 0.132296
4 0.323893 0.554782 0.067651 0.109972
0 0.243458 0.329537 0.044865 0.087500
3 0.259404 0.439111 0.053151 0.103796
1 0.367807 0.412435 0.067271 0.092778
1 0.413370 0.457449 0.066104 0.098972
1 0.459299 0.403940 0.063786 0.111343
2 0.450820 0.300694 0.062443 0.085926
2 0.235922 0.510185 0.053354 0.096259
2 0.219497 0.361056 0.056193 0.105204
2 0.286065 0.341551 0.042339 0.089083
2 0.333172 0.356389 0.048885 0.080704
3 0.299487 0.414032 0.063786 0.101028
3 0.365276 0.487273 0.060031 0.104620
3 0.396438 0.308236 0.067094 0.088824
