3 0.356010 0.337801 0.050917 0.089083
4 0.464542 0.257046 0.061812 0.086574
3 0.446888 0.338597 0.049297 0.086861
4 0.385448 0.266569 0.057802 0.101824
0 0.143234 0.356444 0.046375 0.090667
0 0.192917 0.384259 0.053156 0.090926
0 0.213159 0.322009 0.058620 0.071981
0 0.404081 0.549616 0.052693 0.074880
1 0.201036 0.661546 0.053490 0.088315
1 0.157117 0.427343 0.041797 0.086130
0 0.182117 0.262069 0.049286 0.058361
0 0.228737 0.255097 0.042526 0.068731
1 0.176385 0.318134 0.043490 0.082472
3 0.268523 0.208727 0.050286 0.065843
3 0.315474 0.182032 0.057990 0.071769
1 0.272620 0.545019 0.052094 0.093463
4 0.201187 0.171153 0.056417 0.079009
4 0.452083 0.628954 0.049240 0.085852
2 0.426914 0.393819 0.044505 0.090824
1 0.329904 0.326528 0.038849 0.087574
3 0.413036 0.460995 0.053979 0.085861
3 0.475378 0.902028 0.059661 0.104352
4 0.285326 0.681065 0.063453 0.087574
1 0.379333 0.622727 0.048271 0.094269
1 0.259461 0.932361 0.077630 0.114407
3 0.426565 0.983676 0.065453 0.032648
3 0.519716 0.715051 0.065203 0.107269
3 0.420643 0.698588 0.049755 0.093250
3 0.750180 0.965065 0.084318 0.069870
1 0.227669 0.939120 0.076099 0.121759
4 0.340956 0.520380 0.062828 0.101389
0 0.279846 0.423023 0.050599 0.094213
3 0.559253 0.475880 0.058828 0.110259
1 0.485789 0.625431 0.048141 0.083898
1 0.467107 0.710440 0.055245 0.094769
1 0.472289 0.413032 0.049474 0.094491
2 0.402068 0.342625 0.050979 0.086787
2 0.188776 0.476671 0.049990 0.079361
2 0.276044 0.285218 0.050172 0.078806
2 0.304956 0.268764 0.045453 0.075731
2 0.443753 0.488667 0.059745 0.095704
3 0.335919 0.566718 0.059016 0.099491
3 0.463776 0.511931 0.063313 0.103065
3 0.365250 0.438704 0.056219 0.088833
