4 0.531797 0.277663 0.075594 0.106739
0 0.329664 0.286603 0.086266 0.120652
0 0.305281 0.410380 0.076969 0.138859
0 0.352406 0.513791 0.082656 0.140897
0 0.413367 0.717894 0.075422 0.128505
0 0.698547 0.481712 0.068187 0.147337
0 0.625227 0.697649 0.076516 0.150734
0 0.559531 0.648940 0.074219 0.140000
0 0.510805 0.941712 0.087609 0.116576
0 0.421570 0.957541 0.084266 0.084918
3 0.451469 0.122405 0.077094 0.108886
3 0.388172 0.208451 0.077125 0.120380
3 0.451562 0.357568 0.072969 0.128016
3 0.430172 0.477799 0.072219 0.127337
3 0.572609 0.200231 0.074875 0.133234
3 0.617422 0.279905 0.078563 0.127418
3 0.683570 0.352133 0.075141 0.121821
3 0.496078 0.584688 0.082406 0.136223
3 0.487531 0.719728 0.077000 0.148098
3 0.349023 0.770897 0.082734 0.133478
3 0.352844 0.912785 0.086563 0.138940
4 0.570000 0.520870 0.073375 0.122065
4 0.639883 0.566712 0.077641 0.146902
4 0.681391 0.812541 0.087656 0.158342
4 0.337000 0.641929 0.080469 0.144293
4 0.512687 0.348098 0.076750 0.128750
2 0.536602 0.049660 0.077016 0.095788
2 0.521000 0.160747 0.072281 0.134212
2 0.379219 0.380217 0.079750 0.142446
2 0.452977 0.848668 0.087422 0.153370
2 0.592602 0.904443 0.083328 0.164647
2 0.252836 0.659307 0.085984 0.145516
1 0.232883 0.527649 0.083891 0.118940
1 0.266328 0.805340 0.089188 0.161223
1 0.550008 0.779307 0.072047 0.154973
1 0.463883 0.236712 0.076891 0.118043
1 0.599016 0.131563 0.072219 0.118560
1 0.633617 0.433927 0.060984 0.142582
1 0.568805 0.400910 0.074359 0.136114
1 0.500766 0.465204 0.078906 0.103614
2 0.415188 0.595992 0.078125 0.127201
