0 0.522188 0.227935 0.063625 0.109511
0 0.436000 0.191685 0.068125 0.094076
0 0.466828 0.261427 0.061719 0.124538
0 0.498766 0.333329 0.064156 0.104810
0 0.616820 0.548967 0.059609 0.116141
0 0.628422 0.656875 0.063281 0.127337
0 0.403969 0.657541 0.080625 0.101712
0 0.400125 0.468913 0.071750 0.121196
0 0.317188 0.244946 0.061375 0.120924
2 0.483047 0.628872 0.070781 0.132255
2 0.573125 0.702649 0.068750 0.128668
2 0.515828 0.707880 0.069875 0.132283
2 0.450516 0.729769 0.071094 0.120462
2 0.357562 0.580149 0.071438 0.134864
2 0.528477 0.423179 0.058703 0.128696
2 0.384477 0.371943 0.056703 0.112962
4 0.269750 0.328098 0.064812 0.127446
4 0.232555 0.489063 0.075016 0.131114
4 0.355570 0.840054 0.062234 0.145870
4 0.421055 0.568519 0.069422 0.095136
4 0.350148 0.457486 0.053609 0.125299
4 0.440594 0.374538 0.073062 0.108696
1 0.380109 0.225285 0.063594 0.104103
1 0.552422 0.320951 0.063156 0.132663
1 0.598000 0.409606 0.070969 0.128288
1 0.574461 0.485190 0.059578 0.115435
1 0.571219 0.594158 0.068969 0.118859
1 0.284859 0.800951 0.080469 0.134239
1 0.303867 0.656168 0.074172 0.132500
1 0.298977 0.531712 0.066047 0.120543
3 0.328883 0.353111 0.066953 0.119755
3 0.289508 0.435897 0.067203 0.125815
3 0.250094 0.595068 0.073875 0.127310
3 0.242531 0.706793 0.077656 0.128696
3 0.355797 0.728791 0.079219 0.121005
3 0.416148 0.832908 0.076078 0.136522
3 0.492070 0.813424 0.082734 0.118750
3 0.527297 0.551889 0.051875 0.127310
3 0.477000 0.526386 0.072969 0.096304
3 0.474828 0.441739 0.072344 0.100978
3 0.410500 0.292133 0.074031 0.083397
