0 0.494297 0.216182 0.062875 0.123723
0 0.403797 0.168859 0.068125 0.098859
0 0.436383 0.241590 0.064516 0.122092
0 0.467641 0.320598 0.069625 0.124402
0 0.588289 0.549484 0.059609 0.116141
0 0.595953 0.661019 0.063281 0.127364
0 0.376680 0.666019 0.081203 0.093560
0 0.370133 0.472962 0.071766 0.121196
0 0.283258 0.229198 0.064141 0.130408
2 0.448672 0.640394 0.070031 0.132255
2 0.536344 0.705380 0.068750 0.128696
2 0.480031 0.724171 0.069875 0.132255
2 0.415789 0.740448 0.071078 0.120462
2 0.326672 0.589171 0.071438 0.134864
2 0.500492 0.415353 0.059391 0.128696
2 0.350391 0.372052 0.060125 0.114103
4 0.240578 0.314687 0.060656 0.127473
4 0.201758 0.487255 0.075016 0.128804
4 0.326516 0.851630 0.064281 0.131141
4 0.387734 0.578193 0.067438 0.104701
4 0.314594 0.456005 0.053594 0.125272
4 0.408922 0.372609 0.064906 0.122935
1 0.342672 0.198628 0.063594 0.104103
1 0.524813 0.312160 0.063156 0.132147
1 0.564234 0.410136 0.070969 0.128315
1 0.535305 0.509918 0.059578 0.115435
1 0.541930 0.611046 0.065516 0.108016
1 0.246609 0.801223 0.080469 0.134239
1 0.276367 0.668329 0.074172 0.132473
1 0.264844 0.544321 0.066031 0.120543
3 0.298734 0.345489 0.066969 0.119783
3 0.259781 0.432283 0.067219 0.125815
3 0.220078 0.605258 0.073875 0.127310
3 0.215359 0.715435 0.077656 0.128696
3 0.323484 0.739497 0.079219 0.121005
3 0.384938 0.837405 0.078156 0.133723
3 0.463531 0.827364 0.084125 0.118750
3 0.496953 0.558723 0.051875 0.127337
3 0.441188 0.529008 0.072969 0.096277
3 0.442953 0.441182 0.072344 0.100951
3 0.378875 0.282106 0.074031 0.083397
