0 0.523000 0.242188 0.066906 0.123723
0 0.433867 0.201359 0.068109 0.098859
0 0.467984 0.272024 0.064500 0.122092
0 0.498398 0.351046 0.069641 0.124375
0 0.618977 0.578043 0.058234 0.116141
0 0.621773 0.691957 0.065297 0.127337
0 0.401484 0.690543 0.081188 0.093587
0 0.399711 0.498370 0.071766 0.121196
0 0.315883 0.259918 0.064141 0.130380
2 0.479609 0.661644 0.072000 0.133397
2 0.574750 0.741454 0.068750 0.118071
2 0.520477 0.746630 0.069859 0.132283
2 0.451516 0.769361 0.064187 0.120571
2 0.361453 0.609062 0.071438 0.134864
2 0.536055 0.444701 0.059391 0.128696
2 0.383586 0.398438 0.060141 0.114103
4 0.267766 0.340693 0.060656 0.127473
4 0.231828 0.508804 0.075000 0.128804
4 0.359812 0.878234 0.064281 0.131141
4 0.418086 0.601644 0.067453 0.104701
4 0.345688 0.480815 0.053594 0.125272
4 0.440172 0.398043 0.064906 0.122935
1 0.380062 0.225231 0.063594 0.104103
1 0.565594 0.340530 0.063156 0.132147
1 0.607508 0.434375 0.070953 0.128315
1 0.578977 0.533560 0.059578 0.115435
1 0.575227 0.632908 0.065516 0.107989
1 0.306141 0.834728 0.080469 0.134239
1 0.311930 0.697880 0.074172 0.132500
1 0.316836 0.571114 0.066047 0.120543
3 0.328297 0.370910 0.066969 0.119755
3 0.289687 0.456522 0.067219 0.125815
3 0.249641 0.623573 0.073875 0.127310
3 0.246586 0.737880 0.075672 0.128696
3 0.353219 0.765204 0.079219 0.121005
3 0.417898 0.866359 0.078172 0.133696
3 0.490062 0.855095 0.078750 0.110353
3 0.528891 0.585910 0.051875 0.127310
3 0.475172 0.559728 0.068219 0.102174
3 0.476266 0.475462 0.072344 0.100978
3 0.407078 0.309606 0.074031 0.083397
