0 0.530969 0.192948 0.063625 0.109538
0 0.444852 0.154375 0.068109 0.094076
0 0.473531 0.221209 0.061719 0.124538
0 0.509313 0.297120 0.070844 0.127826
0 0.631570 0.508886 0.059609 0.116141
0 0.639437 0.621617 0.063281 0.127364
0 0.412078 0.619035 0.080625 0.101712
0 0.409555 0.430408 0.071766 0.121196
0 0.326055 0.209117 0.061359 0.120951
2 0.493203 0.577351 0.070781 0.132255
2 0.588531 0.656209 0.068750 0.128668
2 0.531039 0.667310 0.069859 0.132283
2 0.463367 0.683356 0.071078 0.120462
2 0.368594 0.541087 0.071438 0.134837
2 0.542555 0.375951 0.058703 0.128696
2 0.393547 0.322989 0.056719 0.112935
4 0.275203 0.287500 0.064813 0.127446
4 0.237102 0.454117 0.075016 0.131114
4 0.361414 0.803451 0.062234 0.145870
4 0.430594 0.526834 0.069437 0.095136
4 0.356047 0.413043 0.053594 0.125272
4 0.445320 0.338832 0.073047 0.108696
1 0.386703 0.169063 0.063594 0.104103
1 0.567633 0.273791 0.063141 0.133234
1 0.611883 0.369837 0.070953 0.128315
1 0.585195 0.443016 0.059578 0.115435
1 0.589781 0.554796 0.068969 0.118886
1 0.288484 0.759823 0.080469 0.134266
1 0.311703 0.621046 0.074187 0.132473
1 0.317180 0.504728 0.066047 0.120543
3 0.336117 0.308859 0.066953 0.119783
3 0.295125 0.396359 0.067219 0.125815
3 0.255813 0.555122 0.073875 0.127310
3 0.249469 0.663886 0.077656 0.128696
3 0.362766 0.685747 0.079219 0.121005
3 0.425820 0.792541 0.076078 0.136549
3 0.507242 0.778587 0.082734 0.118750
3 0.537047 0.517351 0.051875 0.127310
3 0.483328 0.487649 0.072969 0.096277
3 0.486453 0.409266 0.072344 0.100978
3 0.417625 0.258465 0.074031 0.083397
