0 0.532023 0.133410 0.062859 0.137962
0 0.434719 0.084280 0.068125 0.091712
0 0.469047 0.160557 0.061719 0.124538
0 0.503367 0.255639 0.066828 0.117201
0 0.632242 0.505340 0.059609 0.116114
0 0.639781 0.629307 0.063281 0.127364
0 0.397898 0.627840 0.079578 0.099973
0 0.394945 0.417418 0.071766 0.121196
0 0.301945 0.148234 0.062766 0.130380
2 0.484125 0.583845 0.070031 0.132255
2 0.583750 0.673166 0.068750 0.128668
2 0.520297 0.677188 0.069875 0.132255
2 0.451133 0.700258 0.071078 0.120462
2 0.354328 0.529864 0.071438 0.134837
2 0.539570 0.353886 0.059391 0.128696
2 0.379266 0.297582 0.056719 0.112935
4 0.251422 0.239633 0.064813 0.127473
4 0.212633 0.430489 0.075016 0.128804
4 0.347070 0.822065 0.063266 0.131141
4 0.417297 0.525584 0.067437 0.104701
4 0.337695 0.388043 0.053609 0.125272
4 0.437773 0.307038 0.073047 0.108696
1 0.370203 0.112921 0.063594 0.104103
1 0.571594 0.231970 0.063156 0.132147
1 0.613000 0.331834 0.070969 0.128288
1 0.585258 0.442255 0.059578 0.115435
1 0.581969 0.558071 0.068312 0.112337
1 0.271984 0.763207 0.080469 0.134239
1 0.297430 0.619864 0.074172 0.132500
1 0.295430 0.484620 0.066047 0.120543
3 0.317422 0.271617 0.066969 0.119755
3 0.272703 0.365516 0.067219 0.125815
3 0.233656 0.552649 0.073875 0.127310
3 0.226234 0.675842 0.077656 0.128696
3 0.345906 0.697527 0.079219 0.121033
3 0.409430 0.817310 0.076078 0.133696
3 0.493758 0.797799 0.082734 0.118750
3 0.532969 0.510856 0.051875 0.127310
3 0.477547 0.478193 0.072969 0.096277
3 0.474906 0.386209 0.072344 0.100951
3 0.405391 0.203492 0.074031 0.083397
