3 0.385997 0.355926 0.050922 0.089074
4 0.483495 0.270611 0.061812 0.086574
3 0.469148 0.346815 0.049297 0.086870
4 0.405297 0.274648 0.057802 0.101815
0 0.176187 0.364120 0.046375 0.090667
0 0.234313 0.393495 0.053156 0.090917
0 0.255091 0.343421 0.058391 0.071991
0 0.447263 0.552310 0.052693 0.074880
1 0.229164 0.664574 0.053495 0.088315
1 0.201664 0.425324 0.041797 0.086130
0 0.218706 0.262472 0.049286 0.058352
0 0.265326 0.269644 0.042526 0.068731
1 0.204453 0.331366 0.043490 0.082472
3 0.295341 0.232565 0.050286 0.065833
3 0.345474 0.218796 0.057990 0.071759
1 0.307393 0.547444 0.052099 0.093463
4 0.243594 0.201903 0.056417 0.079009
4 0.468445 0.633398 0.049245 0.085852
2 0.454753 0.414602 0.044505 0.090833
1 0.353391 0.332583 0.038854 0.087574
3 0.455081 0.470426 0.053974 0.085852
3 0.475378 0.902028 0.059661 0.104352
4 0.309063 0.687352 0.063458 0.087574
1 0.409214 0.616162 0.048271 0.094269
1 0.297341 0.931282 0.077630 0.115620
3 0.464820 0.983681 0.065453 0.032639
3 0.555273 0.717412 0.065203 0.107269
3 0.454164 0.686468 0.049755 0.093250
3 0.801318 0.959509 0.084323 0.080981
1 0.227669 0.939120 0.076099 0.121759
4 0.340956 0.520380 0.062828 0.101389
0 0.319391 0.433935 0.050604 0.094222
3 0.595664 0.470773 0.058828 0.110269
1 0.511560 0.636731 0.048141 0.083907
1 0.498927 0.715495 0.055250 0.094769
1 0.512063 0.422125 0.049469 0.094491
2 0.422750 0.368282 0.050979 0.086787
2 0.225823 0.495255 0.049990 0.079361
2 0.294229 0.335218 0.050167 0.078806
2 0.323138 0.281468 0.045453 0.075731
2 0.443753 0.488667 0.059745 0.095704
3 0.361930 0.576597 0.059016 0.099491
3 0.503549 0.518662 0.063307 0.103065
3 0.395365 0.427843 0.056219 0.088833
